+DIST_DBG:6344539,556509AF,232,279,346,170,-85820,5,
+DIST:6344539,556509AF,232,279,346,170,-85820,5,
+MPOS:6344541,156,177,0
+DIST_DBG:6344547,1565010E,236,279,0,170,-91450,8,
+DIST:6344547,1565010E,236,279,0,170,-91450,8,
+MPOS:6344548,156,177,0
+DIST_DBG:6344555,556417A1,255,0,0,170,-82587,2,
+DIST:6344555,556417A1,255,0,0,170,-82587,2,
+MPOS:6344556,156,177,0
+DIST_DBG:6344562,156509A9,233,0,346,170,-89366,16,
+DIST:6344562,156509A9,233,0,346,170,-89366,16,
+MPOS:6344563,156,177,0
+DIST_DBG:6344570,556509AF,233,279,346,170,-86067,5,
+DIST:6344570,556509AF,233,279,346,170,-86067,5,
+MPOS:6344571,156,177,0
+DIST_DBG:6344578,1565010E,238,279,0,170,-91417,8,
+DIST:6344578,1565010E,238,279,0,170,-91417,8,
+MPOS:6344579,156,177,0
+DIST_DBG:6344585,556417A1,261,0,0,170,-82415,1,1
+DIST:6344585,556417A1,261,0,0,170,-82415,1,1
+MPOS:6344586,156,177,0
+DIST_DBG:6344593,156509A9,234,0,346,170,-89469,17,
+DIST:6344593,156509A9,234,0,346,170,-89469,17,
+MPOS:6344594,156,177,0
+DIST_DBG:6344601,556509AF,236,279,346,170,-85951,5,
+DIST:6344601,556509AF,236,279,346,170,-85951,5,
+MPOS:6344602,156,177,0
+DIST_DBG:6344608,1565010E,238,279,0,170,-91453,8,
+DIST:6344608,1565010E,238,279,0,170,-91453,8,
+MPOS:6344609,156,176,0
+DIST_DBG:6344616,556417A1,260,0,0,170,-83517,2,1
+DIST:6344616,556417A1,260,0,0,170,-83517,2,1
+MPOS:6344617,156,176,0
+DIST_DBG:6344624,156509A9,231,0,346,170,-89889,19,
+DIST:6344624,156509A9,231,0,346,170,-89889,19,
+MPOS:6344625,157,176,0
+DIST_DBG:6344631,556509AF,234,279,346,170,-85550,6,
+DIST:6344631,556509AF,234,279,346,170,-85550,6,
+MPOS:6344632,157,176,0
+DIST_DBG:6344639,1565010E,240,279,0,170,-91443,8,
+DIST:6344639,1565010E,240,279,0,170,-91443,8,
+MPOS:6344640,157,176,0
+DIST_DBG:6344647,556417A1,261,0,0,170,-82571,4,
+DIST:6344647,556417A1,261,0,0,170,-82571,4,
+MPOS:6344648,157,176,0
+DIST_DBG:6344654,156509A9,232,0,346,170,-90044,16,
+DIST:6344654,156509A9,232,0,346,170,-90044,16,
+MPOS:6344655,157,176,0
+DIST_DBG:6344662,556509AF,229,279,346,170,-85950,6,
+DIST:6344662,556509AF,229,279,346,170,-85950,6,
+MPOS:6344663,157,176,0
+DIST_DBG:6344669,1565010E,238,279,0,170,-91675,8,
+DIST:6344669,1565010E,238,279,0,170,-91675,8,
+MPOS:6344671,157,176,0
+DIST_DBG:6344677,556417A1,257,0,0,170,-83461,3,
+DIST:6344677,556417A1,257,0,0,170,-83461,3,
+MPOS:6344678,157,177,0
+DIST_DBG:6344685,156509A9,237,0,346,170,-89971,11,
+DIST:6344685,156509A9,237,0,346,170,-89971,11,
+MPOS:6344686,157,177,0
+DIST_DBG:6344692,556509AF,229,279,346,170,-85593,6,
+DIST:6344692,556509AF,229,279,346,170,-85593,6,
+MPOS:6344694,157,177,0
+DIST_DBG:6344700,1565010E,239,279,0,170,-91784,7,
+DIST:6344700,1565010E,239,279,0,170,-91784,7,
+MPOS:6344701,157,177,0
+DIST_DBG:6344708,556417A1,255,0,0,170,-83594,2,1
+DIST:6344708,556417A1,255,0,0,170,-83594,2,1
+MPOS:6344709,156,177,0
+DIST_DBG:6344716,156509A9,229,0,346,170,-89216,19,
+DIST:6344716,156509A9,229,0,346,170,-89216,19,
+MPOS:6344717,156,177,0
+DIST_DBG:6344723,556509AF,230,279,346,170,-85429,6,
+DIST:6344723,556509AF,230,279,346,170,-85429,6,
+MPOS:6344724,156,177,0
+DIST_DBG:6344731,1565010E,238,279,0,170,-91586,8,
+DIST:6344731,1565010E,238,279,0,170,-91586,8,
+MPOS:6344732,156,177,0
+DIST_DBG:6344738,556417A1,258,0,0,170,-83198,3,
+DIST:6344738,556417A1,258,0,0,170,-83198,3,
+MPOS:6344739,156,177,0
+DIST_DBG:6345628,556509AF,228,279,346,170,-85540,5,
+DIST:6345628,556509AF,228,279,346,170,-85540,5,
+MPOS:6345629,157,178,0
+DIST_DBG:6345636,1565010E,238,279,0,170,-91764,8,
+DIST:6345636,1565010E,238,279,0,170,-91764,8,
+MPOS:6345637,157,178,0
+DIST_DBG:6345644,556417A1,257,0,0,170,-83503,4,
+DIST:6345644,556417A1,257,0,0,170,-83503,4,
+MPOS:6345645,157,178,0
+DIST_DBG:6345651,156509A9,233,0,346,170,-89310,10,
+DIST:6345651,156509A9,233,0,346,170,-89310,10,
+MPOS:6345652,156,178,0
+DIST_DBG:6345659,556509AF,234,279,346,170,-85834,5,
+DIST:6345659,556509AF,234,279,346,170,-85834,5,
+MPOS:6345660,156,178,0
+DIST_DBG:6345666,1565010E,237,279,0,170,-91508,8,
+DIST:6345666,1565010E,237,279,0,170,-91508,8,
+MPOS:6345668,156,178,0
+DIST_DBG:6345674,556417A1,260,0,0,170,-83614,2,
+DIST:6345674,556417A1,260,0,0,170,-83614,2,
+MPOS:6345675,157,178,0
+DIST_DBG:6345682,156509A9,233,0,346,170,-89748,11,
+DIST:6345682,156509A9,233,0,346,170,-89748,11,
+MPOS:6345683,157,178,0
+DIST_DBG:6345690,556509AF,232,279,346,170,-85467,5,
+DIST:6345690,556509AF,232,279,346,170,-85467,5,
+MPOS:6345691,157,178,0
+DIST_DBG:6345697,1565010E,240,279,0,170,-91351,8,
+DIST:6345697,1565010E,240,279,0,170,-91351,8,
+MPOS:6345698,157,178,0
+DIST_DBG:6345705,556417A1,259,0,0,170,-83068,1,1
+DIST:6345705,556417A1,259,0,0,170,-83068,1,1
+MPOS:6345706,157,178,0
+DIST_DBG:6345712,156509A9,233,0,346,170,-90119,19,
+DIST:6345712,156509A9,233,0,346,170,-90119,19,
+MPOS:6345714,157,178,0
+DIST_DBG:6345720,556509AF,233,279,346,170,-85875,6,
+DIST:6345720,556509AF,233,279,346,170,-85875,6,
+MPOS:6345721,157,178,0
+DIST_DBG:6345728,1565010E,239,279,0,170,-91638,8,
+DIST:6345728,1565010E,239,279,0,170,-91638,8,
+MPOS:6345729,156,178,0
+DIST_DBG:6345735,556417A1,256,0,0,170,-83074,2,
+DIST:6345735,556417A1,256,0,0,170,-83074,2,
+MPOS:6345737,156,178,0
+DIST_DBG:6345743,156509A9,232,0,346,170,-89431,10,
+DIST:6345743,156509A9,232,0,346,170,-89431,10,
+MPOS:6345744,156,178,0
+DIST_DBG:6345751,556509AF,235,279,346,170,-86088,5,
+DIST:6345751,556509AF,235,279,346,170,-86088,5,
+MPOS:6345752,156,178,0
+DIST_DBG:6345758,1565010E,239,279,0,170,-91406,7,
+DIST:6345758,1565010E,239,279,0,170,-91406,7,
+MPOS:6345759,156,178,0
+DIST_DBG:6345766,556417A1,256,0,0,170,-83260,2,
+DIST:6345766,556417A1,256,0,0,170,-83260,2,
+MPOS:6345767,156,177,0
+DIST_DBG:6345774,156509A9,234,0,346,170,-89623,17,
+DIST:6345774,156509A9,234,0,346,170,-89623,17,
+MPOS:6345775,156,177,0
+DIST_DBG:6345781,556509AF,233,279,346,170,-85685,5,
+DIST:6345781,556509AF,233,279,346,170,-85685,5,
+MPOS:6345782,156,177,0
+DIST_DBG:6345789,1565010E,236,279,0,170,-92164,8,
+DIST:6345789,1565010E,236,279,0,170,-92164,8,
+MPOS:6345790,156,177,0
+DIST_DBG:6345796,556417A1,256,0,0,170,-83086,3,
+DIST:6345796,556417A1,256,0,0,170,-83086,3,
+MPOS:6345798,156,177,0
+DIST_DBG:6345804,156509A9,231,0,346,170,-89471,19,
+DIST:6345804,156509A9,231,0,346,170,-89471,19,
+MPOS:6345805,156,177,0
+DIST_DBG:6345812,556509AF,232,279,346,170,-85793,6,
+DIST:6345812,556509AF,232,279,346,170,-85793,6,
+MPOS:6345813,156,177,0
+DIST_DBG:6345820,1565010E,237,279,0,170,-91547,8,
+DIST:6345820,1565010E,237,279,0,170,-91547,8,
+MPOS:6345821,156,177,0
+DIST_DBG:6345827,556417A1,257,0,0,170,-83361,4,
+DIST:6345827,556417A1,257,0,0,170,-83361,4,
+MPOS:6345828,156,177,0
+DIST_DBG:6345835,156509A9,233,0,346,170,-89582,16,
+DIST:6345835,156509A9,233,0,346,170,-89582,16,
+MPOS:6345836,156,177,0
+DIST_DBG:6345843,556509AF,237,279,346,170,-85492,5,
+DIST:6345843,556509AF,237,279,346,170,-85492,5,
+MPOS:6345844,156,177,0
+DIST_DBG:6345850,1565010E,238,279,0,170,-92064,8,
+DIST:6345850,1565010E,238,279,0,170,-92064,8,
+MPOS:6345851,156,177,0
+DIST_DBG:6345858,556417A1,258,0,0,170,-82598,2,
+DIST:6345858,556417A1,258,0,0,170,-82598,2,
+MPOS:6345859,156,176,0
+DIST_DBG:6345865,156509A9,234,0,346,170,-89372,10,
+DIST:6345865,156509A9,234,0,346,170,-89372,10,
+MPOS:6345867,156,176,0
+DIST_DBG:6345873,556509AF,236,279,346,170,-85698,6,
+DIST:6345873,556509AF,236,279,346,170,-85698,6,
+MPOS:6345874,156,176,0
+DIST_DBG:6345881,1565010E,237,279,0,170,-91326,8,
+DIST:6345881,1565010E,237,279,0,170,-91326,8,
+MPOS:6345882,156,176,0
+DIST_DBG:6345888,556417A1,263,0,0,170,-82810,3,
+DIST:6345888,556417A1,263,0,0,170,-82810,3,
+MPOS:6345889,156,176,0
+DIST_DBG:6345896,156509A9,232,0,346,170,-89915,19,
+DIST:6345896,156509A9,232,0,346,170,-89915,19,
+MPOS:6345897,156,176,0
+DIST_DBG:6345904,556509AF,230,279,346,170,-85510,6,
+DIST:6345904,556509AF,230,279,346,170,-85510,6,
+MPOS:6345905,156,176,0
+DIST_DBG:6345911,1565010E,237,279,0,170,-91295,8,
+DIST:6345911,1565010E,237,279,0,170,-91295,8,
+MPOS:6345912,157,176,0
+DIST_DBG:6345919,556417A1,259,0,0,170,-83495,2,
+DIST:6345919,556417A1,259,0,0,170,-83495,2,
+MPOS:6345920,157,176,0
+DIST_DBG:6346802,156509A9,231,0,346,170,-89715,10,
+DIST:6346802,156509A9,231,0,346,170,-89715,10,
+MPOS:6346803,156,177,0
+DIST_DBG:6346809,556509AF,232,279,346,170,-85777,6,
+DIST:6346809,556509AF,232,279,346,170,-85777,6,
+MPOS:6346810,156,177,0
+DIST_DBG:6346817,1565010E,240,279,0,170,-91623,7,
+DIST:6346817,1565010E,240,279,0,170,-91623,7,
+MPOS:6346818,156,177,0
+DIST_DBG:6346824,556417A1,261,0,0,170,-82741,1,1
+DIST:6346824,556417A1,261,0,0,170,-82741,1,1
+MPOS:6346826,156,177,0
+DIST_DBG:6346832,156509A9,236,0,346,170,-89711,17,
+DIST:6346832,156509A9,236,0,346,170,-89711,17,
+MPOS:6346833,156,177,0
+DIST_DBG:6346840,556509AF,233,279,346,170,-85423,6,
+DIST:6346840,556509AF,233,279,346,170,-85423,6,
+MPOS:6346841,156,177,0
+DIST_DBG:6346847,1565010E,239,279,0,170,-91591,8,
+DIST:6346847,1565010E,239,279,0,170,-91591,8,
+MPOS:6346849,157,177,0
+DIST_DBG:6346855,556417A1,256,0,0,170,-82811,1,1
+DIST:6346855,556417A1,256,0,0,170,-82811,1,1
+MPOS:6346856,156,177,0
+DIST_DBG:6346863,156509A9,236,0,346,170,-90261,11,
+DIST:6346863,156509A9,236,0,346,170,-90261,11,
+MPOS:6346864,156,177,0
+DIST_DBG:6346870,556509AF,230,279,346,170,-85921,6,
+DIST:6346870,556509AF,230,279,346,170,-85921,6,
+MPOS:6346871,156,177,0
+DIST_DBG:6346878,1565010E,237,279,0,170,-91390,8,
+DIST:6346878,1565010E,237,279,0,170,-91390,8,
+MPOS:6346879,156,177,0
+DIST_DBG:6346886,556417A1,262,0,0,170,-82780,1,1
+DIST:6346886,556417A1,262,0,0,170,-82780,1,1
+MPOS:6346887,156,177,0
+DIST_DBG:6346893,156509A9,230,0,346,170,-90317,17,
+DIST:6346893,156509A9,230,0,346,170,-90317,17,
+MPOS:6346895,157,177,0
+DIST_DBG:6346901,556509AF,228,279,346,170,-85655,6,
+DIST:6346901,556509AF,228,279,346,170,-85655,6,
+MPOS:6346902,157,177,0
+DIST_DBG:6346909,1565010E,236,279,0,170,-91507,8,
+DIST:6346909,1565010E,236,279,0,170,-91507,8,
+MPOS:6346910,157,177,0
+DIST_DBG:6346916,556417A1,258,0,0,170,-83625,2,1
+DIST:6346916,556417A1,258,0,0,170,-83625,2,1
+MPOS:6346917,157,177,0
+DIST_DBG:6346924,156509A9,233,0,346,170,-88982,10,
+DIST:6346924,156509A9,233,0,346,170,-88982,10,
+MPOS:6346925,157,177,0
+DIST_DBG:6346932,556509AF,227,279,346,170,-85916,6,
+DIST:6346932,556509AF,227,279,346,170,-85916,6,
+MPOS:6346933,157,177,0
+DIST_DBG:6346939,1565010E,238,279,0,170,-91445,8,
+DIST:6346939,1565010E,238,279,0,170,-91445,8,
+MPOS:6346940,157,178,0
+DIST_DBG:6346947,556417A1,257,0,0,170,-83490,2,
+DIST:6346947,556417A1,257,0,0,170,-83490,2,
+MPOS:6346948,157,178,0
+DIST_DBG:6346955,156509A9,236,0,346,170,-89068,17,
+DIST:6346955,156509A9,236,0,346,170,-89068,17,
+MPOS:6346956,157,178,0
+DIST_DBG:6346962,556509AF,229,279,346,170,-85522,6,
+DIST:6346962,556509AF,229,279,346,170,-85522,6,
+MPOS:6346963,157,178,0
+DIST_DBG:6346970,1565010E,240,279,0,170,-91352,8,
+DIST:6346970,1565010E,240,279,0,170,-91352,8,
+MPOS:6346971,157,178,0
+DIST_DBG:6346977,556417A1,258,0,0,170,-82984,3,
+DIST:6346977,556417A1,258,0,0,170,-82984,3,
+MPOS:6346979,157,178,0
+DIST_DBG:6346985,156509A9,231,0,346,170,-90416,18,
+DIST:6346985,156509A9,231,0,346,170,-90416,18,
+MPOS:6346986,157,178,0
+DIST_DBG:6346993,556509AF,231,279,346,170,-85536,6,
+DIST:6346993,556509AF,231,279,346,170,-85536,6,
+MPOS:6346994,157,178,0
+DIST_DBG:6347000,1565010E,237,279,0,170,-91416,8,
+DIST:6347000,1565010E,237,279,0,170,-91416,8,
+MPOS:6347002,157,178,0
+DIST_DBG:6347008,556417A1,255,0,0,170,-83225,2,
+DIST:6347008,556417A1,255,0,0,170,-83225,2,
+MPOS:6347009,157,178,0
+DIST_DBG:6347016,156509A9,234,0,346,170,-89857,16,
+DIST:6347016,156509A9,234,0,346,170,-89857,16,
+MPOS:6347017,156,178,0
+DIST_DBG:6347024,556509AF,229,279,346,170,-85812,6,
+DIST:6347024,556509AF,229,279,346,170,-85812,6,
+MPOS:6347025,156,178,0
+DIST_DBG:6347031,1565010E,239,279,0,170,-91802,7,
+DIST:6347031,1565010E,239,279,0,170,-91802,7,
+MPOS:6347032,156,178,0
+DIST_DBG:6347039,556417A1,257,0,0,170,-83644,2,
+DIST:6347039,556417A1,257,0,0,170,-83644,2,
+MPOS:6347040,156,178,0
+DIST_DBG:6347047,156509A9,235,0,346,170,-89092,16,
+DIST:6347047,156509A9,235,0,346,170,-89092,16,
+MPOS:6347048,156,178,0
+DIST_DBG:6347054,556509AF,230,279,346,170,-85468,6,
+DIST:6347054,556509AF,230,279,346,170,-85468,6,
+MPOS:6347055,156,178,0
+DIST_DBG:6347062,1565010E,239,279,0,170,-91440,7,
+DIST:6347062,1565010E,239,279,0,170,-91440,7,
+MPOS:6347063,156,178,0
+DIST_DBG:6347069,556417A1,257,0,0,170,-82394,1,1
+DIST:6347069,556417A1,257,0,0,170,-82394,1,1
+MPOS:6347071,156,178,0
+DIST_DBG:6347077,156509A9,231,0,346,170,-89738,11,
+DIST:6347077,156509A9,231,0,346,170,-89738,11,
+MPOS:6347078,156,178,0
+DIST_DBG:6347085,556509AF,232,279,346,170,-85432,5,
+DIST:6347085,556509AF,232,279,346,170,-85432,5,
+MPOS:6347086,156,178,0
+DIST_DBG:6347092,1565010E,238,279,0,170,-91405,8,
+DIST:6347092,1565010E,238,279,0,170,-91405,8,
+MPOS:6347093,156,178,0
+DIST_DBG:6347976,556417A1,258,0,0,170,-83072,1,1
+DIST:6347976,556417A1,258,0,0,170,-83072,1,1
+MPOS:6347977,156,178,0
+DIST_DBG:6347983,156509A9,233,0,346,170,-89086,17,
+DIST:6347983,156509A9,233,0,346,170,-89086,17,
+MPOS:6347985,156,178,0
+DIST_DBG:6347991,556509AF,233,279,346,170,-85609,6,
+DIST:6347991,556509AF,233,279,346,170,-85609,6,
+MPOS:6347992,156,178,0
+DIST_DBG:6347999,1565010E,238,279,0,170,-91812,7,
+DIST:6347999,1565010E,238,279,0,170,-91812,7,
+MPOS:6348000,156,177,0
+DIST_DBG:6348006,556417A1,254,0,0,170,-83705,2,1
+DIST:6348006,556417A1,254,0,0,170,-83705,2,1
+MPOS:6348007,156,177,0
+DIST_DBG:6348014,156509A9,233,0,346,170,-90107,19,
+DIST:6348014,156509A9,233,0,346,170,-90107,19,
+MPOS:6348015,156,177,0
+DIST_DBG:6348022,556509AF,230,279,346,170,-85606,6,
+DIST:6348022,556509AF,230,279,346,170,-85606,6,
+MPOS:6348023,155,177,0
+DIST_DBG:6348029,1565010E,238,279,0,170,-91638,7,
+DIST:6348029,1565010E,238,279,0,170,-91638,7,
+MPOS:6348030,155,177,0
+DIST_DBG:6348037,556417A1,259,0,0,170,-82495,1,1
+DIST:6348037,556417A1,259,0,0,170,-82495,1,1
+MPOS:6348038,155,177,0
+DIST_DBG:6348045,156509A9,232,0,346,170,-89483,16,
+DIST:6348045,156509A9,232,0,346,170,-89483,16,
+MPOS:6348046,156,177,0
+DIST_DBG:6348052,556509AF,229,279,346,170,-85382,5,
+DIST:6348052,556509AF,229,279,346,170,-85382,5,
+MPOS:6348053,156,177,0
+DIST_DBG:6348060,1565010E,238,279,0,170,-91892,8,
+DIST:6348060,1565010E,238,279,0,170,-91892,8,
+MPOS:6348061,156,177,0
+DIST_DBG:6348067,556417A1,258,0,0,170,-83395,3,
+DIST:6348067,556417A1,258,0,0,170,-83395,3,
+MPOS:6348069,156,177,0
+DIST_DBG:6348075,156509A9,236,0,346,170,-88995,11,
+DIST:6348075,156509A9,236,0,346,170,-88995,11,
+MPOS:6348076,156,177,0
+DIST_DBG:6348083,556509AF,231,279,346,170,-85301,6,
+DIST:6348083,556509AF,231,279,346,170,-85301,6,
+MPOS:6348084,156,177,0
+DIST_DBG:6348090,1565010E,239,279,0,170,-91840,8,
+DIST:6348090,1565010E,239,279,0,170,-91840,8,
+MPOS:6348092,156,177,0
+DIST_DBG:6348098,556417A1,259,0,0,170,-83611,2,1
+DIST:6348098,556417A1,259,0,0,170,-83611,2,1
+MPOS:6348099,156,178,0
+DIST_DBG:6348106,156509A9,232,0,346,170,-89336,19,
+DIST:6348106,156509A9,232,0,346,170,-89336,19,
+MPOS:6348107,156,178,0
+DIST_DBG:6348114,556509AF,227,279,346,170,-85502,5,
+DIST:6348114,556509AF,227,279,346,170,-85502,5,
+MPOS:6348115,156,178,0
+DIST_DBG:6348121,1565010E,238,279,0,170,-91994,8,
+DIST:6348121,1565010E,238,279,0,170,-91994,8,
+MPOS:6348122,156,178,0
+DIST_DBG:6348129,556417A1,260,0,0,170,-82543,2,
+DIST:6348129,556417A1,260,0,0,170,-82543,2,
+MPOS:6348130,156,178,0
+DIST_DBG:6348136,156509A9,230,0,346,170,-89559,10,
+DIST:6348136,156509A9,230,0,346,170,-89559,10,
+MPOS:6348138,156,178,0
+DIST_DBG:6348144,556509AF,230,279,346,170,-85377,5,
+DIST:6348144,556509AF,230,279,346,170,-85377,5,
+MPOS:6348145,156,178,0
+DIST_DBG:6348152,1565010E,238,279,0,170,-91475,8,
+DIST:6348152,1565010E,238,279,0,170,-91475,8,
+MPOS:6348153,156,178,0
+DIST_DBG:6348159,556417A1,257,0,0,170,-82905,1,1
+DIST:6348159,556417A1,257,0,0,170,-82905,1,1
+MPOS:6348160,156,178,0
+DIST_DBG:6348167,156509A9,236,0,346,170,-89085,16,
+DIST:6348167,156509A9,236,0,346,170,-89085,16,
+MPOS:6348168,156,178,0
+DIST_DBG:6348175,556509AF,233,279,346,170,-86091,5,
+DIST:6348175,556509AF,233,279,346,170,-86091,5,
+MPOS:6348176,156,178,0
+DIST_DBG:6348182,1565010E,238,279,0,170,-91472,8,
+DIST:6348182,1565010E,238,279,0,170,-91472,8,
+MPOS:6348183,156,178,0
+DIST_DBG:6348190,556417A1,256,0,0,170,-83146,2,
+DIST:6348190,556417A1,256,0,0,170,-83146,2,
+MPOS:6348191,156,178,0
+DIST_DBG:6348198,156509A9,234,0,346,170,-89298,19,
+DIST:6348198,156509A9,234,0,346,170,-89298,19,
+MPOS:6348199,156,178,0
+DIST_DBG:6348205,556509AF,233,279,346,170,-85925,5,
+DIST:6348205,556509AF,233,279,346,170,-85925,5,
+MPOS:6348206,156,178,0
+DIST_DBG:6348213,1565010E,239,279,0,170,-91426,7,
+DIST:6348213,1565010E,239,279,0,170,-91426,7,
+MPOS:6348214,156,178,0
+DIST_DBG:6348220,556417A1,258,0,0,170,-83109,2,
+DIST:6348220,556417A1,258,0,0,170,-83109,2,
+MPOS:6348222,156,178,0
+DIST_DBG:6348228,156509A9,235,0,346,170,-89551,10,
+DIST:6348228,156509A9,235,0,346,170,-89551,10,
+MPOS:6348229,156,177,0
+DIST_DBG:6348236,556509AF,230,279,346,170,-85675,5,
+DIST:6348236,556509AF,230,279,346,170,-85675,5,
+MPOS:6348237,156,178,0
+DIST_DBG:6348244,1565010E,238,279,0,170,-91633,7,
+DIST:6348244,1565010E,238,279,0,170,-91633,7,
+MPOS:6348245,156,178,0
+DIST_DBG:6348251,556417A1,259,0,0,170,-83167,2,
+DIST:6348251,556417A1,259,0,0,170,-83167,2,
+MPOS:6348252,156,178,0
+DIST_DBG:6348259,156509A9,234,0,346,170,-89459,16,
+DIST:6348259,156509A9,234,0,346,170,-89459,16,
+MPOS:6348260,156,178,0
+DIST_DBG:6348266,556509AF,235,279,346,170,-85669,6,
+DIST:6348266,556509AF,235,279,346,170,-85669,6,
+MPOS:6348267,156,177,0
+MPOS:6349151,156,177,0
+DIST_DBG:6349157,556417A1,258,0,0,170,-83559,2,1
+DIST:6349157,556417A1,258,0,0,170,-83559,2,1
+MPOS:6349159,156,177,0
+DIST_DBG:6349165,156509A9,229,0,346,170,-89546,16,
+DIST:6349165,156509A9,229,0,346,170,-89546,16,
+MPOS:6349166,156,176,0
+DIST_DBG:6349173,556509AF,233,279,346,170,-86046,5,
+DIST:6349173,556509AF,233,279,346,170,-86046,5,
+MPOS:6349174,156,176,0
+DIST_DBG:6349180,1565010E,238,279,0,170,-91855,8,
+DIST:6349180,1565010E,238,279,0,170,-91855,8,
+MPOS:6349182,156,176,0
+DIST_DBG:6349188,556417A1,259,0,0,170,-83613,2,
+DIST:6349188,556417A1,259,0,0,170,-83613,2,
+MPOS:6349189,156,176,0
+DIST_DBG:6349196,156509A9,236,0,346,170,-89098,16,
+DIST:6349196,156509A9,236,0,346,170,-89098,16,
+MPOS:6349197,157,176,0
+DIST_DBG:6349204,556509AF,233,279,346,170,-86144,5,
+DIST:6349204,556509AF,233,279,346,170,-86144,5,
+MPOS:6349205,157,176,0
+DIST_DBG:6349211,1565010E,240,279,0,170,-91452,7,
+DIST:6349211,1565010E,240,279,0,170,-91452,7,
+MPOS:6349212,156,176,0
+DIST_DBG:6349219,556417A1,261,0,0,170,-82824,1,1
+DIST:6349219,556417A1,261,0,0,170,-82824,1,1
+MPOS:6349220,156,176,0
