+DIST_DBG:26195880,1565010E,268,279,0,170,-88651,17,
1658241300.7459164,312
Time: 1658241300.719962, Euler: -0.03017891806141067,-0.07412812555484494,0.03948677610067984
+DIST:26195888,556417A1,337,0,0,170,-88837,4,
1658241300.7764027,315
Time: 1658241300.7598562, Euler: -0.03033049064952702,-0.07407752236008293,0.03948858500095316
+DIST:26195895,156509A9,249,0,346,170,-96044,11,
1658241300.8104587,313
Time: 1658241300.7915342, Euler: -0.030180334905089423,-0.0741796225227438,0.03928658969387035
+DIST_DBG:26195903,556509AF,245,279,346,170,-83037,2,1
1658241300.8455856,309
Time: 1658241300.8203392, Euler: -0.030174553328157633,-0.07413748474347504,0.039315857843381354
+DIST:26195910,1565010E,269,279,0,170,-88553,15,
1658241300.877801,311
Time: 1658241300.8502033, Euler: -0.030217060389702087,-0.07404939762360363,0.039315132421586935
+DIST:26195918,556417A1,322,0,0,170,-87187,4,
1658241300.9078062,304
Time: 1658241300.8799677, Euler: -0.030108778254506387,-0.0740242936910196,0.03918732897923512
+DIST_DBG:26196794,556417A1,302,0,0,170,-88742,4,
1658241300.939741,317
Time: 1658241300.9104986, Euler: -0.030124333069102636,-0.07402283199687809,0.039224899814126614
+DIST:26196802,156509A9,247,0,346,170,-97502,9,
1658241300.9728584,303
Time: 1658241300.9506512, Euler: -0.030104745267256795,-0.07411296855019556,0.03936850141904547
['160', '210']
1658241301.0097647,313
Time: 1658241300.9901557, Euler: -0.02996709364234436,-0.07417957336073024,0.03949078298102332
['159', '211']
1658241301.0454137,320
Time: 1658241301.0199387, Euler: -0.02985570355915189,-0.07414693100792968,0.039567803969753845
['158', '211']
1658241301.0769858,309
Time: 1658241301.0508168, Euler: -0.03000130965553186,-0.07421942066467692,0.03976250921890637
+DIST_DBG:26196840,556509AF,243,279,346,170,-82921,2,1
1658241301.114042,308
Time: 1658241301.0909467, Euler: -0.030035735266822693,-0.07421610855923855,0.03968787252433811
+DIST_DBG:26196847,1565010E,271,279,0,170,-88613,17,
1658241301.147636,314
Time: 1658241301.1196866, Euler: -0.03018936217107901,-0.07416995887911028,0.039725861359782136
+DIST_DBG:26196855,556417A1,310,0,0,170,-87549,3,
1658241301.178331,320
Time: 1658241301.1601212, Euler: -0.03011865324955756,-0.07440901767833297,0.03965078519054389
+DIST:26196863,156509A9,249,0,346,170,-96593,12,
1658241301.2136877,303
Time: 1658241301.1899824, Euler: -0.030227222878927994,-0.07449811965976005,0.03980569944846012
+DIST:26196870,556509AF,246,279,346,170,-83308,2,1
1658241301.2443852,308
Time: 1658241301.2197645, Euler: -0.03023153504612326,-0.07445874732450797,0.0398487248097473
+DIST:26196878,1565010E,271,279,0,170,-88561,11,
1658241301.2754624,308
Time: 1658241301.259728, Euler: -0.030145541081075835,-0.07442280676283164,0.03994457352065157
+DIST:26196886,556417A1,313,0,0,170,-86993,2,
1658241301.3079903,309
Time: 1658241301.289788, Euler: -0.03011000589474364,-0.07430983872398755,0.039938001807171615
['159', '211']
1658241301.3418171,314
Time: 1658241301.3202572, Euler: -0.03004340991484599,-0.07409534564637887,0.039790883971287855
['159', '211']
1658241301.3728235,303
Time: 1658241301.3506489, Euler: -0.030015135155275086,-0.074114934080725,0.039883420607782195
['159', '211']
1658241301.4034555,310
Time: 1658241301.380493, Euler: -0.0300184449928785,-0.07421811796238909,0.03981536123162464
['160', '211']
1658241301.437391,307
Time: 1658241301.410638, Euler: -0.029942835473432298,-0.07423231842364397,0.039863009014242265
+DIST_DBG:26196932,556509AF,242,279,346,170,-83145,2,1
1658241301.471715,312
Time: 1658241301.4505038, Euler: -0.029892823525150203,-0.07416531429183437,0.039739463377840324
+DIST_DBG:26196939,1565010E,271,279,0,170,-88625,18,
1658241301.5038128,314
Time: 1658241301.480709, Euler: -0.029886130350457587,-0.0739931528913127,0.03978986288126595
+DIST_DBG:26196947,556417A1,311,0,0,170,-87790,3,
1658241301.5375755,319
Time: 1658241301.5199857, Euler: -0.030022213266797094,-0.07412708901757137,0.039702082072601584
+DIST_DBG:26196955,156509A9,251,0,346,170,-98838,10,
1658241301.5721364,311
Time: 1658241301.5411315, Euler: -0.029975885067456694,-0.07411292564289318,0.0397729301254456
+DIST:26196962,556509AF,246,279,346,170,-83059,2,1
1658241301.6044512,305
Time: 1658241301.579691, Euler: -0.029882707462237878,-0.07415457809462289,0.039778550894580995
['163', '212']
1658241301.6413128,303
Time: 1658241301.6204338, Euler: -0.02968655308728641,-0.07444651982337014,0.0398312843480827
+DIST_DBG:26196985,156509A9,249,0,346,170,-96917,10,
1658241301.6823208,310
Time: 1658241301.65963, Euler: -0.029924998983454243,-0.07446578147958904,0.039737050546124836
+DIST_DBG:26196993,556509AF,244,279,346,170,-82946,2,1
1658241301.7151263,313
Time: 1658241301.6904514, Euler: -0.029923375979625234,-0.07451853256037544,0.039771462439923466
+DIST_DBG:26197000,1565010E,271,279,0,170,-88630,17,
1658241301.7472508,314
Time: 1658241301.71971, Euler: -0.030031820766097672,-0.0745989250358412,0.039738684037833684
+DIST_DBG:26197008,556417A1,326,0,0,170,-89364,4,
1658241301.7779906,312
Time: 1658241301.7496464, Euler: -0.030157069447471548,-0.07448833902051621,0.03975471832630399
+DIST_DBG:26197016,156509A9,247,0,346,170,-96341,8,
1658241301.8074856,309
Time: 1658241301.7898686, Euler: -0.030113704608711933,-0.07459242595163285,0.03989047468375208
+DIST_DBG:26197023,556509AF,242,279,346,170,-82992,2,1
1658241301.8394692,310
Time: 1658241301.8205388, Euler: -0.030105567786979863,-0.07458347541382482,0.03976225938677502
+DIST:26197031,1565010E,270,279,0,170,-88968,18,
1658241301.874268,308
Time: 1658241301.850586, Euler: -0.030141079182268292,-0.07453378956070611,0.03978575451624181
+DIST:26197039,556417A1,293,0,0,170,-88650,4,
1658241301.9059937,314
Time: 1658241301.8797226, Euler: -0.03010891262018748,-0.07446809722063064,0.03999940349657407
+DIST:26197047,156509A9,248,0,346,170,-95687,11,
1658241301.9356778,315
Time: 1658241301.9096675, Euler: -0.03014517024046761,-0.07442023200326586,0.03995531967802593
+DIST:26197054,556509AF,245,279,346,170,-83215,2,1
1658241301.9660342,322
Time: 1658241301.9511063, Euler: -0.030220704095706683,-0.07434362395234984,0.03987134134373591
+DIST_DBG:26197062,1565010E,271,279,0,170,-88600,19,
1658241301.9956737,301
Time: 1658241301.9703372, Euler: -0.030230118159731527,-0.0741586496449056,0.03982986730887381
['167', '212']
1658241302.0279026,304
Time: 1658241302.0102367, Euler: -0.030373675664378496,-0.07420718888314881,0.039842062900731876
['166', '212']
1658241302.0633457,315
Time: 1658241302.0332341, Euler: -0.030365246031481875,-0.07419510338231805,0.03992484167038445
['166', '212']
1658241302.0938792,297
Time: 1658241302.0704703, Euler: -0.03011993202351655,-0.07410813512370963,0.039658982339484374
['169', '213']
1658241302.1240566,312
Time: 1658241302.1002665, Euler: -0.030024625534675935,-0.07429982409757496,0.039620475410978365
['168', '213']
1658241302.155033,306
Time: 1658241302.1307464, Euler: -0.030001672304257414,-0.07428682089410765,0.03959191972128509
['168', '213']
1658241302.1848104,312
Time: 1658241302.1606066, Euler: -0.029962262833505532,-0.07439711297862872,0.03945640014982865
['168', '213']
1658241302.2170804,303
Time: 1658241302.2020082, Euler: -0.03007892167742241,-0.07453398321055382,0.03956495260379348
['167', '212']
1658241302.248362,311
Time: 1658241302.2306635, Euler: -0.030093822485240982,-0.07447404788447698,0.039552098738306035
['167', '213']
1658241302.2809856,300
Time: 1658241302.26073, Euler: -0.029978379170352,-0.0744209188504168,0.039784433879856924
+DIST_DBG:26198021,556509AF,243,279,346,170,-83176,2,1
1658241302.314519,307
Time: 1658241302.29078, Euler: -0.030106131852768555,-0.0743262824926012,0.03970904983313807
+DIST_DBG:26198029,1565010E,270,279,0,170,-88740,17,
1658241302.3486426,318
Time: 1658241302.3211355, Euler: -0.02999715122703348,-0.07426039805616802,0.03985544818170767
+DIST:26198037,556417A1,312,0,0,170,-87584,3,
1658241302.3809605,314
Time: 1658241302.3596797, Euler: -0.030074364571258463,-0.07414785078250663,0.039750469683324886
+DIST_DBG:26198044,156509A9,248,0,346,170,-95915,12,
1658241302.4108706,323
Time: 1658241302.391616, Euler: -0.030184391377693628,-0.07420202530905518,0.039680042438720455
+DIST_DBG:26198052,556509AF,242,279,346,170,-83215,2,1
1658241302.4403782,314
Time: 1658241302.4099488, Euler: -0.030199434667190057,-0.07419879483500713,0.039572363078484406
+DIST_DBG:26198060,1565010E,272,279,0,170,-88323,19,
1658241302.4697437,312
Time: 1658241302.4435225, Euler: -0.030168005409692014,-0.07427885437837856,0.039518179451874136
+DIST:26198067,556417A1,319,0,0,170,-87252,4,
1658241302.5004575,309
Time: 1658241302.4807358, Euler: -0.03010646202235658,-0.07435414347964775,0.039590976099980586
+DIST:26198075,156509A9,251,0,346,170,-95600,11,
1658241302.5326571,312
Time: 1658241302.5018282, Euler: -0.030130531317513295,-0.07419398105135144,0.03958245181946871
+DIST:26198083,556509AF,243,279,346,170,-83151,2,1
1658241302.5635903,321
Time: 1658241302.539637, Euler: -0.03018087044761045,-0.07419655251295398,0.03954687790526106
+DIST:26198090,1565010E,270,279,0,170,-89042,17,
1658241302.5940406,313
Time: 1658241302.5706127, Euler: -0.030112918367121086,-0.07406193063220634,0.03961703964862285
+DIST:26198098,556417A1,311,0,0,170,-87110,3,
1658241302.6244574,313
Time: 1658241302.6004238, Euler: -0.030040575236128096,-0.07410484487876534,0.039579861361664755
['163', '215']
1658241302.6684504,305
Time: 1658241302.6505167, Euler: -0.03011015891177364,-0.07386379978935254,0.039671992519514955
+DIST_DBG:26198121,1565010E,270,279,0,170,-88461,19,
1658241302.7015862,304
Time: 1658241302.6801698, Euler: -0.030012800127129837,-0.07393394218763705,0.039605590213912044
+DIST:26198128,556417A1,320,0,0,170,-86853,4,
1658241302.742025,301
Time: 1658241302.719658, Euler: -0.030017353606797283,-0.07404049411587499,0.039768913044389016
+DIST:26198136,156509A9,250,0,346,170,-96764,12,
1658241302.7807286,319
Time: 1658241302.7605286, Euler: -0.029993309577549164,-0.07406875571899163,0.03949770182032056
['163', '214']
1658241302.8162148,310
Time: 1658241302.8005896, Euler: -0.030078722775375374,-0.07399418601857666,0.039551662937847024
+DIST_DBG:26198160,556417A1,306,0,0,170,-87510,3,
1658241302.8501222,303
Time: 1658241302.8300076, Euler: -0.030227950954371408,-0.07398982605660565,0.039564916642890774
+DIST:26198168,156509A9,252,0,346,170,-95433,11,
1658241302.8897905,299
Time: 1658241302.8701603, Euler: -0.030214245844386055,-0.07403471981963161,0.03959364488113577
+DIST_DBG:26198175,556509AF,244,279,346,170,-82990,2,1
1658241302.9212224,320
Time: 1658241302.8905742, Euler: -0.030308341140547895,-0.07407745309190505,0.03966248441283206
+DIST:26198183,1565010E,271,279,0,170,-88385,19,
1658241302.9514709,315
Time: 1658241302.9302945, Euler: -0.030186796507742274,-0.0740872234201011,0.039741730175231665
+DIST:26198191,556417A1,317,0,0,170,-86903,4,
1658241302.9818857,323
Time: 1658241302.9498708, Euler: -0.030272293786307677,-0.07423761186042421,0.03979360312739172
+DIST:26198198,156509A9,252,0,346,170,-99161,12,
1658241303.0131197,317
Time: 1658241302.9903672, Euler: -0.030234703388809733,-0.07443331689078514,0.039823447762823004
+DIST:26198206,556509AF,243,279,346,170,-82812,1,1
1658241303.0433767,316
Time: 1658241303.0209744, Euler: -0.03032918094978715,-0.07415182240866858,0.03981047495346804
+DIST:26198214,1565010E,271,279,0,170,-88552,15,
1658241303.0737863,316
Time: 1658241303.0496562, Euler: -0.030440369291269566,-0.07421913402560598,0.03972946063219321
+DIST:26198221,556417A1,307,0,0,170,-87328,4,
1658241303.106324,316
Time: 1658241303.080633, Euler: -0.030435402488312398,-0.0742510036675923,0.039666663997333734
['163', '213']
1658241303.1385837,308
Time: 1658241303.119844, Euler: -0.03028402299840996,-0.07419920228938072,0.039585325773918247
['162', '213']
1658241303.1703894,304
Time: 1658241303.149749, Euler: -0.030304592979092992,-0.07425283254892556,0.0395975773658656
['161', '213']
1658241303.2013245,313
Time: 1658241303.1710246, Euler: -0.03041977086242239,-0.07418812228602834,0.03974273967151718
['161', '213']
1658241303.2328665,307
Time: 1658241303.2000852, Euler: -0.03046934462703502,-0.07421206875659503,0.03980517181819967
+DIST:26199120,1565010E,273,279,0,170,-88652,17,
1658241303.264332,312
Time: 1658241303.241865, Euler: -0.030438060236463445,-0.07416583680514033,0.03982735257683622
+DIST:26199128,556417A1,294,0,0,170,-88461,4,
1658241303.294722,320
Time: 1658241303.2710707, Euler: -0.030415964506816683,-0.07413919179630325,0.039731689004525034
+DIST:26199135,156509A9,248,0,346,170,-96026,12,
1658241303.3250873,321
Time: 1658241303.3000755, Euler: -0.03058884900038229,-0.07414648820193004,0.039694240530328176
+DIST:26199143,556509AF,241,279,346,170,-83247,1,1
1658241303.3570137,305
Time: 1658241303.3318105, Euler: -0.03075341284665033,-0.07415937289854146,0.03975078690249133
+DIST:26199151,1565010E,272,279,0,170,-88501,2,1
1658241303.3871121,308
Time: 1658241303.3599386, Euler: -0.03074244767620043,-0.07392296490520378,0.03983666852811761
+DIST:26199158,556417A1,301,0,0,170,-86835,3,
1658241303.418253,319
Time: 1658241303.4011006, Euler: -0.03088831210354681,-0.07376939158886042,0.03968983464147077
['165', '208']
1658241303.451801,306
Time: 1658241303.4307828, Euler: -0.030956052826326023,-0.07374049899807789,0.039733804037751924
['165', '207']
1658241303.4836361,305
Time: 1658241303.4602678, Euler: -0.03102320800859129,-0.07370057026459387,0.03973876660221076
+DIST_DBG:26199189,556417A1,326,0,0,170,-86987,3,
1658241303.52245,320
Time: 1658241303.4906116, Euler: -0.031058342344905048,-0.07374777641513619,0.0397167954403403
+DIST_DBG:26199197,156509A9,253,0,346,170,-95324,11,
1658241303.5557263,309
Time: 1658241303.530325, Euler: -0.030954746289103826,-0.07357118622449965,0.03963328246382775
+DIST_DBG:26199204,556509AF,241,279,346,170,-83067,2,1
1658241303.5867288,317
Time: 1658241303.5601199, Euler: -0.03107083479257753,-0.07362688241364035,0.03964925126610308
+DIST_DBG:26199212,1565010E,272,279,0,170,-88652,17,
1658241303.615917,315
Time: 1658241303.585157, Euler: -0.031042254683736902,-0.07371303822561148,0.03954477655433537
+DIST_DBG:26199219,556417A1,303,0,0,170,-88538,4,
1658241303.649151,315
Time: 1658241303.6297204, Euler: -0.031187350461059474,-0.07361882231662742,0.039608336135387424
+DIST_DBG:26199227,156509A9,253,0,346,170,-96904,11,
1658241303.6815333,315
Time: 1658241303.6609344, Euler: -0.031127999033012756,-0.07347378942498729,0.03967857263613294
+DIST:26199235,556509AF,244,279,346,170,-82897,1,1
1658241303.7164166,317
Time: 1658241303.6897318, Euler: -0.031001672194830947,-0.07353524528214828,0.039556309780907184
+DIST_DBG:26199243,1565010E,269,279,0,170,-88579,11,
1658241303.7497177,309
Time: 1658241303.7190454, Euler: -0.031042371945547955,-0.07342010025951984,0.03942012045103312
+DIST:26199250,556417A1,317,0,0,170,-87154,4,
1658241303.7793698,314
Time: 1658241303.7500596, Euler: -0.03117173023692263,-0.07354375786100009,0.03945403761513663
+DIST:26199258,156509A9,248,0,346,170,-96645,12,
1658241303.808674,310
Time: 1658241303.7888947, Euler: -0.031234192828612194,-0.0734493700601555,0.03947382999715631
['165', '207']
1658241303.8427868,315
Time: 1658241303.8190143, Euler: -0.031229711621276413,-0.07351856156883207,0.03935559465376326
['165', '207']
1658241303.8815055,302
Time: 1658241303.848925, Euler: -0.03125010621031242,-0.07357310489232494,0.03934274048944501
+DIST_DBG:26199288,156509A9,248,0,346,170,-96239,12,
1658241303.912922,309
Time: 1658241303.8810487, Euler: -0.03141056034546203,-0.07356254239150097,0.0393597750132753
+DIST_DBG:26199296,556509AF,245,279,346,170,-82918,1,1
1658241303.9464395,301
Time: 1658241303.9291143, Euler: -0.03143021119262261,-0.07352730480949599,0.03942434757144415
+DIST_DBG:26199304,1565010E,271,279,0,170,-88943,16,
1658241303.9787538,307
Time: 1658241303.9592013, Euler: -0.03141905971762269,-0.07358727647018681,0.03930688164122683
+DIST_DBG:26199311,556417A1,323,0,0,170,-87290,4,
1658241304.0103295,304
Time: 1658241303.9896054, Euler: -0.031548862778078834,-0.07382856347402722,0.0393865844366387
+DIST:26199319,156509A9,250,0,346,170,-95917,5,
1658241304.042673,297
Time: 1658241304.0192645, Euler: -0.03141497552214429,-0.07377664068602252,0.039320609576227204
+DIST:26199327,556509AF,241,279,346,170,-83243,1,1
1658241304.0729244,310
Time: 1658241304.0393634, Euler: -0.031491601534364026,-0.07391976713464965,0.03932662397398459
+DIST:26199334,1565010E,271,279,0,170,-88615,5,
1658241304.1035874,309
Time: 1658241304.079573, Euler: -0.03147728283154717,-0.07384136975799116,0.03918269529657523
+DIST:26199342,556417A1,333,0,0,170,-86513,2,1
1658241304.1342726,302
Time: 1658241304.1109295, Euler: -0.03142390029736871,-0.0737250906835667,0.039183421020510714
+DIST:26199350,156509A9,250,0,346,170,-95720,11,
1658241304.1643639,303
Time: 1658241304.139161, Euler: -0.031478659669082185,-0.07370888119915109,0.03916998059380766
+DIST:26199357,556509AF,245,279,346,170,-83333,2,1
1658241304.1947079,320
Time: 1658241304.1694808, Euler: -0.03136757432375569,-0.07387523494990766,0.03922561330965346
+DIST:26199365,1565010E,273,279,0,170,-88609,16,
1658241304.2273426,311
Time: 1658241304.2104278, Euler: -0.03139509821630107,-0.074001261649985,0.03915291827535024
+DIST:26199373,556417A1,339,0,0,170,-87308,3,
1658241304.258157,318
Time: 1658241304.2397163, Euler: -0.03146751060538007,-0.07402463848300589,0.03910480328961891
['169', '210']
1658241304.2907288,305
Time: 1658241304.269752, Euler: -0.031540027873740335,-0.07406308415110696,0.039228553953655036
['169', '210']
1658241304.3226032,314
Time: 1658241304.3005028, Euler: -0.031424494528827784,-0.07403097373923928,0.039122214817955345
['170', '210']
1658241304.353975,312
Time: 1658241304.3303258, Euler: -0.031183508137196524,-0.07409343331404883,0.03907647314204016
+DIST_DBG:26200271,1565010E,272,279,0,170,-88724,19,
1658241304.3947906,305
Time: 1658241304.369953, Euler: -0.03124766309101449,-0.07424597576825764,0.038930503609108935
+DIST_DBG:26200279,556417A1,316,0,0,170,-88457,4,
1658241304.4265387,310
Time: 1658241304.3989503, Euler: -0.031276652816898814,-0.07399417064453595,0.03884191423272699
+DIST_DBG:26200286,156509A9,248,0,346,170,-96705,11,
1658241304.4600902,314
Time: 1658241304.429208, Euler: -0.031098009617638155,-0.0739621508581878,0.038883193505348364
+DIST:26200294,556509AF,242,279,346,170,-82856,2,1
1658241304.4980273,308
Time: 1658241304.4795527, Euler: -0.030968864536954754,-0.07412354272966715,0.038978762813829546
+DIST:26200302,1565010E,271,279,0,170,-88564,2,1
1658241304.5302227,304
Time: 1658241304.4992483, Euler: -0.030986187349674725,-0.07413477230064935,0.03902096984903999
['169', '204']
1658241304.5712242,317
Time: 1658241304.5390816, Euler: -0.03096381003931565,-0.07404762529871611,0.038975792665961045
['170', '204']
1658241304.6042354,310
Time: 1658241304.5807443, Euler: -0.030941339560526925,-0.07389568335457097,0.03894883999846205
+DIST_DBG:26200332,1565010E,267,279,0,170,-88489,19,
1658241304.6381276,307
Time: 1658241304.619679, Euler: -0.031008308369340258,-0.07388694131698292,0.03895867822882533
['171', '204']
1658241304.67712,324
Time: 1658241304.65942, Euler: -0.030970763534828406,-0.07378358047832512,0.03903162713727207
['170', '205']
1658241304.715726,322
Time: 1658241304.6904335, Euler: -0.030967963117812167,-0.07372575513703605,0.03892916473820291
['169', '206']
1658241304.7496126,314
Time: 1658241304.7227874, Euler: -0.03098560548760954,-0.07388355254939172,0.038935580068595176
['168', '207']
1658241304.781519,309
Time: 1658241304.7607744, Euler: -0.03070675766579652,-0.07392470628873582,0.03877754186908509
['167', '207']
1658241304.8109715,306
Time: 1658241304.789509, Euler: -0.030827390332255213,-0.07365300684118226,0.03873473085371187
['167', '207']
1658241304.8406389,313
Time: 1658241304.8194144, Euler: -0.03083710016890547,-0.07365372691671634,0.03851208017482716
+DIST_DBG:26200394,1565010E,269,279,0,170,-88544,17,
1658241304.8728433,319
Time: 1658241304.8495512, Euler: -0.030735083675825513,-0.0735910414744041,0.0384492943588044
+DIST_DBG:26200401,556417A1,316,0,0,170,-88695,4,
1658241304.904469,317
Time: 1658241304.8793359, Euler: -0.030817814023176654,-0.07372876587243193,0.03857862520147691
+DIST_DBG:26200409,156509A9,251,0,346,170,-95147,11,
1658241304.9362662,319
Time: 1658241304.9098995, Euler: -0.030798067059778472,-0.07376957686528951,0.038595401707887084
+DIST_DBG:26200417,556509AF,242,279,346,170,-83114,2,1
1658241304.9687119,318
Time: 1658241304.9404862, Euler: -0.030885987764981828,-0.07375697276283422,0.03845420743733454
+DIST:26200424,1565010E,270,279,0,170,-88484,19,
1658241305.0026584,318
Time: 1658241304.9792004, Euler: -0.03083230178298156,-0.07377559588046868,0.03840009754153822
+DIST:26200432,556417A1,303,0,0,170,-88999,4,
1658241305.0343015,308
Time: 1658241305.0106764, Euler: -0.03084593520769126,-0.07371502618075221,0.038346843070164276
+DIST:26200440,156509A9,250,0,346,170,-97011,12,
1658241305.0685072,307
Time: 1658241305.0407267, Euler: -0.030874058157466244,-0.07385130763279492,0.03819024517717893
+DIST:26200447,556509AF,243,279,346,170,-83263,1,1
1658241305.1001747,315
Time: 1658241305.070664, Euler: -0.03068405109971396,-0.07388672107940453,0.03819577981112016
+DIST:26200455,1565010E,270,279,0,170,-88642,10,
1658241305.130215,312
Time: 1658241305.1097877, Euler: -0.03090507821339078,-0.07382051164674541,0.03822780047825555
+DIST:26200463,556417A1,306,0,0,170,-88715,4,
1658241305.159274,301
Time: 1658241305.1399212, Euler: -0.030899236037536908,-0.07391201561347895,0.03815885488170672
+DIST:26200470,156509A9,248,0,346,170,-96746,12,
1658241305.1897159,311
Time: 1658241305.1692414, Euler: -0.030992931107398113,-0.07384317338021451,0.038150399137503066
+DIST:26200478,556509AF,245,279,346,170,-82728,1,1
1658241305.2192338,307
Time: 1658241305.1891656, Euler: -0.03090751980714127,-0.07387552283908973,0.03804926331705793
+DIST:26200486,1565010E,272,279,0,170,-88292,19,
1658241305.248824,312
Time: 1658241305.2201009, Euler: -0.030864002794124525,-0.07390947324473252,0.038017846095500206
+DIST:26200493,556417A1,345,0,0,170,-85735,2,1
1658241305.2785118,300
Time: 1658241305.250429, Euler: -0.03077785892914579,-0.07407410247938961,0.03804752193452443
+DIST:26200501,156509A9,248,0,346,170,-95882,10,
1658241305.3095884,305
Time: 1658241305.2798047, Euler: -0.030752154505500347,-0.07398108938661574,0.03807600059291181
+DIST:26200509,556509AF,245,279,346,170,-82997,1,1
1658241305.340078,321
Time: 1658241305.3197253, Euler: -0.03070408516599475,-0.07403707308206675,0.03814684968036816
['170', '208']
1658241305.3704503,310
Time: 1658241305.349573, Euler: -0.030865225527917338,-0.07419709805228614,0.03822786961959674
+DIST_DBG:26200531,156509A9,248,0,346,170,-95787,12,
1658241305.4087574,315
Time: 1658241305.3817666, Euler: -0.03092208796120839,-0.07422669864559929,0.03812386730262671
+DIST_DBG:26200539,556509AF,240,279,346,170,-83354,2,1
1658241305.443451,320
Time: 1658241305.4297252, Euler: -0.030746551438202974,-0.0742551741303541,0.03816331775584146
+DIST_DBG:26200547,1565010E,270,279,0,170,-89081,16,
1658241305.4793289,306
Time: 1658241305.4505267, Euler: -0.030570813371747607,-0.07414318845139967,0.038170937781586416
+DIST_DBG:26200554,556417A1,303,0,0,170,-88634,4,
1658241305.5116463,312
Time: 1658241305.4799676, Euler: -0.030599378132175586,-0.07434190754044923,0.03819814283831576
+DIST_DBG:26201423,1565010E,274,279,0,170,-88469,18,
1658241305.5434725,316
Time: 1658241305.5098963, Euler: -0.03054555637395376,-0.07442597371803306,0.03803752925337938
+DIST_DBG:26201431,556417A1,353,0,0,170,-86432,2,
1658241305.5773668,300
Time: 1658241305.56018, Euler: -0.030753311087319834,-0.07434510791957494,0.038032833131633845
+DIST:26201439,156509A9,254,0,346,170,-95357,11,
1658241305.6100292,303
Time: 1658241305.5895164, Euler: -0.03088179894430443,-0.07435788108096086,0.03775169246006622
+DIST:26201446,556509AF,243,279,346,170,-83025,2,1
1658241305.649687,315
Time: 1658241305.6194842, Euler: -0.030828893759399994,-0.07437514860296668,0.037686054863463936
['167', '215']
1658241305.6840696,309
Time: 1658241305.6595068, Euler: -0.030776405979213117,-0.07462683690353522,0.03765162249957581
['168', '214']
1658241305.7218053,314
Time: 1658241305.6895041, Euler: -0.030776062644285233,-0.07470475221072403,0.03778118571853355
+DIST_DBG:26201477,556509AF,244,279,346,170,-82850,2,1
1658241305.7537339,317
Time: 1658241305.7291937, Euler: -0.030912269464084926,-0.0746353766252348,0.037811912733043636
+DIST:26201485,1565010E,272,279,0,170,-88605,15,
1658241305.7927792,306
Time: 1658241305.7703395, Euler: -0.030800999983057867,-0.07470805677293013,0.03790104409615912
+DIST_DBG:26201492,556417A1,324,0,0,170,-87697,3,
1658241305.8276885,306
Time: 1658241305.7992258, Euler: -0.030794886356996586,-0.07472257497768875,0.038056886817871824
+DIST:26201500,156509A9,248,0,346,170,-96743,12,
1658241305.8601935,314
Time: 1658241305.8417187, Euler: -0.030768580730081374,-0.07468729840517696,0.03794670753489052
['170', '213']
1658241305.8919086,309
Time: 1658241305.869638, Euler: -0.03075323611294463,-0.07460687082024631,0.03811826837407939
['170', '213']
1658241305.9275765,317
Time: 1658241305.900001, Euler: -0.03078140709926853,-0.0746311128222299,0.03812250993273942
['170', '213']
1658241305.961031,311
Time: 1658241305.9396489, Euler: -0.030909014931766097,-0.07472839772757789,0.03800719122311021
+DIST_DBG:26201538,556509AF,243,279,346,170,-82797,2,1
1658241305.9942844,313
Time: 1658241305.9699762, Euler: -0.030903671037441564,-0.0746512674957387,0.03805772832151929
+DIST:26201546,1565010E,269,279,0,170,-88630,17,
1658241306.027542,306
Time: 1658241306.0105124, Euler: -0.031115841735676934,-0.07460022990307524,0.038094307068912384
+DIST:26201554,556417A1,318,0,0,170,-88830,4,
1658241306.0616584,315
Time: 1658241306.040244, Euler: -0.031032366142115297,-0.07445312079286914,0.03821915333382686
+DIST:26201561,156509A9,249,0,346,170,-95684,12,
1658241306.0934622,318
Time: 1658241306.0699947, Euler: -0.0310376617670376,-0.07438586220338461,0.03811301135684751
+DIST:26201569,556509AF,243,279,346,170,-82673,2,1
1658241306.1252427,307
Time: 1658241306.1000116, Euler: -0.03096666193378732,-0.0742547345747544,0.03823939610662352
+DIST:26201576,1565010E,271,279,0,170,-88362,17,
1658241306.1614268,305
Time: 1658241306.140104, Euler: -0.03095061311561254,-0.07416364114752771,0.03831303614048481
['171', '213']
1658241306.1953876,322
Time: 1658241306.170838, Euler: -0.030951007360839774,-0.0742278184536378,0.03823084988455248
+DIST_DBG:26201599,556509AF,245,279,346,170,-82990,2,1
1658241306.2328954,314
Time: 1658241306.199245, Euler: -0.031005605332456918,-0.07422506894942327,0.038318175595228224
+DIST_DBG:26201607,1565010E,271,279,0,170,-88819,16,
1658241306.263621,310
Time: 1658241306.2308497, Euler: -0.03113576701644167,-0.07425346227478657,0.03830255751094516
+DIST_DBG:26201615,556417A1,323,0,0,170,-86983,4,
1658241306.2969713,317
Time: 1658241306.2793703, Euler: -0.031043508680175885,-0.07431547895013324,0.03830698390831175
+DIST:26201622,156509A9,250,0,346,170,-98843,12,
1658241306.330296,313
Time: 1658241306.309823, Euler: -0.031142238848248262,-0.07429661862428771,0.03824640765042622
+DIST:26201630,556509AF,246,279,346,170,-82876,2,1
1658241306.3633418,322
Time: 1658241306.3394675, Euler: -0.03118047371781345,-0.07434797522810865,0.03819177373078729
+DIST:26201638,1565010E,270,279,0,170,-88408,15,
1658241306.3979125,304
Time: 1658241306.3698297, Euler: -0.03119029834803734,-0.07430911855973467,0.038084691193862034
['167', '214']
1658241306.4297175,317
Time: 1658241306.399134, Euler: -0.031246317303499957,-0.07446215527246514,0.038145533510921245
['166', '214']
1658241306.4646862,312
Time: 1658241306.4502428, Euler: -0.03129658400511418,-0.07451559979269828,0.038169812225945655
['166', '213']
1658241306.4979446,307
Time: 1658241306.4793923, Euler: -0.03119659990250552,-0.07451730941496937,0.0381060728037066
['165', '213']
1658241306.5305178,302
Time: 1658241306.5095725, Euler: -0.031135667163319558,-0.07453935604762485,0.0379365566688802
+DIST_DBG:26201684,156509A9,249,0,346,170,-96288,12,
1658241306.5634518,310
Time: 1658241306.5396478, Euler: -0.031128528105823276,-0.0746447963536363,0.037867671722988085
+DIST_DBG:26201691,556509AF,245,279,346,170,-83284,2,1
1658241306.5983055,323
Time: 1658241306.5797448, Euler: -0.031057699947921916,-0.0745966107766014,0.0376598908659748
+DIST_DBG:26201699,1565010E,272,279,0,170,-88611,19,
1658241306.6286044,311
Time: 1658241306.6099365, Euler: -0.031065553741695017,-0.07466723016270627,0.037727757115325895
+DIST:26201706,556417A1,316,0,0,170,-88617,4,
1658241306.6612499,312
Time: 1658241306.6395588, Euler: -0.031090724267876894,-0.07458631674647087,0.03782668242193517
+DIST:26202575,1565010E,271,279,0,170,-88479,17,
1658241306.6952372,321
Time: 1658241306.6705742, Euler: -0.03113108515895127,-0.07464546018955942,0.03776328686610442
+DIST:26202582,556417A1,309,0,0,170,-87221,2,
1658241306.7284808,319
Time: 1658241306.7102432, Euler: -0.031038679616163044,-0.07459174732175433,0.03792947934810867
+DIST:26202590,156509A9,251,0,346,170,-93778,9,
1658241306.7610693,307
Time: 1658241306.7398262, Euler: -0.03112421813824656,-0.07466179147156927,0.03805959447825893
['160', '209']
1658241306.792811,311
Time: 1658241306.770063, Euler: -0.03115388608184612,-0.0745752518422458,0.03801843930672595
['160', '209']
1658241306.823702,320
Time: 1658241306.789219, Euler: -0.031181810684505776,-0.07459705577216781,0.03801840329032992
['159', '209']
1658241306.8549118,306
Time: 1658241306.8299215, Euler: -0.031081445494136054,-0.07440647872051054,0.038010833558017515
['159', '209']
1658241306.8856108,308
Time: 1658241306.8714645, Euler: -0.030821203197754794,-0.07451791969697097,0.03792713284260589
['159', '209']
1658241306.9154298,306
Time: 1658241306.8902194, Euler: -0.030864201482275526,-0.074476017249707,0.03787991026445425
['159', '209']
1658241306.9468076,323
Time: 1658241306.9196618, Euler: -0.03100229761625421,-0.0744937449705585,0.03790552985126051
['160', '209']
1658241306.9770904,306
Time: 1658241306.9517546, Euler: -0.030978002414381166,-0.07461791856749578,0.03774665925718103
['160', '209']
1658241307.0062635,320
Time: 1658241306.9801302, Euler: -0.030969994788649015,-0.07452372208858216,0.037731096822775506
['161', '210']
1658241307.0378091,328
Time: 1658241307.0104241, Euler: -0.03091755413890688,-0.07445438635283042,0.03767583155492751
['162', '210']
1658241307.0673325,311
Time: 1658241307.0424478, Euler: -0.03094742480951908,-0.07445312905874846,0.03785629460194368
['162', '210']
1658241307.098776,318
Time: 1658241307.0715053, Euler: -0.031064000162680672,-0.07436670679526336,0.037728290155409704
['162', '210']
1658241307.1290312,306
Time: 1658241307.1110466, Euler: -0.030970788768390364,-0.07429747527708641,0.03760140703524236
['163', '211']
1658241307.1586902,323
Time: 1658241307.1295605, Euler: -0.030964814835544686,-0.07426081284328712,0.03763538775066975
['163', '211']
1658241307.1902406,306
Time: 1658241307.1591508, Euler: -0.030890301080533547,-0.07422154180409525,0.03767971569998053
['163', '211']
1658241307.2197514,308
Time: 1658241307.1899579, Euler: -0.030797558758327917,-0.07413198961091294,0.03777684095696742
+DIST_DBG:26202720,556509AF,243,279,346,170,-82844,1,1
1658241307.2487576,304
Time: 1658241307.2292314, Euler: -0.030872899720251267,-0.07404764172196932,0.037444718057995735
['164', '212']
1658241307.2806518,311
Time: 1658241307.2597864, Euler: -0.030903534762662378,-0.0740292757089469,0.03733283112470601
['165', '212']
1658241307.3107927,313
Time: 1658241307.2896543, Euler: -0.030818945332067943,-0.0740218488824198,0.037369897898704936
['165', '212']
1658241307.3421383,307
Time: 1658241307.3198783, Euler: -0.03088277059118448,-0.07405094706013404,0.037281171763944104
+DIST_DBG:26202751,556509AF,245,279,346,170,-82945,1,1
1658241307.3727276,310
Time: 1658241307.3494437, Euler: -0.03087756175833183,-0.07399328661378335,0.03711974867678969
+DIST_DBG:26202758,1565010E,270,279,0,170,-88541,6,
1658241307.4049568,317
Time: 1658241307.3806145, Euler: -0.030941289542641522,-0.07396965207234674,0.037184174307036945
+DIST_DBG:26202766,556417A1,329,0,0,170,-87305,2,
1658241307.435553,319
Time: 1658241307.4118772, Euler: -0.030898910990787367,-0.0740707872093691,0.03705921873613574
+DIST_DBG:26202774,156509A9,251,0,346,170,-95315,11,
1658241307.4667656,304
Time: 1658241307.4398139, Euler: -0.030902247709372964,-0.07416755304699163,0.03711079023788214
+DIST_DBG:26202781,556509AF,241,279,346,170,-83381,1,1
1658241307.4986715,318
Time: 1658241307.4705112, Euler: -0.031010260026684635,-0.07418329886925479,0.03714656962819665
+DIST_DBG:26202789,1565010E,267,279,0,170,-88696,15,
1658241307.5302198,312
Time: 1658241307.5005438, Euler: -0.03107653058725636,-0.07416596631055383,0.03711522692470376
+DIST_DBG:26202797,556417A1,302,0,0,170,-88933,4,
1658241307.5605657,315
Time: 1658241307.542068, Euler: -0.031055578538556346,-0.07405482968864185,0.0371202170631354
['168', '210']
1658241307.5917842,314
Time: 1658241307.5696197, Euler: -0.031050932926597753,-0.07412801561591809,0.03705641851139389
+DIST:26202812,556509AF,241,279,346,170,-83027,1,1
1658241307.6234894,302
Time: 1658241307.5899832, Euler: -0.030956890035943287,-0.07410533078748704,0.03714587286551366
+DIST:26202820,1565010E,272,279,0,170,-88528,16,
1658241307.6544695,322
Time: 1658241307.630054, Euler: -0.031073631847733152,-0.07415478543521425,0.037129957849978704
['168', '209']
1658241307.6840112,318
Time: 1658241307.6696458, Euler: -0.03124031238926059,-0.07412712647038422,0.03717230793551299
+DIST:26202835,156509A9,252,0,346,170,-97734,11,
1658241307.7144558,306
Time: 1658241307.689789, Euler: -0.031387438954704645,-0.07420246746608683,0.03711974549486316
+DIST:26202842,556509AF,244,279,346,170,-82706,1,1
1658241307.7452781,313
Time: 1658241307.720189, Euler: -0.031450973368509695,-0.07417462188347135,0.037047905977915054
+DIST:26202850,1565010E,271,279,0,170,-88517,17,
1658241307.7744093,304
Time: 1658241307.7495885, Euler: -0.03132506488733278,-0.07416208578205663,0.03708739072771669
+DIST:26202858,556417A1,327,0,0,170,-87104,3,
1658241307.805378,310
Time: 1658241307.7794592, Euler: -0.0312046805849312,-0.07414838283718028,0.03702497979285208
+DIST_DBG:26202865,156509A9,248,0,346,170,-96230,12,
1658241307.836101,310
Time: 1658241307.7992613, Euler: -0.031236180477908302,-0.07405480175156542,0.03713555608970541
+DIST_DBG:26203734,556417A1,307,0,0,170,-87198,3,
1658241307.8658757,302
Time: 1658241307.8402786, Euler: -0.031158798860053565,-0.07400841380768486,0.037216604234379926
+DIST_DBG:26203741,156509A9,247,0,346,170,-96234,12,
1658241307.8962824,302
Time: 1658241307.8798618, Euler: -0.031117170784353446,-0.07406491551865635,0.036965670234023945
+DIST_DBG:26203749,556509AF,243,279,346,170,-82789,2,1
1658241307.9270644,308
Time: 1658241307.9032059, Euler: -0.031085668441961808,-0.0740790755655496,0.036923282883663776
+DIST:26203757,1565010E,270,279,0,170,-88652,17,
1658241307.9583783,311
Time: 1658241307.9302013, Euler: -0.031042906686868526,-0.07400487233671948,0.036887432849149665
+DIST:26203764,556417A1,324,0,0,170,-86727,3,
1658241307.9927475,300
Time: 1658241307.9599407, Euler: -0.030935583448879183,-0.07406357307484025,0.03685607706764865
['167', '211']
1658241308.028448,315
Time: 1658241308.0018759, Euler: -0.031232982465819712,-0.07425053448458718,0.03699148801228001
['167', '212']
1658241308.0699165,304
Time: 1658241308.0503798, Euler: -0.031112077212774064,-0.07430813819253101,0.03681917122101312
+DIST_DBG:26203795,556417A1,323,0,0,170,-88449,4,
1658241308.107678,310
Time: 1658241308.0805504, Euler: -0.031165961548058483,-0.07433677164966901,0.03673625021020648
+DIST:26203802,156509A9,250,0,346,170,-95445,11,
1658241308.143446,312
Time: 1658241308.1301918, Euler: -0.03119700768604484,-0.07443315234829773,0.0368524335144085
['167', '212']
1658241308.1812997,307
Time: 1658241308.1598382, Euler: -0.031182831631169347,-0.07455826564133194,0.036840086151131914
+DIST_DBG:26203825,556417A1,310,0,0,170,-86254,2,
1658241308.222176,299
Time: 1658241308.2001946, Euler: -0.031256498360225614,-0.07476400348934442,0.036777130192752534
+DIST_DBG:26203833,156509A9,251,0,346,170,-97004,11,
1658241308.2541153,311
Time: 1658241308.230031, Euler: -0.031423143155588085,-0.07473152979442865,0.036821735196408675
+DIST:26203841,556509AF,242,279,346,170,-82840,1,1
1658241308.2954822,311
Time: 1658241308.2794452, Euler: -0.03135271126982598,-0.07471591754695717,0.03689971472219378
['167', '211']
1658241308.3341322,317
Time: 1658241308.3106513, Euler: -0.031325097294195435,-0.07468682175103236,0.03682073029376843
+DIST_DBG:26203864,156509A9,251,0,346,170,-97647,11,
1658241308.371941,314
Time: 1658241308.3500872, Euler: -0.03136735134790855,-0.0745459722857098,0.03682780347960982
+DIST_DBG:26203871,556509AF,242,279,346,170,-83089,1,1
1658241308.4060426,315
Time: 1658241308.3796124, Euler: -0.03148060219095992,-0.07454006962086357,0.03691035517486875
+DIST:26203879,1565010E,270,279,0,170,-88397,16,
1658241308.4409714,321
Time: 1658241308.4200983, Euler: -0.031408833835896245,-0.07455124739451491,0.03688514004020696
+DIST:26203887,556417A1,311,0,0,170,-87207,2,
1658241308.4736075,305
Time: 1658241308.4509144, Euler: -0.03150972193337087,-0.07454483903117715,0.036863550511854824
+DIST:26203894,156509A9,248,0,346,170,-96685,12,
1658241308.504933,303
Time: 1658241308.4802468, Euler: -0.03139257373116224,-0.07455847329020783,0.03685457856687407
+DIST:26203902,556509AF,244,279,346,170,-82945,1,1
1658241308.5355282,313
Time: 1658241308.5196157, Euler: -0.03146091170615238,-0.07441781703135053,0.036829906526652384
['167', '208']
1658241308.5667784,307
Time: 1658241308.5495448, Euler: -0.03132111333915517,-0.07448468118963048,0.03682856100864122
['166', '208']
1658241308.61043,307
Time: 1658241308.5803168, Euler: -0.031330094573714364,-0.07441904869394955,0.03682795133364109
+DIST_DBG:26203933,556509AF,244,279,346,170,-82890,1,1
1658241308.641446,313
Time: 1658241308.6303165, Euler: -0.031168663615290627,-0.07433342997687897,0.03675983594169922
+DIST_DBG:26203940,1565010E,267,279,0,170,-88862,15,
1658241308.6784863,319
Time: 1658241308.650395, Euler: -0.031198635751372182,-0.07427963978279939,0.03662241648314676
+DIST:26203948,556417A1,303,0,0,170,-88820,4,
1658241308.7115278,308
Time: 1658241308.68504, Euler: -0.03132469651414533,-0.07430266950122989,0.03663632651440319
+DIST:26203956,156509A9,248,0,346,170,-96056,12,
1658241308.7420428,315
Time: 1658241308.7228684, Euler: -0.03135532847966364,-0.07414212067766601,0.036647350079387485
+DIST:26203964,556509AF,243,279,346,170,-82766,1,1
1658241308.772865,298
Time: 1658241308.7500284, Euler: -0.031267820370358745,-0.07416192636649388,0.03664615158900577
+DIST:26203972,1565010E,271,279,0,170,-88494,8,
1658241308.8039382,303
Time: 1658241308.769992, Euler: -0.03137799852127451,-0.07427683682893704,0.036550097343088575
['165', '206']
1658241308.8413033,301
Time: 1658241308.8199933, Euler: -0.03128326947520855,-0.07417887321097427,0.036454135264413046
['166', '205']
1658241308.8724499,307
Time: 1658241308.8498962, Euler: -0.031255844428932054,-0.07408021651090246,0.03628069547606254
['166', '205']
1658241308.9043944,314
Time: 1658241308.8898559, Euler: -0.03115731946458674,-0.0740798032787744,0.036197008032426405
['166', '205']
1658241308.935231,311
Time: 1658241308.9104228, Euler: -0.03109837177693627,-0.07411004121057263,0.036264999799754276
['166', '205']
1658241308.9661043,307
Time: 1658241308.9509535, Euler: -0.03111797361323679,-0.07406602756140734,0.03625489495072499
+DIST_DBG:26204878,1565010E,272,279,0,170,-88585,11,
1658241308.9960773,314
Time: 1658241308.9703324, Euler: -0.031295045845023434,-0.07406237173552088,0.03633047610675931
+DIST_DBG:26204886,556417A1,339,0,0,170,-86822,2,
1658241309.0281203,320
Time: 1658241309.0102654, Euler: -0.03127898452985261,-0.07400670555836042,0.03640645642740047
+DIST:26204893,156509A9,251,0,346,170,-95162,9,
1658241309.063112,310
Time: 1658241309.0400133, Euler: -0.03137370232208088,-0.07402860006807477,0.03640304620579513
+DIST:26204901,556509AF,244,279,346,170,-83440,2,1
1658241309.0933502,312
Time: 1658241309.0701036, Euler: -0.031344455584382,-0.07398396166447707,0.036297868017276934
+DIST:26204908,1565010E,268,279,0,170,-88511,17,
1658241309.1258094,317
Time: 1658241309.0995376, Euler: -0.031237001319265028,-0.07396268686764018,0.03620738762279362
+DIST:26204916,556417A1,347,0,0,170,-86752,3,
1658241309.1567886,313
Time: 1658241309.1406338, Euler: -0.031148080341201114,-0.07398149924898578,0.036243192148163426
+DIST:26204924,156509A9,249,0,346,170,-96775,10,
1658241309.18734,310
Time: 1658241309.1709652, Euler: -0.031134460792863427,-0.07396590207919296,0.03634229194049158
['154', '217']
1658241309.2203417,312
Time: 1658241309.199601, Euler: -0.03103571580834421,-0.07382792246128678,0.036365010759382456
['155', '218']
1658241309.2521355,322
Time: 1658241309.2202141, Euler: -0.031045317442618993,-0.07375330159323946,0.036341462454751006
['155', '218']
1658241309.2841525,322
Time: 1658241309.2502232, Euler: -0.031002946999883797,-0.07371203662794158,0.03642630221847765
['154', '218']
1658241309.313923,315
Time: 1658241309.2893286, Euler: -0.03090487265339532,-0.07378739294916214,0.03645931868807858
['154', '219']
1658241309.343113,315
Time: 1658241309.3219767, Euler: -0.030872630187974544,-0.07377573342375698,0.03643074746833166
['153', '219']
1658241309.375086,318
Time: 1658241309.350803, Euler: -0.030634845291569616,-0.07379442167172279,0.03619496466349236
['153', '221']
1658241309.4057558,298
Time: 1658241309.380704, Euler: -0.030616853865681262,-0.07382828156077426,0.03627423297522279
['154', '222']
1658241309.436095,301
Time: 1658241309.400309, Euler: -0.030560492383320637,-0.07378829737822401,0.03628892882607003
['155', '222']
1658241309.4677052,312
Time: 1658241309.4398713, Euler: -0.030788578189398622,-0.0738148275304451,0.03613588589947905
['156', '223']
1658241309.4972892,318
Time: 1658241309.4693997, Euler: -0.030778286697619554,-0.07377519309070335,0.03627101406579969
['156', '223']
1658241309.529559,311
Time: 1658241309.5016966, Euler: -0.030754561170346938,-0.07372573606023813,0.03618217445130351
+DIST_DBG:26205023,556509AF,245,279,346,170,-82832,2,1
1658241309.5610592,317
Time: 1658241309.5306444, Euler: -0.030801625010000028,-0.07370426932692653,0.03601427559503311
+DIST_DBG:26205031,1565010E,271,279,0,170,-89081,18,
1658241309.5934536,316
Time: 1658241309.5701804, Euler: -0.030621263958317338,-0.07392379832293061,0.036072976758284477
+DIST_DBG:26205039,556417A1,328,0,0,170,-86619,3,
1658241309.6253796,306
Time: 1658241309.5999591, Euler: -0.030734410155732483,-0.07384944759954948,0.03606626530425834
+DIST_DBG:26205046,156509A9,252,0,346,170,-95320,5,
1658241309.6558433,307
Time: 1658241309.6305346, Euler: -0.03075875526028308,-0.07383063222735853,0.036007908522110485
+DIST_DBG:26205054,556509AF,245,279,346,170,-83371,2,1
1658241309.6874886,297
Time: 1658241309.662192, Euler: -0.0305955028445192,-0.07386305392496162,0.03606444692390993
+DIST_DBG:26205062,1565010E,269,279,0,170,-88696,19,
1658241309.7193432,306
Time: 1658241309.6906621, Euler: -0.03050657883797766,-0.07389743905475243,0.03612211773785485
+DIST_DBG:26205069,556417A1,302,0,0,170,-89074,4,
1658241309.7505155,306
Time: 1658241309.7307177, Euler: -0.03042220549322556,-0.07375031046609992,0.03605079150747664
+DIST_DBG:26205077,156509A9,249,0,346,170,-96033,8,
1658241309.779641,307
Time: 1658241309.7597287, Euler: -0.030422415989927253,-0.07383348912183596,0.03600865846690229
+DIST_DBG:26205085,556509AF,242,279,346,170,-83323,2,1
1658241309.8103902,301
Time: 1658241309.7798002, Euler: -0.03034045285778703,-0.0737262737177038,0.03606264368632543
+DIST:26205092,1565010E,270,279,0,170,-88726,19,
1658241309.8445368,313
Time: 1658241309.8195517, Euler: -0.030386242477738867,-0.07382030278279084,0.03582526736255831
['154', '223']
1658241309.878078,311
Time: 1658241309.8605075, Euler: -0.03036103782805278,-0.07398466430648765,0.03596375129663351
+DIST:26205108,156509A9,251,0,346,170,-97578,9,
1658241309.909263,313
Time: 1658241309.8901432, Euler: -0.030334358781410015,-0.074113134983115,0.03599447493432447
+DIST_DBG:26205115,556509AF,244,279,346,170,-82947,2,1
1658241309.9431295,312
Time: 1658241309.9201076, Euler: -0.030352619758013732,-0.07428577711619244,0.03593818333719025
['153', '223']
1658241309.9746644,321
Time: 1658241309.9494553, Euler: -0.03026474026794491,-0.07417680056855902,0.035867580380254956
['153', '222']
1658241310.0047545,317
Time: 1658241309.979646, Euler: -0.0303105423939601,-0.07422713520766577,0.035812717254730175
+DIST_DBG:26205146,556509AF,244,279,346,170,-82948,2,1
1658241310.0458956,315
Time: 1658241310.0197482, Euler: -0.03045593629445036,-0.07423550398687562,0.036063467849822686
['151', '222']
1658241310.0886981,313
Time: 1658241310.0701895, Euler: -0.03049049555019577,-0.07456744962429718,0.036301651447691485
+DIST:26205161,556417A1,315,0,0,170,-88517,4,
1658241310.121498,312
Time: 1658241310.0998516, Euler: -0.030419109888792026,-0.07442159148215244,0.036141324376705364
+DIST_DBG:26206037,556417A1,303,0,0,170,-88728,4,
1658241310.153092,317
Time: 1658241310.130285, Euler: -0.03042919831264275,-0.07438294994878736,0.03606569065769394
+DIST_DBG:26206044,156509A9,250,0,346,170,-95522,11,
1658241310.1842115,313
Time: 1658241310.160763, Euler: -0.030441793086721035,-0.07445793475424868,0.03617370451257741
+DIST_DBG:26206052,556509AF,245,279,346,170,-82914,2,1
1658241310.217054,299
Time: 1658241310.1999085, Euler: -0.030636794933462455,-0.07447093483018086,0.03628640410837515
+DIST:26206060,1565010E,270,279,0,170,-88517,2,1
1658241310.251467,311
Time: 1658241310.2296376, Euler: -0.030610976158512663,-0.07432128135898108,0.03624501127074856
+DIST_DBG:26206067,556417A1,324,0,0,170,-86970,3,
1658241310.282454,302
Time: 1658241310.2496176, Euler: -0.030651088032264996,-0.07424000196053782,0.036284818230638435
+DIST:26206075,156509A9,251,0,346,170,-99312,12,
1658241310.3159115,317
Time: 1658241310.290142, Euler: -0.030726199782889277,-0.07430938425676592,0.03636178581755991
+DIST:26206083,556509AF,245,279,346,170,-82977,2,1
1658241310.345306,317
Time: 1658241310.3200321, Euler: -0.030787297545905066,-0.07432010016265812,0.036424519652948614
['164', '210']
1658241310.382835,308
Time: 1658241310.3503306, Euler: -0.03074560906829171,-0.07443820254461508,0.036335049884077965
['164', '210']
1658241310.415044,326
Time: 1658241310.3904135, Euler: -0.03070033365653416,-0.07448744853718181,0.036296263376946816
['164', '209']
1658241310.4469538,293
Time: 1658241310.4204545, Euler: -0.030877799668066884,-0.07434821941897551,0.03626245192979264
['165', '209']
1658241310.47877,311
Time: 1658241310.4496384, Euler: -0.031100258798799036,-0.07413123545266553,0.036264351622958164
['165', '209']
1658241310.5092514,300
Time: 1658241310.4796646, Euler: -0.030984975400005554,-0.07404330042384344,0.0361511180848956
+DIST_DBG:26206136,156509A9,247,0,346,170,-96716,12,
1658241310.5419288,317
Time: 1658241310.5204866, Euler: -0.031018925314572253,-0.07411792109163828,0.036236290258505346
+DIST_DBG:26206144,556509AF,243,279,346,170,-83594,2,1
1658241310.575541,302
Time: 1658241310.549693, Euler: -0.03101561612874232,-0.07403189382517716,0.03627075375266432
+DIST_DBG:26206152,1565010E,270,279,0,170,-88522,19,
1658241310.607478,300
Time: 1658241310.5799298, Euler: -0.030945438102820768,-0.07406330814393036,0.036408840173077044
+DIST_DBG:26206159,556417A1,303,0,0,170,-88667,4,
1658241310.638929,319
Time: 1658241310.6094563, Euler: -0.030766106327816047,-0.07396520015168619,0.036453975723693834
+DIST:26206167,156509A9,247,0,346,170,-96570,12,
1658241310.6697936,310
Time: 1658241310.649646, Euler: -0.030868624936438438,-0.07392571398255088,0.03649638211078382
['166', '208']
1658241310.712798,308
Time: 1658241310.7003655, Euler: -0.03098383288917063,-0.0741332053640742,0.03643409108407232
+DIST_DBG:26206190,556417A1,319,0,0,170,-86862,4,
1658241310.7531142,308
Time: 1658241310.7301824, Euler: -0.030983697898467475,-0.07422580920893473,0.036434732265039245
+DIST:26206198,156509A9,246,0,346,170,-96295,12,
1658241310.7842014,310
Time: 1658241310.77117, Euler: -0.031031994564290805,-0.07439646442381265,0.03671731383670358
+DIST:26206205,556509AF,244,279,346,170,-83147,2,1
1658241310.8250906,297
Time: 1658241310.799881, Euler: -0.0310542661760146,-0.07436183305344368,0.036550196734734815
+DIST:26206213,1565010E,269,279,0,170,-88608,7,
1658241310.8569689,312
Time: 1658241310.8300564, Euler: -0.03102827307572523,-0.0744697012148714,0.03666198328052991
['168', '206']
1658241310.893794,305
Time: 1658241310.8806581, Euler: -0.030924736090728936,-0.07452645477529418,0.03685119523362983
+DIST_DBG:26206236,556509AF,243,279,346,170,-83518,2,1
1658241310.9294565,311
Time: 1658241310.9105303, Euler: -0.030938520188401215,-0.07441014530588341,0.036768430058218594
+DIST:26206243,1565010E,269,279,0,170,-88541,19,
1658241310.964811,313
Time: 1658241310.9499214, Euler: -0.03090233040032947,-0.07440456896793335,0.03670622660213412
+DIST:26206251,556417A1,333,0,0,170,-86827,2,
1658241311.0014503,314
Time: 1658241310.9804175, Euler: -0.03077105884637742,-0.07437305780327885,0.036712405427286945
+DIST:26206259,156509A9,252,0,346,170,-95322,11,
1658241311.035985,317
Time: 1658241311.0098748, Euler: -0.030880621474816256,-0.074449122870754,0.03674843074348876
+DIST:26206267,556509AF,241,279,346,170,-83557,2,1
1658241311.0699549,314
Time: 1658241311.0407703, Euler: -0.03095908751771446,-0.07455002935411083,0.03680839641131671
['168', '208']
1658241311.1052916,317
Time: 1658241311.0902054, Euler: -0.031131517495514873,-0.07465156137802276,0.036830476686405655
+DIST_DBG:26206290,156509A9,249,0,346,170,-99324,10,
1658241311.1410556,313
Time: 1658241311.1201332, Euler: -0.03103918144576145,-0.0747075396455461,0.036803016127546384
+DIST:26206297,556509AF,241,279,346,170,-83458,2,1
1658241311.1780374,321
Time: 1658241311.150379, Euler: -0.031085434971975544,-0.07476405549637756,0.03677688907205675
+DIST:26206305,1565010E,271,279,0,170,-88762,16,
1658241311.2127635,308
Time: 1658241311.1796231, Euler: -0.031073323348737147,-0.07481893442663035,0.036759114871646736
+DIST:26206312,556417A1,310,0,0,170,-87192,3,
1658241311.2458894,313
Time: 1658241311.2206721, Euler: -0.031067868720611267,-0.07494159166302318,0.03664853949747166
['167', '211']
1658241311.2869596,313
Time: 1658241311.260743, Euler: -0.031162211113314457,-0.0748757094174244,0.03652783280231408
+DIST_DBG:26207189,556417A1,312,0,0,170,-89396,4,
1658241311.3184407,310
Time: 1658241311.300166, Euler: -0.03117221187505704,-0.07487324424364263,0.0362316197680209
['167', '211']
1658241311.35093,295
Time: 1658241311.3337893, Euler: -0.031191990735240864,-0.07489538067097334,0.03631902298530663
['167', '210']
1658241311.3832722,310
Time: 1658241311.361804, Euler: -0.031124863321490864,-0.07484678688821322,0.03630614453301883
+DIST_DBG:26207212,1565010E,269,279,0,170,-88536,15,
1658241311.4146667,304
Time: 1658241311.3930018, Euler: -0.031218916964167672,-0.074868326178811,0.03624723588225387
+DIST_DBG:26207219,556417A1,314,0,0,170,-85994,2,
1658241311.4470196,307
Time: 1658241311.4205713, Euler: -0.031036937998351676,-0.07482403774561996,0.03632168713158067
+DIST:26207227,156509A9,249,0,346,170,-95965,8,
1658241311.4820075,311
Time: 1658241311.4601262, Euler: -0.031039501770570955,-0.07474884310061136,0.0363330509036019
+DIST:26207235,556509AF,242,279,346,170,-83050,2,1
1658241311.5171373,307
Time: 1658241311.4948287, Euler: -0.031061169042972136,-0.0747126417532713,0.03631308557167322
['164', '212']
1658241311.5509107,298
Time: 1658241311.5305688, Euler: -0.03111599940617393,-0.07472197109276268,0.036395926440807275
['163', '212']
1658241311.584187,314
Time: 1658241311.5607708, Euler: -0.031120586223026967,-0.07471321078975124,0.036254789506401416
+DIST_DBG:26207266,556509AF,245,279,346,170,-82964,2,1
1658241311.621121,315
Time: 1658241311.599934, Euler: -0.031090185420187384,-0.07476119473246556,0.03617599384763809
+DIST:26207273,1565010E,269,279,0,170,-88887,17,
1658241311.657355,305
Time: 1658241311.6401072, Euler: -0.03090274497534577,-0.0746977268866389,0.03625416394033356
+DIST:26207281,556417A1,322,0,0,170,-87183,4,
1658241311.6987755,307
Time: 1658241311.6702785, Euler: -0.03104224849460986,-0.07485561497901094,0.036441282761078886
['161', '215']
1658241311.7320967,308
Time: 1658241311.7101078, Euler: -0.030986620593043305,-0.07485023616041953,0.036489260760264625
['161', '215']
1658241311.7625134,308
Time: 1658241311.741415, Euler: -0.030805745444237854,-0.07484081977958668,0.03647437100868234
['162', '215']
1658241311.793654,314
Time: 1658241311.7705846, Euler: -0.03081324037455062,-0.07478022966835997,0.03653165115852846
['162', '214']
1658241311.8256762,305
Time: 1658241311.8007607, Euler: -0.030944178208666063,-0.07479274855542939,0.0366192832233862
['162', '214']
1658241311.8575513,310
Time: 1658241311.8305907, Euler: -0.03085537896374332,-0.07473193292055781,0.03652234340188192
['162', '214']
1658241311.8888655,310
Time: 1658241311.8606539, Euler: -0.030865591375191473,-0.07477846057836281,0.036479529652165145
['162', '214']
1658241311.9208803,317
Time: 1658241311.90042, Euler: -0.03101675732538516,-0.07479857591344885,0.036410601599169
['162', '214']
1658241311.951196,307
Time: 1658241311.9305532, Euler: -0.0311828030417598,-0.07481549394683729,0.03658261844416358
+DIST_DBG:26207357,556509AF,241,279,346,170,-82664,2,1
1658241311.9840386,305
Time: 1658241311.960403, Euler: -0.03117200934711351,-0.07489572058804894,0.036443568105403945
+DIST_DBG:26207365,1565010E,273,279,0,170,-88675,16,
1658241312.0178304,314
Time: 1658241311.9904618, Euler: -0.031229816714214653,-0.07516407483380827,0.03644666306492941
+DIST:26207373,556417A1,330,0,0,170,-86639,2,
1658241312.0514517,303
Time: 1658241312.0203385, Euler: -0.03129234731826667,-0.0750735310888413,0.03637906288280775
+DIST:26207380,156509A9,248,0,346,170,-96723,12,
1658241312.0855927,315
Time: 1658241312.0599747, Euler: -0.031292227318213676,-0.07517662016740978,0.03643474489995444
['163', '213']
1658241312.1229444,308
Time: 1658241312.1017451, Euler: -0.03137225640414598,-0.0752218890377825,0.03651423403281407
['164', '214']
1658241312.1581829,316
Time: 1658241312.140138, Euler: -0.03145342137269025,-0.07544328499280883,0.0365910449762811
+DIST_DBG:26207411,156509A9,245,0,346,170,-96730,12,
1658241312.1946309,303
Time: 1658241312.170793, Euler: -0.03156594856066089,-0.07540221285493232,0.03667401922773152
+DIST_DBG:26207419,556509AF,246,279,346,170,-83006,2,1
1658241312.2282066,308
Time: 1658241312.2104673, Euler: -0.03152181282936329,-0.07530652285732287,0.036719071176507266
+DIST:26207426,1565010E,270,279,0,170,-88552,7,
1658241312.2621238,320
Time: 1658241312.2411084, Euler: -0.03150482263614654,-0.0752855552464613,0.03680028388842264
['166', '212']
1658241312.2980886,313
Time: 1658241312.2699406, Euler: -0.03165797230229824,-0.07530789960756512,0.03671096730829169
['166', '212']
1658241312.333786,314
Time: 1658241312.3005023, Euler: -0.03161523781357274,-0.07535621761174484,0.036795638270268605
+DIST_DBG:26207457,1565010E,272,279,0,170,-88816,17,
1658241312.3682303,312
Time: 1658241312.3403814, Euler: -0.03153001720105572,-0.07536655039843465,0.03676860242306708
+DIST_DBG:26208325,556509AF,244,279,346,170,-83590,2,1
1658241312.4015188,307
Time: 1658241312.3807209, Euler: -0.03141061863941229,-0.07539877525177974,0.036622516182359344
+DIST_DBG:26208333,1565010E,268,279,0,170,-88512,11,
1658241312.4372873,315
Time: 1658241312.4107072, Euler: -0.0313473052619414,-0.07540044265969459,0.03673772185658155
+DIST:26208340,556417A1,303,0,0,170,-89007,4,
1658241312.4701207,305
Time: 1658241312.4405897, Euler: -0.031177083848315638,-0.075302301799967,0.03657577740769615
+DIST:26208348,156509A9,250,0,346,170,-96528,12,
1658241312.5035684,314
Time: 1658241312.480258, Euler: -0.03118609688789868,-0.07514114121262261,0.036480281548785194
['166', '209']
1658241312.5418293,315
Time: 1658241312.520628, Euler: -0.03120352437553765,-0.07514944985912408,0.03638655878204266
['166', '209']
1658241312.5760422,310
Time: 1658241312.5507603, Euler: -0.03134402687646552,-0.07516739158511365,0.03643569465009616
+DIST_DBG:26208379,156509A9,248,0,346,170,-96462,12,
1658241312.612412,320
Time: 1658241312.5905328, Euler: -0.03141477288167408,-0.07525917661631731,0.0364134460053765
+DIST_DBG:26208386,556509AF,243,279,346,170,-83000,2,1
1658241312.6473298,306
Time: 1658241312.6318402, Euler: -0.03153641557605669,-0.07528601082696973,0.03621375300761599
+DIST_DBG:26208394,1565010E,271,279,0,170,-88476,7,
1658241312.679002,305
Time: 1658241312.658992, Euler: -0.03148178970125357,-0.0752850346975358,0.03608434819004313
+DIST:26208402,556417A1,315,0,0,170,-88772,4,
1658241312.7122052,302
Time: 1658241312.690009, Euler: -0.031590238418890984,-0.07532130442343665,0.03606130298873048
+DIST:26208409,156509A9,248,0,346,170,-95903,7,
1658241312.7440958,309
Time: 1658241312.7190132, Euler: -0.031529119130141246,-0.07526651872853529,0.03588034165792389
+DIST:26208417,556509AF,243,279,346,170,-83216,2,1
1658241312.7758336,293
Time: 1658241312.7489712, Euler: -0.03149466864626402,-0.07535686597365077,0.03591285112411607
+DIST:26208425,1565010E,272,279,0,170,-88477,17,
1658241312.8081598,313
Time: 1658241312.7888603, Euler: -0.031529233003396495,-0.07530223689034178,0.03594279603290027
+DIST:26208432,556417A1,301,0,0,170,-89506,4,
1658241312.840839,314
Time: 1658241312.8090239, Euler: -0.031472602535789526,-0.07532563563555406,0.03602866414463337
