1658409694.2056518,349.0
1658409694.2383087,349.0
1658409694.270096,349.0
1658409694.3026114,350.0
1658409694.3341541,349.0
1658409694.3658886,350.0
1658409694.3984342,349.0
1658409694.430706,348.0
1658409694.462275,349.0
1658409694.4944205,353.0
1658409694.5267422,357.0
1658409694.5583334,360.0
1658409694.5906491,364.0
1658409694.6228786,368.0
1658409694.6550407,367.0
1658409694.6874838,370.0
1658409694.7197976,377.0
1658409694.751213,383.0
1658409694.783339,389.0
1658409694.815156,389.0
1658409694.847272,394.0
1658409694.879129,393.0
1658409694.9108026,400.0
1658409694.9430895,404.0
1658409694.9748416,406.0
1658409695.0065794,410.0
1658409695.0386765,417.0
1658409695.0717628,419.0
1658409695.103502,419.0
1658409695.1354442,417.0
1658409695.1676238,427.0
1658409695.1991992,426.0
1658409695.2310195,432.0
1658409695.2625842,437.0
1658409695.2956285,444.0
1658409695.327652,440.0
1658409695.359307,445.0
1658409695.391045,448.0
1658409695.423021,451.0
1658409695.4552114,455.0
1658409695.488108,455.0
1658409695.519633,459.0
1658409695.551357,461.0
1658409695.582999,465.0
1658409695.6158512,468.0
1658409695.6467178,474.0
1658409695.6798456,481.0
1658409695.711478,481.0
1658409695.7432704,485.0
1658409695.774774,489.0
1658409695.807755,494.0
1658409695.8395946,498.0
1658409695.8711658,499.0
1658409695.90409,503.0
1658409695.9360716,509.0
1658409695.9676707,508.0
1658409695.9992912,515.0
1658409696.0309584,518.0
1658409696.0640228,520.0
1658409696.0958035,525.0
1658409696.1274233,529.0
1658409696.1593714,531.0
1658409696.1912227,533.0
1658409696.2231505,536.0
1658409696.254986,538.0
1658409696.28803,545.0
1658409696.3194597,547.0
1658409696.3514085,551.0
1658409696.3830447,555.0
1658409696.4158773,556.0
1658409696.4480891,561.0
1658409696.479788,566.0
1658409696.5113459,564.0
1658409696.5433056,571.0
1658409696.5761366,575.0
1658409696.607666,583.0
1658409696.6396518,580.0
1658409696.6714427,586.0
1658409696.7042737,584.0
1658409696.7357836,591.0
1658409696.7675207,595.0
1658409696.799109,604.0
1658409696.8321495,610.0
1658409696.8637555,607.0
1658409696.895432,612.0
1658409696.9283702,616.0
1658409696.9603014,616.0
1658409696.9919167,616.0
1658409697.023398,627.0
1658409697.0552542,634.0
1658409697.0883603,631.0
1658409697.1198378,635.0
1658409697.1516676,641.0
1658409697.1836488,637.0
1658409697.2164314,647.0
1658409697.2482228,648.0
1658409697.2798028,649.0
1658409697.3113632,654.0
1658409697.3441536,657.0
1658409697.3758476,661.0
1658409697.4086258,664.0
1658409697.4395812,665.0
1658409697.4726994,673.0
1658409697.504182,673.0
1658409697.535799,678.0
1658409697.5686781,682.0
1658409697.6002812,682.0
1658409697.631867,690.0
1658409697.6637554,691.0
1658409697.6966717,697.0
1658409697.7285275,701.0
1658409697.7602494,701.0
1658409697.7918432,701.0
1658409697.824647,706.0
1658409697.8564706,721.0
1658409697.8882685,714.0
1658409697.9210982,724.0
1658409697.9517229,724.0
1658409697.984933,723.0
1658409698.0165546,726.0
1658409698.0487552,729.0
1658409698.0805678,734.0
1658409698.1123295,739.0
1658409698.1438377,737.0
1658409698.1767557,740.0
1658409698.2084746,747.0
1658409698.2401059,751.0
1658409698.27306,756.0
1658409698.3045585,760.0
1658409698.3362226,762.0
1658409698.3681011,765.0
1658409698.3998096,771.0
1658409698.432908,768.0
1658409698.4650686,775.0
1658409698.4966295,778.0
1658409698.5283153,781.0
1658409698.5601122,786.0
1658409698.5930758,786.0
1658409698.6245763,794.0
1658409698.6563122,790.0
1658409698.688091,798.0
1658409698.7209725,799.0
1658409698.7525117,805.0
1658409698.7843106,804.0
1658409698.816136,810.0
1658409698.8481119,813.0
1658409698.8812203,814.0
1658409698.912858,822.0
1658409698.9445424,833.0
1658409698.9763682,833.0
1658409699.0093668,835.0
1658409699.041184,837.0
1658409699.073011,841.0
1658409699.104658,842.0
1658409699.1378381,847.0
1658409699.1695318,848.0
1658409699.2009416,855.0
1658409699.232342,854.0
1658409699.265488,856.0
1658409699.2964556,864.0
1658409699.3287737,866.0
1658409699.3611152,872.0
1658409699.3926182,871.0
1658409699.4253623,877.0
1658409699.45738,871.0
1658409699.488905,885.0
1658409699.5216675,882.0
1658409699.5532632,895.0
1658409699.584573,899.0
1658409699.6172073,894.0
1658409699.6487782,897.0
1658409699.6809704,900.0
1658409699.7132273,902.0
1658409699.7456477,902.0
1658409699.7775562,924.0
1658409699.8090677,916.0
1658409699.8406541,911.0
1658409699.8737507,928.0
1658409699.905277,933.0
1658409699.9369278,923.0
1658409699.9700036,930.0
1658409700.001421,933.0
1658409700.0329626,939.0
1658409700.065817,939.0
1658409700.0973022,941.0
1658409700.1301694,954.0
1658409700.1617594,948.0
1658409700.1933763,954.0
1658409700.2261271,954.0
1658409700.2578764,965.0
1658409700.2893453,963.0
1658409700.3220181,966.0
1658409700.3533823,978.0
1658409700.386081,976.0
1658409700.4174094,974.0
1658409700.4492733,981.0
1658409700.482188,988.0
1658409700.5136342,983.0
1658409700.5451558,992.0
1658409700.5781918,998.0
1658409700.6097066,992.0
1658409700.6425517,1004.0
1658409700.6743007,997.0
1658409700.7057774,1000.0
1658409700.7386785,1013.0
1658409700.770239,1017.0
1658409700.8016534,1013.0
1658409700.8344526,1030.0
1658409700.866005,1017.0
1658409700.8974252,1026.0
1658409700.9301598,1036.0
1658409700.9616945,1038.0
1658409700.994667,1033.0
1658409701.026157,1039.0
1658409701.0576787,1057.0
1658409701.0904722,1051.0
1658409701.1218102,1059.0
1658409701.1547363,1048.0
1658409701.1862383,1050.0
1658409701.217823,1058.0
1658409701.2507396,1050.0
1658409701.2823524,1074.0
1658409701.313956,1076.0
1658409701.3455486,1081.0
1658409701.378624,1080.0
1658409701.4100506,1087.0
1658409701.441875,1089.0
1658409701.473704,1088.0
1658409701.5065176,1088.0
1658409701.5378978,1093.0
1658409701.5708892,1100.0
1658409701.6023219,1100.0
1658409701.6336946,1113.0
1658409701.666655,1103.0
1658409701.6981816,1103.0
1658409701.7296677,1116.0
1658409701.7627864,1104.0
1658409701.7939262,1124.0
1658409701.8265748,1125.0
1658409701.8578594,1132.0
1658409701.8895946,1125.0
1658409701.922304,1123.0
1658409701.9538543,1135.0
1658409701.9866967,1141.0
1658409702.0180814,1133.0
1658409702.049662,1154.0
1658409702.0826578,1142.0
1658409702.1139886,1156.0
1658409702.145341,1158.0
1658409702.1783254,1152.0
1658409702.2098086,1158.0
1658409702.2425923,1169.0
1658409702.2741926,1169.0
1658409702.3056798,1171.0
1658409702.3385465,1162.0
1658409702.3702,1180.0
1658409702.4016707,1168.0
1658409702.4333262,1187.0
1658409702.4653394,1177.0
1658409702.4982824,1198.0
1658409702.5298495,1197.0
1658409702.561368,1194.0
1658409702.5932555,1196.0
1658409702.624976,1204.0
1658409702.6580784,1216.0
1658409702.6898131,1198.0
1658409702.721775,1219.0
1658409702.753306,1226.0
1658409702.7850585,1238.0
1658409702.8167033,1215.0
1658409702.8498058,1230.0
1658409702.8817172,1238.0
1658409702.913183,1238.0
1658409702.9450133,1238.0
1658409702.9766176,1255.0
1658409703.0097063,1236.0
1658409703.0413492,1245.0
1658409703.073102,1261.0
1658409703.1048956,1246.0
1658409703.1377265,1258.0
1658409703.1692119,1255.0
1658409703.2009113,1273.0
1658409703.2324007,1258.0
1658409703.265358,1272.0
1658409703.29687,1267.0
1658409703.328828,1268.0
1658409703.3606894,1291.0
1658409703.3927562,1274.0
1658409703.4243808,1283.0
1658409703.456529,1293.0
1658409703.4884162,1287.0
1658409703.520335,1289.0
1658409703.5532246,1294.0
1658409703.5838406,1297.0
1658409703.6166887,1287.0
1658409703.648312,1314.0
1658409703.6802003,1325.0
1658409703.7117147,1337.0
1658409703.744733,1309.0
1658409703.7766814,1312.0
1658409703.8084142,1331.0
1658409703.8402205,1319.0
1658409703.8720381,1331.0
1658409703.9050596,1335.0
1658409703.9368544,1355.0
1658409703.9683695,1340.0
1658409704.0000515,1331.0
1658409704.031929,1355.0
1658409704.064336,1326.0
1658409704.0956542,1344.0
1658409704.1283002,1342.0
1658409704.160674,1351.0
1658409704.1918342,1351.0
1658409704.2236848,1337.0
1658409704.2560847,1369.0
1658409704.2882445,1339.0
1658409704.3203278,1318.0
1658409704.3521805,1339.0
1658409704.383395,1346.0
1658409704.4158762,1353.0
1658409704.4471214,1342.0
1658409704.4795156,1360.0
1658409704.5116336,1354.0
1658409704.5437567,1345.0
1658409704.5749905,1358.0
1658409704.6077168,1366.0
1658409704.6396952,1359.0
1658409704.6723218,1349.0
1658409704.7041254,1371.0
1658409704.7353716,1359.0
1658409704.7672744,1354.0
1658409704.7996447,1346.0
1658409704.8312979,1340.0
1658409704.863127,1343.0
1658409704.8947423,1350.0
1658409704.9276314,1355.0
1658409704.9591498,1343.0
1658409704.9908717,1348.0
1658409705.0223923,1347.0
1658409705.0549057,1346.0
1658409705.0866883,1336.0
1658409705.1195412,1337.0
1658409705.151149,1340.0
1658409705.183061,1337.0
1658409705.214514,1331.0
1658409705.2472901,1345.0
1658409705.2788951,1349.0
1658409705.310282,1349.0
1658409705.3429859,1353.0
1658409705.374654,1354.0
1658409705.406263,1329.0
1658409705.4391131,1348.0
1658409705.4711125,1354.0
1658409705.5023365,1343.0
1658409705.5346541,1334.0
1658409705.5663533,1365.0
1658409705.598652,1346.0
1658409705.630293,1328.0
1658409705.6620615,1342.0
1658409705.6944973,1339.0
1658409705.7258,1355.0
1658409705.7586887,1342.0
1658409705.7904072,1341.0
1658409705.823063,1354.0
1658409705.8539777,1369.0
1658409705.886942,1341.0
1658409705.918168,1358.0
1658409705.9506075,1337.0
1658409705.982234,1358.0
1658409706.013689,1353.0
1658409706.0467343,1372.0
1658409706.0780225,1358.0
1658409706.110739,1349.0
1658409706.142121,1349.0
1658409706.1738691,1350.0
1658409706.2066398,1324.0
1658409706.2379298,1349.0
1658409706.270627,1325.0
1658409706.3017073,1337.0
1658409706.3343742,1321.0
1658409706.3660772,1319.0
1658409706.397214,1319.0
1658409706.42991,1318.0
1658409706.4614666,1313.0
1658409706.4930527,1301.0
1658409706.5255685,1304.0
1658409706.5581284,1299.0
1658409706.589647,1293.0
1658409706.6223404,1287.0
1658409706.653331,1296.0
1658409706.6857917,1297.0
1658409706.716921,1279.0
1658409706.7493343,1263.0
1658409706.7817514,1278.0
1658409706.8130798,1276.0
1658409706.8455143,1261.0
1658409706.8777866,1263.0
1658409706.908706,1264.0
1658409706.9406075,1264.0
1658409706.9738252,1268.0
1658409707.0059752,1262.0
1658409707.0373085,1248.0
1658409707.0685909,1250.0
1658409707.100609,1251.0
1658409707.1334069,1241.0
1658409707.1655307,1222.0
1658409707.196824,1228.0
1658409707.2285507,1238.0
1658409707.2605217,1240.0
1658409707.2931783,1218.0
1658409707.325529,1236.0
1658409707.3567355,1212.0
1658409707.3893895,1222.0
1658409707.421571,1199.0
1658409707.4526412,1210.0
1658409707.4853184,1194.0
1658409707.51635,1198.0
1658409707.5485716,1205.0
1658409707.5809455,1196.0
1658409707.6121008,1203.0
1658409707.6446426,1191.0
1658409707.6760712,1202.0
1658409707.708418,1174.0
1658409707.7407305,1187.0
1658409707.7729533,1179.0
1658409707.8051975,1177.0
1658409707.836205,1165.0
1658409707.868779,1183.0
1658409707.9000063,1188.0
1658409707.9324992,1157.0
1658409707.9636085,1154.0
1658409707.9963279,1153.0
1658409708.0276117,1152.0
1658409708.0600827,1148.0
1658409708.0926075,1142.0
1658409708.1244,1148.0
1658409708.1561394,1134.0
1658409708.1882057,1142.0
1658409708.219767,1123.0
1658409708.2515528,1137.0
1658409708.283422,1125.0
1658409708.3153758,1130.0
1658409708.3483539,1113.0
1658409708.380158,1111.0
1658409708.4119284,1115.0
1658409708.4438128,1099.0
1658409708.475852,1100.0
1658409708.5075858,1111.0
1658409708.5392196,1099.0
1658409708.572305,1094.0
1658409708.604213,1100.0
1658409708.6357813,1100.0
1658409708.6675272,1072.0
1658409708.6996858,1079.0
1658409708.731428,1087.0
1658409708.7631006,1079.0
1658409708.7949996,1062.0
1658409708.8268678,1071.0
1658409708.8599105,1079.0
1658409708.8918169,1066.0
1658409708.9234624,1067.0
1658409708.9552555,1063.0
1658409708.987161,1056.0
1658409709.02021,1049.0
1658409709.0518503,1044.0
1658409709.0838134,1059.0
1658409709.115638,1041.0
1658409709.1472714,1043.0
1658409709.179441,1040.0
1658409709.2112262,1037.0
1658409709.244086,1026.0
1658409709.27572,1035.0
1658409709.3078237,1017.0
1658409709.3394992,1018.0
1658409709.3712413,1015.0
1658409709.4044979,1003.0
1658409709.4360626,1008.0
1658409709.4679463,1017.0
1658409709.4999743,1011.0
1658409709.5316393,994.0
1658409709.5644674,995.0
1658409709.5964184,997.0
1658409709.6281054,999.0
1658409709.6597269,982.0
1658409709.6917448,985.0
1658409709.7234201,982.0
1658409709.7565236,976.0
1658409709.7884114,972.0
1658409709.820271,972.0
1658409709.8517737,968.0
1658409709.8835535,960.0
1658409709.9166672,960.0
1658409709.9485211,965.0
1658409709.9801228,955.0
1658409710.012563,950.0
1658409710.0436594,939.0
1658409710.075954,932.0
1658409710.1084013,940.0
1658409710.140883,927.0
1658409710.173077,931.0
1658409710.2042618,923.0
1658409710.2364357,916.0
1658409710.2686217,914.0
1658409710.2999876,917.0
1658409710.332327,917.0
1658409710.3646116,908.0
1658409710.3970788,911.0
1658409710.4292307,897.0
1658409710.4606328,897.0
1658409710.4928453,900.0
1658409710.5249925,903.0
1658409710.5571954,895.0
1658409710.5884871,885.0
1658409710.6207519,887.0
1658409710.6529062,879.0
1658409710.685617,876.0
1658409710.7167466,881.0
1658409710.748914,874.0
1658409710.781421,870.0
1658409710.8129368,864.0
1658409710.8451066,858.0
1658409710.877319,859.0
1658409710.9083996,855.0
1658409710.9406226,853.0
1658409710.973025,848.0
1658409711.0056136,849.0
1658409711.0378845,839.0
1658409711.068567,839.0
1658409711.1011515,834.0
1658409711.1333983,834.0
1658409711.1654434,833.0
1658409711.196966,820.0
1658409711.2292814,827.0
1658409711.2617576,814.0
1658409711.2928505,813.0
1658409711.3250391,814.0
1658409711.3571959,811.0
1658409711.3896952,806.0
1658409711.4220395,802.0
1658409711.4531617,795.0
1658409711.4856975,789.0
1658409711.5168688,792.0
1658409711.5490508,783.0
1658409711.5815363,778.0
1658409711.6126812,781.0
1658409711.6451035,773.0
1658409711.6776857,776.0
1658409711.710001,772.0
1658409711.7409132,766.0
1658409711.7731054,764.0
1658409711.8052652,766.0
1658409711.8376577,752.0
1658409711.8698442,754.0
1658409711.9016652,749.0
1658409711.9335861,743.0
1658409711.9652152,738.0
1658409711.9970639,735.0
1658409712.030249,734.0
1658409712.0618653,730.0
1658409712.0937085,731.0
1658409712.1254008,721.0
1658409712.1570067,727.0
1658409712.1902547,721.0
1658409712.2219446,716.0
1658409712.253421,713.0
1658409712.2864494,709.0
1658409712.3171601,706.0
1658409712.3501732,709.0
1658409712.381785,704.0
1658409712.413618,701.0
1658409712.4453619,695.0
1658409712.4774234,690.0
1658409712.5093324,691.0
1658409712.5423102,683.0
1658409712.5739734,689.0
1658409712.6058037,682.0
1658409712.6375563,668.0
1658409712.6705797,676.0
1658409712.7025738,668.0
1658409712.734296,666.0
1658409712.7659092,654.0
1658409712.7976937,656.0
1658409712.8295486,659.0
1658409712.8626256,652.0
1658409712.8944194,647.0
1658409712.9261465,642.0
1658409712.9579074,638.0
1658409712.989716,638.0
1658409713.0228772,630.0
1658409713.0545287,631.0
1658409713.086127,628.0
1658409713.1179225,622.0
1658409713.1495867,616.0
1658409713.1827476,618.0
1658409713.2146869,609.0
1658409713.2463512,613.0
1658409713.278194,610.0
1658409713.3102677,605.0
1658409713.342077,601.0
1658409713.374131,597.0
1658409713.4060411,592.0
1658409713.4390023,592.0
1658409713.4699175,589.0
1658409713.5017817,583.0
1658409713.5348248,581.0
1658409713.566552,575.0
1658409713.598365,572.0
1658409713.6299465,565.0
1658409713.6629522,558.0
1658409713.6949806,556.0
1658409713.7267528,556.0
1658409713.7583776,552.0
1658409713.7899833,549.0
1658409713.822126,546.0
1658409713.8550794,548.0
1658409713.8865833,540.0
1658409713.9182825,530.0
1658409713.9499044,530.0
1658409713.9829414,528.0
1658409714.014675,527.0
1658409714.0464084,524.0
1658409714.0780118,517.0
1658409714.1111226,516.0
1658409714.1426532,510.0
1658409714.1742592,506.0
1658409714.206258,507.0
1658409714.2392688,507.0
1658409714.27089,496.0
1658409714.302483,494.0
1658409714.3343272,495.0
1658409714.3660944,491.0
1658409714.3991003,486.0
1658409714.4307885,481.0
1658409714.4628298,476.0
1658409714.4943736,476.0
1658409714.5261934,471.0
1658409714.5591571,463.0
1658409714.5907679,461.0
1658409714.6226509,456.0
1658409714.6541626,456.0
1658409714.687139,454.0
1658409714.7189174,449.0
1658409714.7506034,447.0
1658409714.7821941,445.0
1658409714.8153234,441.0
1658409714.846828,436.0
1658409714.8790307,433.0
1658409714.9113464,431.0
1658409714.9431067,425.0
1658409714.9746673,426.0
1658409715.0062559,420.0
1658409715.0394745,417.0
1658409715.070313,415.0
1658409715.103538,410.0
1658409715.135161,403.0
1658409715.1672053,403.0
1658409715.19926,400.0
1658409715.2312403,398.0
1658409715.2629757,394.0
1658409715.294691,389.0
1658409715.3266902,388.0
1658409715.3586764,385.0
1658409715.3917725,378.0
1658409715.4225981,376.0
1658409715.4557066,372.0
1658409715.488001,368.0
1658409715.5196853,367.0
1658409715.5513797,359.0
1658409715.5835319,359.0
1658409715.6152418,353.0
1658409715.6472492,351.0
1658409715.679187,347.0
1658409715.7117777,347.0
1658409715.743663,350.0
1658409715.776356,348.0
1658409715.8091912,347.0
1658409715.8417208,345.0
1658409715.873039,347.0
1658409715.9068727,348.0
1658409715.9387686,346.0
1658409715.9715235,344.0
1658409716.0030825,345.0
1658409716.035036,347.0
1658409716.0680096,346.0
1658409716.1009297,347.0
1658409716.1326861,347.0
1658409716.1643903,345.0
1658409716.1974633,344.0
1658409716.2291763,342.0
1658409716.2622943,346.0
1658409716.2939453,346.0
1658409716.3271737,346.0
1658409716.35884,347.0
1658409716.3905244,347.0
1658409716.4238136,343.0
1658409716.4552922,346.0
1658409716.4888046,346.0
1658409716.5208094,348.0
1658409716.5525517,346.0
1658409716.5857677,347.0
1658409716.6176946,347.0
1658409716.6498032,347.0
1658409716.6820843,348.0
1658409716.7141,347.0
1658409716.7471163,350.0
1658409716.7788506,346.0
1658409716.8105159,347.0
1658409716.8434184,347.0
1658409716.8761683,346.0
1658409716.90783,345.0
1658409716.9409525,347.0
1658409716.972551,344.0
1658409717.0053804,348.0
1658409717.0374956,346.0
1658409717.069778,347.0
1658409717.1020627,345.0
1658409717.1340415,350.0
1658409717.1662464,347.0
1658409717.198773,345.0
1658409717.2310114,346.0
1658409717.2633698,345.0
1658409717.2956042,349.0
1658409717.3279977,346.0
1658409717.3601081,348.0
1658409717.3935072,347.0
1658409717.4258034,349.0
1658409717.4582002,345.0
1658409717.489388,349.0
1658409717.5230258,345.0
1658409717.5551002,346.0
1658409717.5870137,345.0
1658409717.6191304,347.0
1658409717.6518247,348.0
1658409717.6838892,345.0
1658409717.7162783,345.0
1658409717.7486517,346.0
1658409717.7808015,349.0
1658409717.8131008,355.0
1658409717.8453202,357.0
1658409717.8776023,362.0
1658409717.9085379,364.0
1658409717.9412098,364.0
1658409717.973208,369.0
1658409718.005298,372.0
1658409718.0366967,378.0
1658409718.069543,382.0
1658409718.1025217,386.0
1658409718.1326337,387.0
1658409718.164771,395.0
1658409718.197764,394.0
1658409718.2291162,397.0
1658409718.261331,404.0
1658409718.293746,403.0
1658409718.3250792,412.0
1658409718.3578775,416.0
1658409718.3887753,417.0
1658409718.4221196,418.0
1658409718.4540431,421.0
1658409718.4849105,425.0
1658409718.5171127,431.0
1658409718.5494008,435.0
1658409718.5814242,438.0
1658409718.6134894,443.0
1658409718.6456938,444.0
1658409718.6776175,445.0
1658409718.7098293,449.0
1658409718.7420127,451.0
1658409718.7740448,456.0
1658409718.8061886,458.0
1658409718.8378513,463.0
1658409718.8699071,468.0
1658409718.9017622,469.0
1658409718.9338288,475.0
1658409718.9659054,475.0
1658409718.9980326,478.0
1658409719.0300367,483.0
1658409719.0609658,486.0
1658409719.0931745,491.0
1658409719.125339,495.0
1658409719.1573462,498.0
1658409719.1895273,500.0
1658409719.2214372,503.0
1658409719.2531228,509.0
1658409719.2854493,510.0
1658409719.317559,513.0
1658409719.3497303,524.0
1658409719.3816912,520.0
1658409719.4138079,526.0
1658409719.445877,527.0
1658409719.4782438,529.0
1658409719.5102334,532.0
1658409719.5422957,536.0
1658409719.574246,547.0
1658409719.6059773,544.0
1658409719.6382406,548.0
1658409719.6703904,554.0
1658409719.7014456,549.0
1658409719.7336934,557.0
1658409719.7656956,559.0
1658409719.797882,569.0
1658409719.8298132,577.0
1658409719.8617659,571.0
1658409719.8937337,576.0
1658409719.9258168,580.0
1658409719.9581168,581.0
1658409719.9902174,588.0
1658409720.0216124,588.0
1658409720.0535846,594.0
1658409720.0857446,603.0
1658409720.1179154,602.0
1658409720.1500826,603.0
1658409720.1824827,607.0
1658409720.2132652,612.0
1658409720.2454169,616.0
1658409720.2772555,619.0
1658409720.3104978,625.0
1658409720.341318,622.0
1658409720.3732944,626.0
1658409720.4065917,636.0
1658409720.4377065,635.0
1658409720.4706638,635.0
1658409720.5017984,642.0
1658409720.533465,644.0
1658409720.5665004,647.0
1658409720.5982873,657.0
1658409720.630797,657.0
1658409720.6620116,655.0
1658409720.6944869,661.0
1658409720.7254784,661.0
1658409720.7580488,666.0
1658409720.7908921,670.0
1658409720.8229613,673.0
1658409720.8544335,675.0
1658409720.886916,685.0
1658409720.917662,687.0
1658409720.9506125,695.0
1658409720.9818408,691.0
1658409721.01554,694.0
1658409721.0463285,694.0
1658409721.0785384,706.0
1658409721.1096728,704.0
1658409721.1427166,714.0
1658409721.1749463,713.0
1658409721.2069957,713.0
1658409721.2381568,714.0
1658409721.2703743,720.0
1658409721.3033864,724.0
1658409721.334722,728.0
1658409721.3659086,730.0
1658409721.3985598,736.0
1658409721.4302423,732.0
1658409721.4630697,735.0
1658409721.4949892,738.0
1658409721.5261178,748.0
1658409721.5588799,746.0
1658409721.5905712,747.0
1658409721.6232905,755.0
1658409721.6545362,761.0
1658409721.6866584,757.0
1658409721.719249,768.0
1658409721.7509105,766.0
1658409721.7820807,775.0
1658409721.8149598,781.0
1658409721.8470125,788.0
1658409721.8783438,781.0
1658409721.9103608,790.0
1658409721.943191,793.0
1658409721.9744704,803.0
1658409722.0074322,800.0
1658409722.038221,803.0
1658409722.0713625,812.0
1658409722.102537,803.0
1658409722.13513,810.0
1658409722.16711,812.0
1658409722.19882,817.0
1658409722.230625,818.0
1658409722.2623165,823.0
1658409722.295224,834.0
1658409722.3264964,835.0
1658409722.3591626,836.0
1658409722.390567,828.0
1658409722.4232202,839.0
1658409722.4559,846.0
1658409722.4875295,842.0
1658409722.5189214,848.0
1658409722.5504985,858.0
1658409722.583068,857.0
1658409722.6145926,862.0
1658409722.6475942,868.0
1658409722.6788719,868.0
1658409722.7118158,875.0
1658409722.7433245,870.0
1658409722.774479,877.0
1658409722.8072612,890.0
1658409722.8400543,885.0
1658409722.871598,892.0
1658409722.903479,893.0
1658409722.9359329,894.0
1658409722.9677083,897.0
1658409722.9993882,897.0
1658409723.0311265,911.0
1658409723.0626974,905.0
1658409723.0956616,917.0
1658409723.1276248,913.0
1658409723.159165,925.0
1658409723.190903,910.0
1658409723.223806,924.0
1658409723.2556736,929.0
1658409723.2871616,923.0
1658409723.3202214,933.0
1658409723.3518474,941.0
1658409723.3836672,941.0
1658409723.4154186,937.0
1658409723.4474182,954.0
1658409723.4796937,957.0
1658409723.512177,963.0
1658409723.54407,965.0
1658409723.5751448,964.0
1658409723.6076674,964.0
1658409723.6404083,968.0
1658409723.6716664,978.0
1658409723.7045617,974.0
1658409723.7352486,981.0
1658409723.767679,978.0
1658409723.7999275,977.0
1658409723.8319576,985.0
1658409723.8636987,993.0
1658409723.8955183,994.0
1658409723.927288,991.0
1658409723.9596348,1000.0
1658409723.991477,1005.0
1658409724.0235455,1005.0
1658409724.0560284,1013.0
1658409724.0880542,1019.0
1658409724.1197102,1031.0
1658409724.1523213,1024.0
1658409724.1843889,1026.0
1658409724.2163212,1033.0
1658409724.2477474,1033.0
1658409724.2796586,1038.0
1658409724.3117115,1038.0
1658409724.344297,1040.0
1658409724.3762314,1053.0
1658409724.407994,1057.0
1658409724.4405434,1061.0
1658409724.472283,1058.0
1658409724.5048857,1058.0
1658409724.537205,1065.0
1658409724.5682013,1068.0
1658409724.6001925,1067.0
1658409724.6321762,1073.0
1658409724.6643877,1078.0
1658409724.6961908,1078.0
1658409724.7281642,1085.0
1658409724.7600236,1092.0
1658409724.7916749,1091.0
1658409724.8236516,1088.0
1658409724.8554943,1089.0
1658409724.888333,1097.0
1658409724.9200425,1105.0
1658409724.9518874,1105.0
1658409724.9839077,1107.0
1658409725.0158346,1114.0
1658409725.0475729,1109.0
1658409725.079513,1130.0
1658409725.112465,1132.0
1658409725.1443117,1127.0
1658409725.176072,1120.0
1658409725.2079084,1126.0
1658409725.2396858,1134.0
1658409725.2725523,1149.0
1658409725.304333,1131.0
1658409725.33567,1133.0
1658409725.3673015,1149.0
1658409725.3993165,1149.0
1658409725.432052,1153.0
1658409725.463797,1163.0
1658409725.4959407,1160.0
1658409725.527728,1160.0
1658409725.5592992,1164.0
1658409725.5922039,1160.0
1658409725.6238136,1175.0
1658409725.6557488,1174.0
1658409725.6874032,1184.0
1658409725.719137,1193.0
1658409725.750921,1193.0
1658409725.7827885,1187.0
1658409725.8156033,1187.0
1658409725.8474362,1191.0
1658409725.8790028,1193.0
1658409725.9106393,1191.0
1658409725.9437294,1211.0
1658409725.975698,1205.0
1658409726.0072515,1215.0
1658409726.0390522,1220.0
1658409726.071843,1207.0
1658409726.103188,1232.0
1658409726.134684,1213.0
1658409726.167441,1216.0
1658409726.199284,1237.0
1658409726.2310534,1240.0
1658409726.2626944,1234.0
1658409726.2942848,1234.0
1658409726.3261435,1241.0
1658409726.358888,1251.0
1658409726.390574,1256.0
1658409726.4220486,1246.0
1658409726.4550505,1264.0
1658409726.4870431,1259.0
1658409726.5186317,1250.0
1658409726.5504494,1278.0
1658409726.5820055,1263.0
1658409726.6137867,1271.0
1658409726.6470323,1274.0
1658409726.6787672,1295.0
1658409726.7103677,1271.0
1658409726.7420404,1292.0
1658409726.7737675,1296.0
1658409726.8065557,1288.0
1658409726.8384259,1302.0
1658409726.8700266,1308.0
1658409726.9016585,1301.0
1658409726.9346273,1306.0
1658409726.9663987,1310.0
1658409726.998005,1308.0
1658409727.0297885,1302.0
1658409727.0616164,1326.0
1658409727.0943112,1310.0
1658409727.1258273,1326.0
1658409727.1574512,1330.0
1658409727.1903338,1337.0
1658409727.222338,1324.0
1658409727.2539387,1329.0
1658409727.2853107,1345.0
1658409727.317048,1329.0
1658409727.349061,1353.0
1658409727.3810549,1351.0
1658409727.414048,1352.0
1658409727.4457858,1358.0
1658409727.4777346,1347.0
1658409727.509551,1363.0
1658409727.5414658,1360.0
1658409727.5734258,1349.0
1658409727.6050906,1336.0
1658409727.6381166,1337.0
1658409727.6696248,1341.0
1658409727.701112,1350.0
1658409727.73303,1349.0
1658409727.7646008,1333.0
1658409727.7978039,1332.0
1658409727.829504,1354.0
1658409727.861167,1351.0
1658409727.892784,1351.0
1658409727.9246967,1359.0
1658409727.9566581,1336.0
1658409727.988724,1352.0
1658409728.0219214,1368.0
1658409728.0534515,1349.0
1658409728.0851827,1348.0
1658409728.1169102,1348.0
1658409728.148751,1346.0
1658409728.1803608,1369.0
1658409728.2133098,1357.0
1658409728.2450833,1349.0
1658409728.2769957,1352.0
1658409728.308829,1358.0
1658409728.340915,1344.0
1658409728.3726494,1338.0
1658409728.4042459,1333.0
1658409728.4359,1345.0
1658409728.4689267,1349.0
1658409728.4998932,1358.0
1658409728.5329895,1347.0
1658409728.5649354,1333.0
1658409728.5965598,1348.0
1658409728.628468,1349.0
1658409728.6600022,1351.0
1658409728.6918464,1350.0
1658409728.7236862,1337.0
1658409728.7566183,1360.0
1658409728.788395,1347.0
1658409728.8204715,1347.0
1658409728.8519619,1335.0
1658409728.8839834,1338.0
1658409728.9159236,1340.0
1658409728.947918,1348.0
1658409728.9800804,1338.0
1658409729.0118396,1340.0
1658409729.043876,1351.0
1658409729.075589,1330.0
1658409729.1074784,1350.0
1658409729.13923,1356.0
1658409729.1726213,1351.0
1658409729.2046099,1350.0
1658409729.2365448,1333.0
1658409729.2679703,1349.0
1658409729.2996132,1340.0
1658409729.3315313,1351.0
1658409729.3634052,1348.0
1658409729.3952928,1339.0
1658409729.42719,1342.0
1658409729.4590414,1338.0
1658409729.4913287,1336.0
1658409729.5231845,1340.0
1658409729.5547886,1334.0
1658409729.5881135,1332.0
1658409729.6195645,1325.0
1658409729.65136,1321.0
1658409729.6835895,1321.0
1658409729.7153916,1309.0
1658409729.747356,1300.0
1658409729.7790215,1302.0
1658409729.8105822,1297.0
1658409729.8425362,1290.0
1658409729.874542,1289.0
1658409729.9074569,1307.0
1658409729.9394815,1288.0
1658409729.9713109,1286.0
1658409730.0027485,1292.0
1658409730.0345078,1277.0
1658409730.0665286,1275.0
1658409730.0980816,1265.0
1658409730.1311939,1258.0
1658409730.1628413,1267.0
1658409730.1942728,1276.0
1658409730.2270799,1267.0
1658409730.2587152,1252.0
1658409730.2905338,1247.0
1658409730.322069,1244.0
1658409730.3550377,1245.0
1658409730.3864834,1228.0
1658409730.4178302,1240.0
1658409730.4496622,1245.0
1658409730.481847,1230.0
1658409730.514703,1239.0
1658409730.5463908,1213.0
1658409730.5781105,1221.0
1658409730.609799,1217.0
1658409730.6426656,1221.0
1658409730.6743214,1196.0
1658409730.7058759,1213.0
1658409730.738716,1206.0
1658409730.7702644,1208.0
1658409730.8020344,1211.0
1658409730.8337815,1197.0
1658409730.8655238,1211.0
1658409730.8984509,1194.0
1658409730.9301221,1184.0
1658409730.9618473,1174.0
1658409730.9934106,1191.0
1658409731.0253134,1177.0
1658409731.058198,1185.0
1658409731.090067,1176.0
1658409731.121738,1173.0
1658409731.1532254,1168.0
1658409731.1862004,1165.0
1658409731.217578,1164.0
1658409731.249023,1153.0
1658409731.2808669,1148.0
1658409731.313759,1144.0
1658409731.345485,1134.0
1658409731.3772666,1137.0
1658409731.4093697,1136.0
1658409731.4413717,1136.0
1658409731.473407,1119.0
1658409731.5053113,1129.0
1658409731.5370798,1131.0
1658409731.5687973,1111.0
1658409731.6006181,1107.0
1658409731.6325104,1120.0
1658409731.6656063,1108.0
1658409731.6975944,1113.0
1658409731.7295015,1113.0
1658409731.7613542,1111.0
1658409731.7934215,1103.0
1658409731.825128,1100.0
1658409731.8568702,1092.0
1658409731.8887694,1100.0
1658409731.9204342,1098.0
1658409731.9524097,1088.0
1658409731.9853263,1083.0
1658409732.0173578,1081.0
1658409732.0493326,1083.0
1658409732.0811698,1080.0
1658409732.112927,1076.0
1658409732.1448672,1061.0
1658409732.1767285,1063.0
1658409732.2080352,1064.0
1658409732.2412314,1076.0
1658409732.27328,1047.0
1658409732.305067,1048.0
1658409732.33663,1044.0
1658409732.3680782,1048.0
1658409732.4002433,1039.0
1658409732.4332738,1039.0
1658409732.4652882,1038.0
1658409732.4972374,1028.0
1658409732.529066,1029.0
1658409732.560777,1025.0
1658409732.5926712,1019.0
1658409732.6243556,1011.0
1658409732.6564429,1013.0
1658409732.6895611,1017.0
1658409732.7209778,1011.0
1658409732.7525704,998.0
1658409732.7855897,993.0
1658409732.81731,1008.0
1658409732.8489025,1001.0
1658409732.8809414,994.0
1658409732.9127874,989.0
1658409732.9457974,975.0
1658409732.9765112,983.0
1658409733.0096712,976.0
1658409733.0417712,964.0
1658409733.0735273,974.0
1658409733.105414,971.0
1658409733.1372027,967.0
1658409733.168795,963.0
1658409733.2007296,954.0
1658409733.2339125,954.0
1658409733.2657578,942.0
1658409733.2976313,952.0
1658409733.3297586,943.0
1658409733.3614006,941.0
1658409733.394037,944.0
1658409733.4254143,928.0
1658409733.4579017,925.0
1658409733.4901786,924.0
1658409733.5218225,919.0
1658409733.5531187,915.0
1658409733.5849342,918.0
1658409733.6182199,909.0
1658409733.649907,909.0
1658409733.6818411,908.0
1658409733.7134893,907.0
1658409733.7457173,903.0
1658409733.777661,895.0
1658409733.8094928,894.0
1658409733.8415906,886.0
1658409733.8735843,889.0
1658409733.9064755,881.0
1658409733.9383423,876.0
1658409733.970412,874.0
1658409734.0017908,871.0
1658409734.033804,866.0
1658409734.065628,869.0
1658409734.0974026,867.0
1658409734.13053,863.0
1658409734.1622207,855.0
1658409734.194188,850.0
1658409734.2260113,853.0
1658409734.2578878,847.0
1658409734.2894828,837.0
1658409734.32247,838.0
1658409734.3539813,834.0
1658409734.387126,832.0
1658409734.418528,825.0
1658409734.4502482,829.0
1658409734.4823337,818.0
1658409734.5137758,822.0
1658409734.5467334,808.0
1658409734.5784714,811.0
1658409734.6100202,800.0
1658409734.6427748,812.0
1658409734.6744072,803.0
1658409734.706024,797.0
1658409734.739027,798.0
1658409734.7706256,796.0
1658409734.802144,788.0
1658409734.8337843,784.0
1658409734.866761,779.0
1658409734.8985353,777.0
1658409734.9302342,771.0
1658409734.9631429,773.0
1658409734.9950001,773.0
1658409735.0266445,767.0
1658409735.0585465,765.0
1658409735.090209,759.0
1658409735.1231194,757.0
1658409735.1547215,750.0
1658409735.1861582,751.0
1658409735.219378,746.0
1658409735.2509007,742.0
1658409735.2825134,740.0
1658409735.3153124,731.0
1658409735.3471997,728.0
1658409735.378762,731.0
1658409735.4105227,726.0
1658409735.4433303,718.0
1658409735.475227,716.0
1658409735.50694,715.0
1658409735.538395,718.0
1658409735.571396,707.0
1658409735.6030095,702.0
1658409735.6346633,702.0
1658409735.666527,699.0
1658409735.698286,696.0
1658409735.7313802,696.0
1658409735.7634678,689.0
1658409735.7953236,687.0
1658409735.8270085,687.0
1658409735.8587825,681.0
1658409735.8907928,674.0
1658409735.9237177,671.0
1658409735.9557264,667.0
1658409735.9869096,670.0
1658409736.0186741,660.0
1658409736.051606,659.0
1658409736.0834901,656.0
1658409736.1151595,655.0
1658409736.1470513,648.0
1658409736.178823,645.0
1658409736.21062,648.0
1658409736.2425625,637.0
1658409736.275575,638.0
1658409736.3073933,631.0
1658409736.339409,625.0
1658409736.3711803,622.0
1658409736.4029562,621.0
1658409736.43463,618.0
1658409736.4677367,612.0
1658409736.4994538,609.0
1658409736.53109,607.0
1658409736.5629928,602.0
1658409736.5947192,596.0
1658409736.6279483,598.0
1658409736.6597285,595.0
1658409736.6914814,589.0
1658409736.7231748,591.0
1658409736.7561197,584.0
1658409736.7880309,581.0
1658409736.819395,573.0
1658409736.851146,571.0
1658409736.8828201,572.0
1658409736.915736,563.0
1658409736.9476898,559.0
1658409736.9795084,555.0
1658409737.0111215,555.0
1658409737.0430677,551.0
1658409737.075981,547.0
1658409737.107715,546.0
1658409737.139439,542.0
1658409737.1711845,534.0
1658409737.2039335,532.0
1658409737.2357461,529.0
1658409737.26739,523.0
1658409737.2990944,521.0
1658409737.3320236,520.0
1658409737.3638244,520.0
1658409737.3955607,517.0
1658409737.4274538,507.0
1658409737.459442,504.0
1658409737.4914632,503.0
1658409737.5232108,502.0
1658409737.5560656,493.0
1658409737.5878088,495.0
1658409737.619245,495.0
1658409737.6512005,490.0
1658409737.6841533,483.0
1658409737.7157407,481.0
1658409737.7477074,473.0
1658409737.7792835,471.0
1658409737.8111382,469.0
1658409737.8434508,464.0
1658409737.8751183,460.0
1658409737.9071743,459.0
1658409737.9401908,456.0
1658409737.971961,451.0
1658409738.0036585,447.0
1658409738.0366461,444.0
1658409738.068376,437.0
1658409738.100227,440.0
1658409738.1321435,431.0
1658409738.1638713,430.0
1658409738.1956007,427.0
1658409738.2284195,425.0
1658409738.2600863,418.0
1658409738.2918413,419.0
1658409738.3236706,417.0
1658409738.355568,412.0
1658409738.3886447,410.0
1658409738.420418,407.0
1658409738.4517894,400.0
1658409738.4834635,399.0
1658409738.51548,395.0
1658409738.5484447,391.0
1658409738.5799458,392.0
1658409738.6116767,385.0
1658409738.6433072,384.0
1658409738.6762285,377.0
1658409738.7079968,372.0
1658409738.7395556,369.0
1658409738.7724268,367.0
1658409738.8040788,363.0
1658409738.8355749,359.0
1658409738.8685844,356.0
1658409738.9003236,353.0
1658409738.932008,349.0
1658409738.965012,345.0
1658409738.9968522,344.0
1658409739.0298793,346.0
1658409739.0614216,344.0
1658409739.0943143,345.0
1658409739.1260655,344.0
1658409739.1590142,344.0
1658409739.1919556,342.0
1658409739.223607,342.0
1658409739.256417,343.0
1658409739.2892869,344.0
1658409739.3208017,343.0
1658409739.3536522,343.0
1658409739.3850172,344.0
1658409739.4181256,345.0
1658409739.4500024,343.0
1658409739.4828818,346.0
1658409739.5147955,344.0
1658409739.54798,344.0
1658409739.5796156,344.0
1658409739.6126218,345.0
1658409739.6441643,344.0
1658409739.6769783,343.0
1658409739.7099657,344.0
1658409739.7418256,347.0
1658409739.7746623,345.0
1658409739.8064752,344.0
1658409739.8395438,342.0
1658409739.8711178,343.0
1658409739.9042614,344.0
1658409739.9357932,345.0
1658409739.9691505,345.0
1658409740.0004778,344.0
1658409740.0332744,344.0
1658409740.06606,340.0
1658409740.098456,342.0
1658409740.1297588,344.0
1658409740.1624105,346.0
1658409740.194379,342.0
1658409740.2277985,347.0
1658409740.2596056,343.0
1658409740.2927413,343.0
1658409740.3245556,343.0
1658409740.3564966,345.0
1658409740.3899734,341.0
1658409740.4219513,343.0
1658409740.4534607,343.0
1658409740.4868498,344.0
1658409740.5187223,345.0
1658409740.5507674,345.0
1658409740.5837927,346.0
1658409740.6153479,344.0
1658409740.648437,345.0
1658409740.680363,344.0
1658409740.7121036,344.0
1658409740.7453487,344.0
1658409740.7771919,344.0
1658409740.810241,346.0
1658409740.8419757,346.0
1658409740.8750486,342.0
1658409740.9068246,343.0
1658409740.9388452,343.0
1658409740.9719102,346.0
1658409741.0037446,344.0
1658409741.0373704,345.0
1658409741.0687783,342.0
1658409741.1018283,343.0
1658409741.1334414,344.0
1658409741.166503,343.0
1658409741.1982963,345.0
1658409741.2300987,345.0
1658409741.2631238,344.0
1658409741.2961767,343.0
1658409741.3278198,344.0
1658409741.3608985,343.0
1658409741.392829,342.0
1658409741.4246593,345.0
1658409741.457527,345.0
1658409741.4893432,342.0
1658409741.522394,344.0
1658409741.555278,343.0
1658409741.586645,344.0
1658409741.619693,346.0
1658409741.6514237,346.0
1658409741.6842937,345.0
1658409741.7159288,343.0
1658409741.7481327,347.0
1658409741.7811596,346.0
1658409741.8128204,345.0
1658409741.8461215,343.0
1658409741.8779798,342.0
1658409741.909927,344.0
1658409741.9428997,344.0
1658409741.9748223,346.0
1658409742.0080912,343.0
1658409742.0400996,344.0
1658409742.0718277,344.0
1658409742.1048472,344.0
1658409742.1379294,345.0
1658409742.1693153,344.0
1658409742.20131,345.0
1658409742.2343533,345.0
1658409742.2660394,342.0
1658409742.2992797,344.0
1658409742.3311005,342.0
1658409742.362991,344.0
1658409742.3959002,343.0
1658409742.4276068,343.0
1658409742.4607496,343.0
1658409742.4928765,341.0
1658409742.5247707,344.0
1658409742.5577383,343.0
1658409742.5907722,346.0
1658409742.6226313,343.0
1658409742.6554506,346.0
1658409742.687174,345.0
1658409742.720316,344.0
1658409742.7523568,345.0
1658409742.784581,341.0
1658409742.817328,343.0
1658409742.8487666,345.0
1658409742.8824065,341.0
1658409742.9144282,345.0
1658409742.946974,345.0
1658409742.9791744,345.0
1658409743.0117517,344.0
1658409743.0430472,346.0
1658409743.0754957,344.0
1658409743.1077971,345.0
1658409743.1400282,342.0
1658409743.1725729,347.0
1658409743.2061157,345.0
1658409743.2386668,345.0
1658409743.2703764,345.0
1658409743.3032734,347.0
1658409743.3347065,342.0
1658409743.3675756,346.0
1658409743.399318,344.0
1658409743.432335,344.0
1658409743.4641228,343.0
1658409743.496945,343.0
1658409743.5295734,344.0
1658409743.5610044,345.0
1658409743.5937061,344.0
1658409743.626527,346.0
1658409743.659102,346.0
1658409743.6916893,345.0
1658409743.7230039,344.0
1658409743.755824,347.0
1658409743.7882447,344.0
1658409743.8209958,347.0
1658409743.8521807,342.0
1658409743.884893,342.0
1658409743.9177277,342.0
1658409743.9490125,344.0
1658409743.9818876,345.0
1658409744.0146315,343.0
1658409744.046193,345.0
1658409744.0788653,345.0
1658409744.111691,344.0
1658409744.1443746,342.0
1658409744.175928,342.0
1658409744.2087102,345.0
1658409744.2416885,345.0
1658409744.2731235,343.0
1658409744.3059642,344.0
1658409744.338883,344.0
1658409744.3701217,344.0
1658409744.4030707,342.0
1658409744.4358838,345.0
1658409744.4674938,346.0
1658409744.500504,346.0
1658409744.5320537,346.0
1658409744.5646675,342.0
1658409744.5976706,343.0
1658409744.629245,348.0
1658409744.661899,345.0
1658409744.6947248,343.0
1658409744.7262158,346.0
1658409744.7588959,345.0
1658409744.7917726,346.0
1658409744.8232834,344.0
1658409744.856104,343.0
1658409744.888851,344.0
1658409744.9203062,344.0
1658409744.9531853,343.0
1658409744.9861507,346.0
1658409745.0177186,346.0
1658409745.050556,344.0
1658409745.083405,345.0
1658409745.115027,343.0
1658409745.147898,345.0
1658409745.1791782,346.0
1658409745.2120907,345.0
1658409745.2447793,344.0
1658409745.276253,343.0
1658409745.3090954,342.0
1658409745.3407526,344.0
1658409745.3736246,346.0
1658409745.4063535,346.0
1658409745.4391801,344.0
1658409745.4706783,343.0
1658409745.5037124,345.0
1658409745.5351284,342.0
1658409745.5681584,344.0
1658409745.599822,343.0
1658409745.6325147,343.0
1658409745.6651638,346.0
1658409745.6981158,342.0
1658409745.7296348,345.0
1658409745.76229,342.0
1658409745.7951257,343.0
1658409745.826589,345.0
1658409745.8594265,342.0
1658409745.8922424,346.0
1658409745.9239514,346.0
1658409745.9569483,345.0
1658409745.988473,344.0
1658409746.0214815,342.0
1658409746.0542428,346.0
1658409746.085415,344.0
1658409746.1183083,346.0
1658409746.1512387,344.0
1658409746.183699,342.0
1658409746.2153645,345.0
1658409746.2481163,344.0
1658409746.2797172,344.0
1658409746.312543,341.0
1658409746.3442707,344.0
1658409746.3771749,343.0
1658409746.4099905,346.0
1658409746.4416544,343.0
1658409746.4745212,341.0
1658409746.5061896,343.0
1658409746.539202,344.0
1658409746.571935,343.0
1658409746.60447,341.0
1658409746.6360242,344.0
1658409746.6688073,345.0
1658409746.7014904,345.0
1658409746.7337034,344.0
1658409746.766439,342.0
1658409746.7979684,343.0
1658409746.8307798,344.0
1658409746.8622804,344.0
1658409746.8950164,344.0
1658409746.9279122,346.0
1658409746.9606812,343.0
1658409746.992039,343.0
1658409747.0247045,342.0
1658409747.0572803,344.0
1658409747.0898168,341.0
1658409747.1225152,346.0
1658409747.1551614,344.0
1658409747.1860979,345.0
1658409747.2188334,347.0
1658409747.2517235,344.0
1658409747.284284,345.0
1658409747.3167558,344.0
1658409747.3482738,344.0
1658409747.3810687,343.0
1658409747.4127107,345.0
1658409747.4456513,344.0
1658409747.4784207,347.0
1658409747.5100493,344.0
1658409747.5429385,346.0
1658409747.574258,344.0
1658409747.6068583,345.0
1658409747.6395774,343.0
1658409747.6722047,342.0
1658409747.7048204,346.0
1658409747.737497,343.0
1658409747.7686913,342.0
1658409747.8012333,346.0
1658409747.8339624,341.0
1658409747.8666546,344.0
1658409747.8980424,343.0
1658409747.9308693,344.0
1658409747.9636042,345.0
1658409747.9962785,345.0
1658409748.02757,344.0
1658409748.0602806,343.0
1658409748.0929592,343.0
1658409748.124615,345.0
1658409748.1574779,342.0
1658409748.1902332,344.0
1658409748.2215614,347.0
1658409748.254124,345.0
1658409748.2869728,346.0
1658409748.3197591,343.0
1658409748.3514285,344.0
1658409748.3829398,343.0
1658409748.4158905,343.0
1658409748.4488091,344.0
1658409748.4803684,343.0
1658409748.5123427,344.0
1658409748.5451686,344.0
1658409748.578184,345.0
1658409748.6096232,346.0
1658409748.6428258,343.0
1658409748.6744494,344.0
1658409748.7072756,345.0
1658409748.7403111,346.0
1658409748.7721338,342.0
1658409748.805033,348.0
1658409748.836484,342.0
1658409748.8693275,342.0
1658409748.9008913,341.0
1658409748.9336169,344.0
1658409748.966675,343.0
1658409748.9980223,344.0
1658409749.0309932,343.0
1658409749.0639582,342.0
1658409749.0954957,342.0
1658409749.1275628,346.0
1658409749.1607757,344.0
1658409749.1927238,344.0
1658409749.2255344,346.0
1658409749.2572029,346.0
1658409749.2900302,345.0
1658409749.322945,345.0
1658409749.354327,344.0
1658409749.3872433,342.0
1658409749.4200552,344.0
1658409749.4517,346.0
1658409749.4844496,343.0
1658409749.5162334,344.0
1658409749.5491965,346.0
1658409749.581907,345.0
1658409749.613323,346.0
1658409749.6463225,343.0
1658409749.679191,342.0
1658409749.7106156,346.0
1658409749.7433212,343.0
1658409749.7762158,346.0
1658409749.8075733,345.0
1658409749.840636,341.0
1658409749.873481,345.0
1658409749.9049618,343.0
1658409749.9379737,344.0
1658409749.9706733,342.0
1658409750.0020273,341.0
1658409750.0348036,346.0
1658409750.0676773,344.0
1658409750.0990345,343.0
1658409750.1320527,343.0
1658409750.1648433,345.0
1658409750.1962736,344.0
1658409750.2292025,344.0
1658409750.2609935,344.0
1658409750.2938209,342.0
1658409750.3253894,344.0
1658409750.3576055,342.0
1658409750.391061,343.0
1658409750.423198,343.0
1658409750.455478,343.0
1658409750.4876711,346.0
1658409750.520237,344.0
1658409750.5524724,343.0
1658409750.584867,342.0
1658409750.6170118,343.0
1658409750.649482,344.0
1658409750.6813624,345.0
1658409750.7129962,345.0
1658409750.7460132,345.0
1658409750.777519,346.0
1658409750.810334,344.0
1658409750.8432148,345.0
1658409750.87485,344.0
1658409750.9077458,346.0
1658409750.9392707,341.0
1658409750.9724414,344.0
1658409751.0051982,345.0
1658409751.036511,339.0
1658409751.0693665,344.0
1658409751.1021883,346.0
1658409751.133568,343.0
1658409751.1664157,345.0
1658409751.1990912,342.0
1658409751.2317379,342.0
1658409751.2632797,346.0
1658409751.2960553,342.0
1658409751.3288198,346.0
1658409751.3602355,342.0
1658409751.392899,345.0
1658409751.425602,344.0
1658409751.4572492,343.0
1658409751.490147,345.0
1658409751.5231335,344.0
1658409751.554455,343.0
1658409751.5871825,342.0
1658409751.6198685,345.0
1658409751.652734,343.0
1658409751.684418,345.0
1658409751.7172291,345.0
1658409751.748824,344.0
1658409751.7814562,343.0
1658409751.814189,345.0
1658409751.8458438,342.0
1658409751.878579,342.0
1658409751.911318,344.0
1658409751.9440858,345.0
1658409751.9758263,347.0
1658409752.0085757,345.0
1658409752.0401864,343.0
1658409752.0728848,345.0
1658409752.1056592,343.0
1658409752.138286,346.0
1658409752.1710682,345.0
1658409752.2022927,346.0
1658409752.2351372,345.0
1658409752.2678945,344.0
1658409752.2994397,344.0
1658409752.332307,343.0
1658409752.363865,345.0
1658409752.3968399,346.0
1658409752.4297783,344.0
1658409752.461506,343.0
1658409752.4945369,344.0
1658409752.526335,344.0
1658409752.557936,344.0
1658409752.5909662,345.0
1658409752.623907,343.0
1658409752.6556187,347.0
1658409752.6885362,346.0
1658409752.7198982,345.0
1658409752.7529764,344.0
1658409752.7843888,342.0
1658409752.8170629,341.0
1658409752.8498516,343.0
1658409752.8818164,343.0
1658409752.9138365,344.0
1658409752.9459956,344.0
1658409752.9779863,343.0
1658409753.0098522,342.0
1658409753.0417972,346.0
1658409753.0750725,345.0
1658409753.1068695,345.0
1658409753.1389518,345.0
1658409753.1721377,343.0
1658409753.2038567,343.0
1658409753.2360375,343.0
1658409753.2695663,344.0
1658409753.3013387,343.0
1658409753.3337574,345.0
1658409753.3660114,344.0
1658409753.398025,345.0
1658409753.4299638,344.0
1658409753.4622824,343.0
1658409753.4954786,345.0
1658409753.5278058,344.0
1658409753.5600233,344.0
1658409753.5919652,343.0
1658409753.6251523,344.0
1658409753.6571057,345.0
1658409753.6902566,343.0
1658409753.7224522,345.0
1658409753.7544599,345.0
1658409753.7862697,341.0
1658409753.8194923,343.0
1658409753.8516395,345.0
1658409753.8836076,342.0
1658409753.9167829,343.0
1658409753.9487646,343.0
1658409753.9807482,340.0
1658409754.0139894,344.0
1658409754.045984,343.0
1658409754.077849,345.0
1658409754.1110184,345.0
1658409754.1418655,344.0
1658409754.1750734,344.0
1658409754.207044,344.0
1658409754.238973,342.0
1658409754.2711937,345.0
