1657634874.700349,740
1657634874.744105,744
1657634874.785175,750
1657634874.8258762,752
1657634874.86741,744
1657634874.9083514,757
1657634874.9488313,734
1657634874.989693,757
1657634875.0301793,737
1657634875.0709043,740
1657634875.1118717,745
1657634875.1524713,745
1657634875.1932628,763
1657634875.233869,745
1657634875.2745354,760
1657634875.3153439,738
1657634875.3559308,769
1657634875.3968208,738
1657634875.4374685,718
1657634875.4781857,739
1657634875.5187976,721
1657634875.5593057,772
1657634875.6000757,759
1657634875.6405866,757
1657634875.681425,723
1657634875.723294,734
1657634875.7654111,762
1657634875.807066,730
1657634875.8488393,733
1657634875.8902798,764
1657634875.9321198,760
1657634875.9735122,748
1657634876.0153425,749
1657634876.057159,749
1657634876.098676,734
1657634876.140383,747
1657634876.1822019,728
1657634876.2235308,723
1657634876.2651792,756
1657634876.3067453,745
1657634876.3481627,755
1657634876.389658,767
1657634876.4315426,768
1657634876.4735131,774
1657634876.5152874,738
1657634876.5569634,737
1657634876.5984483,736
1657634876.6402054,736
1657634876.6816769,717
1657634876.7232063,749
1657634876.7650342,787
1657634876.8066373,744
1657634876.848373,770
1657634876.8902755,754
1657634876.9320078,742
1657634876.9739623,749
1657634877.0158608,748
1657634877.0575645,735
1657634877.098944,743
1657634877.1406786,761
1657634877.1822624,745
1657634877.224103,766
1657634877.2658405,726
1657634877.307152,736
1657634877.3485153,736
1657634877.3900213,757
1657634877.4318626,757
1657634877.4737267,754
1657634877.5156333,758
1657634877.5572987,758
1657634877.599191,725
1657634877.6409779,753
1657634877.6827981,730
1657634877.7242248,751
1657634877.7659698,740
1657634877.8074923,774
1657634877.8492196,745
1657634877.8911161,737
1657634877.9328594,731
1657634877.9747648,753
1657634878.0165515,748
1657634878.0582983,755
1657634878.0996718,751
1657634878.1414106,735
1657634878.1827874,739
1657634878.2241504,759
1657634878.2658205,737
1657634878.3076766,747
1657634878.3490298,733
1657634878.3905413,734
1657634878.4318817,765
1657634878.4736056,762
1657634878.5156047,743
1657634878.557381,742
1657634878.598736,724
1657634878.6405056,760
1657634878.6819134,739
1657634878.7236822,740
1657634878.7654278,753
1657634878.80713,730
1657634878.8485916,705
1657634878.890036,734
1657634878.9318435,755
1657634878.973554,755
1657634879.0153375,725
1657634879.0567594,743
1657634879.0982661,769
1657634879.1404984,746
1657634879.182043,748
1657634879.2234097,769
1657634879.2651112,777
1657634879.3064525,741
1657634879.3479204,761
1657634879.3893585,744
1657634879.4307604,747
1657634879.4724555,741
1657634879.5138967,758
1657634879.5556104,734
1657634879.596966,750
1657634879.6387515,755
1657634879.6806052,761
1657634879.7220428,720
1657634879.7637556,759
1657634879.8052523,761
1657634879.8469732,749
1657634879.8889687,758
1657634879.930775,734
1657634879.972983,766
1657634880.0144794,722
1657634880.056171,742
1657634880.09805,754
1657634880.139875,758
1657634880.1818955,722
1657634880.223384,761
1657634880.2650928,762
1657634880.3066263,727
1657634880.3480287,761
1657634880.390013,744
1657634880.4318824,755
1657634880.4736423,759
1657634880.515066,756
1657634880.556798,740
1657634880.5983248,725
1657634880.6401548,727
1657634880.6821318,742
1657634880.7236257,741
1657634880.7653592,773
1657634880.8068757,746
1657634880.8486214,731
1657634880.8906379,750
1657634880.9325037,730
1657634880.974208,752
1657634881.0159671,736
1657634881.057375,765
1657634881.0990589,726
1657634881.1400256,747
1657634881.180643,750
1657634881.2213628,738
1657634881.2618756,758
1657634881.302728,754
1657634881.3434753,737
1657634881.384046,750
1657634881.4249027,751
1657634881.4653716,742
1657634881.5061834,740
1657634881.5467243,723
1657634881.587359,761
1657634881.627975,762
1657634881.668516,735
1657634881.7093701,731
1657634881.7500842,739
1657634881.790811,766
1657634881.8323758,734
1657634881.8742988,745
1657634881.9160564,741
1657634881.9576232,750
1657634881.999198,741
1657634882.0409486,737
1657634882.0828133,749
1657634882.12423,747
1657634882.1659226,730
1657634882.2074773,758
1657634882.2492335,748
1657634882.291208,734
1657634882.3326497,731
1657634882.374361,732
1657634882.4159296,726
1657634882.4576595,739
1657634882.4990318,726
1657634882.5408175,740
1657634882.582526,737
1657634882.6239738,728
1657634882.6656823,727
1657634882.7071528,730
1657634882.7489877,738
1657634882.790869,783
1657634882.8328564,743
1657634882.8745363,735
1657634882.9160113,714
1657634882.9578145,746
1657634882.9996305,747
1657634883.0414712,740
1657634883.0835345,751
1657634883.124922,722
1657634883.1666243,745
1657634883.2080235,759
1657634883.2498248,749
1657634883.2916608,754
1657634883.3332474,744
1657634883.3750088,749
1657634883.4165013,754
1657634883.4583309,731
1657634883.4997733,774
1657634883.5416837,745
1657634883.5834944,754
1657634883.6249485,766
1657634883.6668391,730
1657634883.7082105,754
1657634883.7496176,764
1657634883.7913253,726
1657634883.8334281,739
1657634883.8752568,771
1657634883.9167337,757
1657634883.9585967,747
1657634884.0005918,754
1657634884.0424354,733
1657634884.0842593,734
1657634884.126215,749
1657634884.1680164,740
1657634884.2094593,747
1657634884.2512455,724
1657634884.2929804,736
1657634884.33454,753
1657634884.3763044,739
1657634884.417821,757
1657634884.45965,736
1657634884.5015912,726
1657634884.5433977,728
1657634884.5851479,735
1657634884.6265433,752
1657634884.6683595,750
1657634884.7097607,737
1657634884.7516649,751
1657634884.7935624,740
1657634884.83493,773
1657634884.8766665,743
1657634884.9180417,731
1657634884.9598083,746
1657634885.0017915,742
1657634885.0436118,738
1657634885.085405,737
1657634885.12676,771
1657634885.168569,746
1657634885.2099545,740
1657634885.2517753,734
1657634885.2934937,728
1657634885.335204,758
1657634885.377051,753
1657634885.4184346,760
1657634885.460205,729
1657634885.5021462,748
1657634885.5441215,775
1657634885.5858366,731
1657634885.627694,756
1657634885.6694567,756
1657634885.7108402,753
1657634885.7527466,747
1657634885.7945535,738
1657634885.8359566,719
1657634885.8776834,739
1657634885.919146,744
1657634885.960931,747
1657634886.0027475,732
1657634886.0446792,739
1657634886.0865114,738
1657634886.1279895,742
1657634886.1697462,752
1657634886.2116625,753
1657634886.2534223,734
1657634886.294771,747
1657634886.3363056,753
1657634886.3780599,747
1657634886.4195433,725
1657634886.4613113,742
1657634886.5031905,743
1657634886.545115,711
1657634886.586947,760
1657634886.628378,719
1657634886.670154,758
1657634886.7121062,756
1657634886.7537239,741
1657634886.7954762,752
1657634886.8374686,745
1657634886.8793,737
1657634886.9208953,738
1657634886.9627075,740
1657634887.0046074,738
1657634887.046486,742
1657634887.0879543,734
1657634887.129365,738
1657634887.1711519,734
1657634887.213133,732
1657634887.2549882,747
1657634887.29684,741
1657634887.338408,741
1657634887.3802328,740
1657634887.4216611,739
1657634887.4634743,767
1657634887.5049136,762
1657634887.546782,749
1657634887.588162,747
1657634887.6294935,741
1657634887.671256,743
1657634887.713138,731
1657634887.7544763,755
1657634887.796484,730
1657634887.8379343,747
1657634887.8797352,746
1657634887.921122,734
1657634887.9629517,755
1657634888.0047395,745
1657634888.0461128,727
1657634888.087554,746
1657634888.1289701,757
1657634888.1706808,744
1657634888.212129,748
1657634888.25354,731
1657634888.2953477,737
1657634888.336857,728
1657634888.3786194,769
1657634888.4200275,738
1657634888.4617834,728
1657634888.5035765,742
1657634888.5450017,729
1657634888.5869753,737
1657634888.6289315,770
1657634888.6707506,753
1657634888.7125854,739
1657634888.7539763,737
1657634888.7953436,730
1657634888.8367918,748
1657634888.8785784,729
1657634888.9200096,726
1657634888.9617891,757
1657634889.0035946,762
1657634889.044947,743
1657634889.0867422,758
1657634889.128183,739
1657634889.169576,783
1657634889.21137,740
1657634889.2532735,737
1657634889.2949922,769
1657634889.3366067,750
1657634889.378381,733
1657634889.4198735,766
1657634889.4616296,747
1657634889.502959,740
1657634889.5443501,719
1657634889.5861447,760
1657634889.6281238,740
1657634889.6698694,771
1657634889.7114773,757
1657634889.7529333,731
1657634889.7946446,749
1657634889.8360372,742
1657634889.8778117,770
1657634889.9197648,769
1657634889.9615493,734
1657634890.0032966,758
1657634890.0447245,751
1657634890.0866308,732
1657634890.1286027,729
1657634890.1703906,763
1657634890.2121382,743
1657634890.2535622,741
1657634890.2953694,750
1657634890.3370574,746
1657634890.3788712,761
1657634890.4203053,758
1657634890.4621394,744
1657634890.5039563,710
1657634890.5453691,744
1657634890.5871637,740
1657634890.6291463,731
1657634890.6709878,763
1657634890.7131228,733
1657634890.7545183,730
1657634890.7962053,737
1657634890.8376188,740
1657634890.8793812,743
1657634890.9208598,747
1657634890.962687,732
1657634891.003977,724
1657634891.045943,751
1657634891.0873728,720
1657634891.1292963,723
1657634891.1710021,760
1657634891.212748,728
1657634891.2541223,757
1657634891.295848,753
1657634891.337565,724
1657634891.379376,734
1657634891.4208739,757
1657634891.4626968,737
1657634891.5043988,733
1657634891.5457683,733
1657634891.587562,751
1657634891.6294625,752
1657634891.6713066,754
1657634891.7130418,747
1657634891.7545993,751
1657634891.7963407,756
1657634891.8379376,737
1657634891.879683,732
1657634891.9210515,784
1657634891.962907,754
1657634892.0047154,737
1657634892.0461817,748
1657634892.088126,754
1657634892.1300204,737
1657634892.1718361,720
1657634892.2135718,742
1657634892.2549746,749
1657634892.296907,767
1657634892.3385234,727
1657634892.3802407,731
1657634892.4217522,748
1657634892.463576,754
1657634892.505276,720
1657634892.5466106,740
1657634892.588404,733
1657634892.6303911,777
1657634892.6721432,738
1657634892.7139258,753
1657634892.7553864,737
1657634892.7967582,732
1657634892.8386152,736
1657634892.8804052,743
1657634892.922249,751
1657634892.9641678,729
1657634893.0059977,761
1657634893.0478914,739
1657634893.0897229,735
1657634893.1314259,766
1657634893.1733427,746
1657634893.2146626,749
1657634893.2566028,743
1657634893.2987297,760
1657634893.340327,740
1657634893.3820736,736
1657634893.4234521,739
1657634893.4653444,742
1657634893.5071344,750
1657634893.5485156,746
1657634893.5904148,735
1657634893.6323009,760
1657634893.67423,729
1657634893.715615,735
1657634893.7571414,713
1657634893.7989895,728
1657634893.840884,771
1657634893.8825812,770
1657634893.9244213,742
1657634893.966357,749
1657634894.008181,750
1657634894.0496294,733
1657634894.0914838,763
1657634894.1334248,771
1657634894.1748211,753
1657634894.2166667,736
1657634894.2580585,752
1657634894.2998168,745
1657634894.3413365,759
1657634894.3831172,724
1657634894.4245088,747
1657634894.4658854,741
1657634894.5076199,768
1657634894.5490284,764
1657634894.5908926,758
1657634894.632856,728
1657634894.6741962,742
1657634894.7160416,752
1657634894.75755,722
1657634894.7994063,748
1657634894.841335,750
1657634894.8877933,762
1657634894.9305325,737
1657634894.9734116,736
1657634895.0157928,750
1657634895.0576797,755
1657634895.0997329,747
1657634895.1422946,744
1657634895.1842008,733
1657634895.2260695,760
1657634895.2680132,757
1657634895.309908,754
1657634895.352244,756
1657634895.3944385,758
1657634895.4368873,723
1657634895.4793377,737
1657634895.5211024,731
1657634895.5633934,742
1657634895.6053975,754
1657634895.647398,763
1657634895.689409,761
1657634895.731887,750
1657634895.7742033,743
1657634895.8164225,750
1657634895.8583126,745
1657634895.9003098,748
1657634895.9426115,751
1657634895.9846206,735
1657634896.0268557,724
1657634896.068696,769
1657634896.1111221,756
1657634896.1534767,742
1657634896.1953855,728
1657634896.2377708,762
1657634896.2802992,743
1657634896.3224986,740
1657634896.3647926,744
1657634896.4066622,739
1657634896.449067,766
1657634896.4914927,743
1657634896.5335908,721
1657634896.575563,758
1657634896.6174808,751
1657634896.659787,743
1657634896.7021265,739
1657634896.7442777,762
1657634896.7862685,756
1657634896.8291814,753
1657634896.8713005,747
1657634896.9134543,754
1657634896.9558322,751
1657634896.9977283,738
1657634897.0401711,760
1657634897.0826902,751
1657634897.1249049,737
1657634897.1668046,726
1657634897.2087324,757
1657634897.251151,756
1657634897.2936058,763
1657634897.3359458,760
1657634897.3784983,727
1657634897.4203904,761
1657634897.4627838,735
1657634897.5050256,726
1657634897.5473669,746
1657634897.589432,740
1657634897.6317267,747
1657634897.6740675,745
1657634897.7161307,731
1657634897.7581167,771
1657634897.8000984,754
1657634897.8424315,755
1657634897.884998,744
1657634897.9268827,763
1657634897.9689195,750
1657634898.0108016,763
1657634898.0533142,740
1657634898.0955503,730
1657634898.1377513,735
1657634898.180208,735
1657634898.2222288,763
1657634898.2641928,733
1657634898.30618,730
1657634898.3483834,743
1657634898.3911057,729
1657634898.4334443,737
1657634898.475813,724
1657634898.518036,747
1657634898.560194,737
1657634898.6021752,758
1657634898.6446009,749
1657634898.6871405,727
1657634898.7290742,726
1657634898.7720942,731
1657634898.8138897,753
1657634898.8560824,737
1657634898.8979006,742
1657634898.939278,745
1657634898.9807987,741
1657634899.0225623,767
1657634899.0644798,746
1657634899.1059535,769
1657634899.1478505,772
1657634899.1892984,784
1657634899.2312815,733
1657634899.2732117,735
1657634899.3145497,736
1657634899.3567054,738
1657634899.3986244,713
1657634899.440102,717
1657634899.4821618,731
1657634899.5241623,735
1657634899.5658746,746
1657634899.607399,743
1657634899.6499166,744
1657634899.6920404,741
1657634899.7335937,773
1657634899.7754705,757
1657634899.8175588,745
1657634899.860053,742
1657634899.9025052,751
1657634899.9441183,748
1657634899.9859235,719
1657634900.027704,729
1657634900.0692782,711
1657634900.111017,742
1657634900.153207,706
1657634900.1947122,749
1657634900.2365646,745
1657634900.278034,736
1657634900.3198285,703
1657634900.3619988,747
1657634900.40381,766
1657634900.4452467,742
1657634900.4870367,734
1657634900.5288696,727
1657634900.570418,750
1657634900.6122062,748
1657634900.653706,790
1657634900.6957057,746
1657634900.7391193,749
1657634900.7805421,724
1657634900.8223689,764
1657634900.864629,746
1657634900.9066236,742
1657634900.9484808,732
1657634900.9899497,743
1657634901.0317445,749
1657634901.074332,756
1657634901.116218,736
1657634901.158087,740
1657634901.1996167,742
1657634901.2414763,742
1657634901.283042,739
1657634901.3248732,764
1657634901.3670886,740
1657634901.4088624,730
1657634901.4504085,741
1657634901.4918659,772
1657634901.5331547,747
1657634901.5746229,739
1657634901.6164517,745
1657634901.6583133,738
1657634901.7000732,732
1657634901.7422464,750
1657634901.7836642,750
1657634901.82505,744
1657634901.8676636,752
1657634901.9094565,744
1657634901.9513159,733
1657634901.9927092,747
1657634902.034443,720
1657634902.0766523,752
1657634902.118473,745
1657634902.1603465,750
1657634902.202247,734
1657634902.2440722,743
1657634902.2855327,726
1657634902.327307,747
1657634902.3695958,768
1657634902.411505,729
1657634902.4532647,752
1657634902.4951637,712
1657634902.537073,740
1657634902.5785651,735
1657634902.620418,752
1657634902.6622605,735
1657634902.7036333,759
1657634902.7454698,723
1657634902.7876112,767
1657634902.830074,756
1657634902.8726873,745
1657634902.915335,738
1657634902.9578936,723
1657634903.0003092,759
1657634903.0426552,742
1657634903.0846238,768
1657634903.1270676,737
1657634903.1689363,741
1657634903.2114465,748
1657634903.2537732,739
1657634903.296186,735
1657634903.3382215,729
1657634903.3801475,747
1657634903.4225075,741
1657634903.4656615,747
1657634903.5080373,760
1657634903.5504136,743
1657634903.5926967,752
1657634903.634497,739
1657634903.676474,746
1657634903.7183735,729
1657634903.7602577,757
1657634903.8033712,720
1657634903.8457289,717
1657634903.8876536,741
1657634903.9295094,742
1657634903.9719176,742
1657634904.014359,724
1657634904.0566537,777
1657634904.0989878,770
1657634904.1411638,727
1657634904.1834972,763
1657634904.2257814,752
1657634904.2686872,749
1657634904.3106906,760
1657634904.3531015,769
1657634904.395593,761
1657634904.4374845,759
1657634904.4798856,770
1657634904.521582,745
1657634904.5635602,731
1657634904.6059735,753
1657634904.6480587,739
1657634904.6898332,766
1657634904.731696,730
1657634904.7735398,737
1657634904.8160372,751
1657634904.85755,752
1657634904.8994412,729
1657634904.9408863,713
1657634904.982765,742
1657634905.0241666,729
1657634905.0661416,731
1657634905.1080894,740
1657634905.149787,753
1657634905.1916614,763
1657634905.2331443,734
1657634905.275135,702
1657634905.3168647,740
1657634905.3584878,726
1657634905.3998756,727
1657634905.4414752,747
1657634905.4834228,752
1657634905.5250418,750
1657634905.5665016,756
1657634905.608295,759
1657634905.6500518,748
1657634905.691972,712
1657634905.7334442,751
1657634905.7751565,742
1657634905.817148,750
1657634905.8586683,748
1657634905.9005394,762
1657634905.9421883,753
1657634905.9837024,743
1657634906.0251658,743
1657634906.0670495,720
1657634906.1084213,747
1657634906.14993,790
1657634906.1912959,740
1657634906.233085,745
1657634906.274512,750
1657634906.3160057,717
1657634906.3577156,739
1657634906.399668,762
1657634906.4412684,712
1657634906.483157,735
1657634906.5250576,756
1657634906.5665305,736
1657634906.608468,741
1657634906.6500762,755
1657634906.6914403,740
1657634906.7330105,747
1657634906.7747416,767
1657634906.816256,749
1657634906.8579051,735
1657634906.899342,782
1657634906.9411304,743
1657634906.9825287,739
1657634907.0244706,738
1657634907.0659366,715
1657634907.1073883,761
1657634907.1491218,754
1657634907.1911008,779
1657634907.2327042,744
1657634907.2745154,743
1657634907.316013,755
1657634907.3574102,749
1657634907.3993511,752
1657634907.4409244,756
1657634907.4824715,736
1657634907.5244453,766
1657634907.5662847,757
1657634907.6082273,773
1657634907.6498637,739
1657634907.691979,741
1657634907.733504,745
1657634907.7751606,725
1657634907.816514,750
1657634907.8581727,747
1657634907.8995194,740
1657634907.9409943,724
1657634907.9828925,744
1657634908.024719,738
1657634908.0662813,723
1657634908.1076317,747
1657634908.1492753,747
1657634908.1911924,744
1657634908.2331111,760
1657634908.2746542,750
1657634908.3160236,736
1657634908.357822,750
1657634908.3996944,767
1657634908.441288,741
1657634908.4827952,737
1657634908.5247047,757
1657634908.5670986,716
1657634908.6094105,766
1657634908.6513855,746
1657634908.6934474,774
1657634908.7355573,765
1657634908.7776272,733
1657634908.8196993,749
1657634908.8615942,738
1657634908.903646,741
1657634908.9455729,777
1657634908.9875107,735
1657634909.0295684,726
1657634909.0719855,730
1657634909.1140752,738
1657634909.1560395,732
1657634909.198345,751
1657634909.2404416,754
1657634909.2823315,751
1657634909.3244667,736
1657634909.3666625,762
1657634909.4087555,747
1657634909.4508123,748
1657634909.4928036,749
1657634909.5348241,747
1657634909.5767677,751
1657634909.618821,726
1657634909.6608086,760
1657634909.702989,748
1657634909.7449555,759
1657634909.7871838,733
1657634909.829217,736
1657634909.8712764,768
1657634909.9133003,778
1657634909.9552162,759
1657634909.9974186,736
1657634910.0394297,751
1657634910.0816529,741
1657634910.123687,739
1657634910.165754,760
1657634910.2077296,737
1657634910.2498555,757
1657634910.2919495,718
1657634910.3341763,763
1657634910.3765051,746
1657634910.4186027,750
1657634910.4605618,763
1657634910.502648,752
1657634910.5445726,716
1657634910.5864396,755
1657634910.6284735,775
1657634910.670297,731
1657634910.7124007,740
1657634910.7546291,763
1657634910.7967284,735
1657634910.8387632,757
1657634910.8808038,757
1657634910.9228652,731
1657634910.9648213,741
1657634911.0069582,737
1657634911.0488975,743
1657634911.090966,736
1657634911.1329813,736
1657634911.175136,765
1657634911.2172554,726
1657634911.2592828,778
1657634911.3014977,750
1657634911.343394,757
1657634911.3856444,756
1657634911.4278233,751
1657634911.4697719,735
1657634911.511927,737
1657634911.553903,746
1657634911.5960598,713
1657634911.6380634,764
1657634911.6800668,736
1657634911.7223136,746
1657634911.7644644,743
1657634911.8066947,756
1657634911.848646,749
1657634911.8905845,770
1657634911.9326055,717
1657634911.9745436,737
1657634912.016819,724
1657634912.0587301,738
1657634912.1008527,758
1657634912.1428301,726
1657634912.184833,733
1657634912.226938,740
1657634912.2689607,757
1657634912.311207,769
1657634912.3527648,761
1657634912.3945715,771
1657634912.4361691,753
1657634912.4776647,720
1657634912.5192266,759
1657634912.5606203,737
1657634912.6022089,741
1657634912.6437094,732
1657634912.6852489,752
1657634912.7270274,728
1657634912.768648,745
1657634912.8104298,738
1657634912.8518536,744
1657634912.8934119,729
1657634912.9349859,729
1657634912.9764442,751
1657634913.0181231,717
1657634913.0595274,755
1657634913.1011345,760
1657634913.1426256,733
1657634913.1841254,749
1657634913.225785,779
1657634913.2673101,762
1657634913.3090994,763
1657634913.3505747,750
1657634913.3922846,744
1657634913.4339106,731
1657634913.475378,744
1657634913.5171607,737
1657634913.558742,756
1657634913.600481,726
1657634913.6444902,785
1657634913.6864629,732
1657634913.7280843,720
1657634913.769585,770
1657634913.8117466,769
1657634913.8534276,738
1657634913.8950913,738
1657634913.9367387,731
1657634913.9781792,736
1657634914.0197854,757
1657634914.0612016,758
1657634914.102897,766
1657634914.1444392,719
1657634914.1860418,763
1657634914.2277668,743
1657634914.2692075,727
1657634914.310945,738
1657634914.3524294,743
1657634914.3941896,771
1657634914.4358382,710
1657634914.47733,749
1657634914.5190678,741
1657634914.5605097,731
1657634914.601979,727
1657634914.6436195,735
1657634914.6850564,730
1657634914.7268589,760
1657634914.768454,747
1657634914.810046,745
1657634914.8515477,797
1657634914.893037,758
1657634914.9345584,758
1657634914.9759436,745
1657634915.0176136,731
1657634915.0590627,749
1657634915.100635,760
1657634915.1421504,733
1657634915.1835465,758
1657634915.2253957,765
1657634915.2668393,774
1657634915.308426,750
1657634915.350052,755
1657634915.3916175,748
1657634915.434114,726
1657634915.475716,779
1657634915.5180602,743
1657634915.560142,744
1657634915.6019034,753
1657634915.64407,777
1657634915.6861765,749
1657634915.728528,774
1657634915.771094,752
1657634915.8140113,749
1657634915.8558848,750
1657634915.898037,743
1657634915.9401479,750
1657634915.9821708,748
1657634916.0241776,738
1657634916.06578,735
1657634916.1076946,751
1657634916.1497095,741
1657634916.1910193,753
1657634916.2328503,764
1657634916.2741668,752
1657634916.3163648,740
1657634916.358214,735
1657634916.4002972,725
1657634916.4416645,729
1657634916.4830217,751
1657634916.5250113,743
1657634916.5665681,744
1657634916.6082802,748
1657634916.6502907,736
1657634916.6922762,739
1657634916.7339587,770
1657634916.775638,729
1657634916.817623,752
1657634916.8594012,724
1657634916.900915,771
1657634916.9427824,746
1657634916.9846904,744
1657634917.0268655,762
1657634917.0683515,740
1657634917.1098948,740
1657634917.1516507,746
1657634917.193323,739
1657634917.2347682,769
1657634917.276285,761
1657634917.318092,743
1657634917.359607,720
1657634917.4014962,734
1657634917.4430537,732
1657634917.4852862,729
1657634917.5275126,744
1657634917.569228,738
1657634917.611357,741
1657634917.6534126,716
1657634917.696167,738
1657634917.7383034,720
1657634917.7801323,760
1657634917.8218768,735
1657634917.863433,751
1657634917.905363,735
1657634917.9468822,748
1657634917.988837,751
1657634918.0309353,730
1657634918.0730164,740
1657634918.1145053,749
1657634918.15632,756
1657634918.1977327,745
1657634918.2396302,753
1657634918.2813306,731
1657634918.3229105,743
1657634918.3646162,716
1657634918.4064884,768
1657634918.4487033,738
1657634918.4902484,729
1657634918.5320685,741
1657634918.5737736,736
1657634918.6156158,708
1657634918.657595,745
1657634918.699646,732
1657634918.741515,773
1657634918.7855637,757
1657634918.8287644,750
1657634918.87371,740
1657634918.9160354,768
1657634918.9575806,726
1657634918.9993556,726
1657634919.0414252,778
1657634919.0837908,734
1657634919.1262786,739
1657634919.168027,728
1657634919.2099628,742
1657634919.2517455,748
1657634919.293785,767
1657634919.3356047,763
1657634919.3771715,743
1657634919.4186919,752
1657634919.4606953,747
1657634919.5024974,747
1657634919.5441127,726
1657634919.5854812,742
1657634919.6273801,746
1657634919.6689415,732
1657634919.7104216,732
1657634919.7518277,756
1657634919.7932143,756
1657634919.8347325,769
1657634919.8766541,781
1657634919.918637,735
1657634919.960224,731
1657634920.0016568,755
1657634920.0435479,755
1657634920.0854604,742
1657634920.1272943,731
1657634920.1691978,742
1657634920.2111647,699
1657634920.2525208,776
1657634920.2939043,731
1657634920.335934,712
1657634920.3775082,729
1657634920.419332,761
1657634920.4607236,738
1657634920.5025122,734
1657634920.543963,762
1657634920.58536,760
1657634920.627121,747
1657634920.6690164,752
1657634920.7110276,736
1657634920.752472,762
1657634920.793997,742
1657634920.8356154,737
1657634920.8774993,720
1657634920.9192936,725
1657634920.9606419,734
1657634921.002455,775
1657634921.0438855,745
1657634921.0852776,733
1657634921.1270475,748
1657634921.168905,760
1657634921.2107399,739
1657634921.2521312,741
1657634921.2938392,760
1657634921.335267,751
1657634921.3767765,753
1657634921.4186864,755
1657634921.4601576,757
1657634921.5019872,726
1657634921.5433378,735
1657634921.585087,745
1657634921.6268744,710
1657634921.6688592,755
1657634921.710628,734
1657634921.7524939,736
1657634921.7943678,767
1657634921.8361716,761
1657634921.8779137,721
1657634921.9194064,738
1657634921.9608161,730
1657634922.002622,749
1657634922.0442963,743
1657634922.0862572,737
1657634922.1280587,760
1657634922.1699157,744
1657634922.211281,742
1657634922.253269,747
1657634922.2951107,754
1657634922.3364692,753
1657634922.3782024,749
1657634922.4199834,731
1657634922.4614007,731
1657634922.50315,762
1657634922.5446048,757
1657634922.5859873,723
1657634922.6278374,748
1657634922.669796,755
1657634922.711124,754
1657634922.7525206,781
1657634922.7939527,718
1657634922.835768,742
1657634922.8778112,738
1657634922.9195683,736
1657634922.9614894,727
1657634923.0032806,748
1657634923.045312,735
1657634923.0867467,770
1657634923.1284974,752
1657634923.1704843,741
1657634923.2118077,769
1657634923.2536924,767
1657634923.295571,738
1657634923.3368592,748
1657634923.3784802,743
1657634923.4203174,750
1657634923.4616425,708
1657634923.5030234,741
1657634923.5449786,742
1657634923.5868757,755
1657634923.6287413,744
1657634923.670244,745
1657634923.71205,733
1657634923.7533793,753
1657634923.794851,739
1657634923.8363273,761
1657634923.877821,757
1657634923.9197156,735
1657634923.961669,750
1657634924.0035734,731
1657634924.0455503,742
1657634924.0876408,743
1657634924.129548,761
1657634924.1714714,760
1657634924.2132616,717
1657634924.2546499,747
1657634924.2963505,743
1657634924.33789,754
1657634924.3794901,748
1657634924.4214456,727
1657634924.4631639,746
1657634924.5045915,717
1657634924.5460324,751
1657634924.5880232,752
1657634924.629947,752
1657634924.6714494,754
1657634924.713353,758
1657634924.7548168,735
1657634924.7962773,736
1657634924.8381712,762
1657634924.8795202,754
1657634924.9212973,751
1657634924.9626904,750
1657634925.0040507,730
1657634925.0458102,751
1657634925.0872762,765
1657634925.1291492,763
1657634925.1710134,749
1657634925.2124426,764
1657634925.2539842,753
1657634925.295868,756
1657634925.3376496,754
1657634925.3791661,728
1657634925.421154,756
1657634925.462528,759
1657634925.5038388,753
1657634925.5456643,744
1657634925.5876348,734
1657634925.6294084,759
1657634925.6709924,765
1657634925.7128217,726
1657634925.7547643,740
1657634925.7962375,729
1657634925.8381238,730
1657634925.879954,746
1657634925.9218042,749
1657634925.9631526,739
1657634926.0049253,750
1657634926.0462394,749
1657634926.0884242,742
1657634926.1302464,735
1657634926.1716912,743
1657634926.2135406,733
1657634926.2554529,740
1657634926.2970936,760
1657634926.3385742,757
1657634926.3802989,752
1657634926.421888,735
1657634926.4633977,743
1657634926.5047133,749
1657634926.546452,754
1657634926.5880365,763
1657634926.629955,710
1657634926.671485,762
1657634926.7130368,730
1657634926.7547393,759
1657634926.7965567,733
1657634926.8380523,727
1657634926.8795114,723
1657634926.9208667,749
1657634926.9623063,724
1657634927.004088,738
1657634927.0458717,750
1657634927.0876853,757
1657634927.1295877,761
1657634927.1715086,734
1657634927.2133186,715
1657634927.2547662,758
1657634927.2967,735
1657634927.338511,755
1657634927.3801274,776
1657634927.4219368,756
1657634927.4634175,747
1657634927.504768,768
1657634927.5460596,757
1657634927.5879974,724
1657634927.6297746,742
1657634927.6711211,784
1657634927.7130423,756
1657634927.754937,761
1657634927.796485,739
1657634927.8383667,735
1657634927.8802478,756
1657634927.922059,743
1657634927.9639597,735
1657634928.0052872,752
1657634928.0471182,734
1657634928.0885978,729
1657634928.1304467,728
1657634928.171901,759
1657634928.2133288,761
1657634928.2546856,736
1657634928.2962203,745
1657634928.3376179,734
1657634928.3792107,743
1657634928.4210572,755
1657634928.4629502,739
1657634928.5047703,740
1657634928.5465672,739
1657634928.588081,736
1657634928.629857,750
1657634928.6713047,745
1657634928.7127676,744
1657634928.7546315,775
1657634928.7962422,754
1657634928.83762,767
1657634928.879009,734
1657634928.9208298,758
1657634928.9626205,740
1657634929.0045407,748
1657634929.0464733,728
1657634929.0879002,734
1657634929.129861,755
1657634929.1717317,755
1657634929.2135274,740
1657634929.2553222,753
1657634929.2967489,767
1657634929.3381264,745
1657634929.3796966,716
1657634929.4215682,743
1657634929.4629662,730
1657634929.5044575,740
1657634929.546269,760
1657634929.5876675,762
1657634929.6294985,770
1657634929.6714199,736
1657634929.713353,748
1657634929.7551906,755
1657634929.7967727,767
1657634929.8381042,750
1657634929.8800056,753
1657634929.9219148,759
1657634929.9632766,743
1657634930.005152,733
1657634930.0468729,749
1657634930.0888455,729
1657634930.1307251,765
1657634930.1721072,724
1657634930.213572,742
1657634930.2554255,720
1657634930.296954,724
1657634930.3385906,736
1657634930.3802972,756
1657634930.4221568,741
1657634930.463603,734
1657634930.505052,752
1657634930.5469244,734
1657634930.5884757,758
1657634930.6302893,742
1657634930.6722193,763
1657634930.713984,774
1657634930.75534,740
1657634930.7969294,751
1657634930.8383245,730
1657634930.8802536,746
1657634930.9220748,742
1657634930.963905,736
1657634931.0057235,771
1657634931.0475738,755
1657634931.0890706,736
1657634931.1309307,760
1657634931.1728415,757
1657634931.2147968,768
1657634931.256171,741
1657634931.297662,745
1657634931.339161,741
1657634931.3807306,728
1657634931.4221153,736
1657634931.4640105,728
1657634931.505852,744
1657634931.5476818,754
1657634931.5893023,732
1657634931.6311338,732
1657634931.673094,760
1657634931.7146056,770
1657634931.7564416,773
1657634931.7980185,770
1657634931.83937,741
1657634931.881288,769
1657634931.9231005,737
1657634931.9648817,734
1657634932.0061789,767
1657634932.0480418,744
1657634932.0894926,731
1657634932.1309123,734
1657634932.1728113,721
1657634932.214223,769
1657634932.2561088,751
1657634932.2976284,753
1657634932.3390741,771
1657634932.3819346,729
1657634932.4243383,752
1657634932.4668186,739
1657634932.5094886,772
1657634932.551987,731
1657634932.5945888,746
1657634932.6369376,724
1657634932.679428,738
1657634932.7217977,727
1657634932.7641394,723
1657634932.8055234,753
1657634932.8473444,738
1657634932.8889902,752
1657634932.931135,762
1657634932.9728646,740
1657634933.0143957,753
1657634933.0561936,735
1657634933.0978673,762
1657634933.139678,723
1657634933.1814933,764
1657634933.223332,758
1657634933.2647552,727
1657634933.3066185,754
1657634933.3484151,758
1657634933.3904335,772
1657634933.4318752,740
1657634933.473451,750
1657634933.5150993,758
1657634933.5568597,737
1657634933.5983555,733
1657634933.640244,726
1657634933.6816983,750
1657634933.7240336,751
1657634933.7659106,743
1657634933.8077586,747
1657634933.849202,761
1657634933.8906548,745
1657634933.931966,734
1657634933.9738002,753
1657634934.0152514,744
1657634934.0570827,758
1657634934.098608,739
1657634934.140408,746
1657634934.1822586,767
1657634934.2244,722
1657634934.2662394,756
1657634934.3076239,764
1657634934.3494456,752
1657634934.3918724,746
1657634934.4336507,762
1657634934.475124,745
1657634934.5167801,749
1657634934.558482,739
1657634934.6001122,744
1657634934.6419451,770
1657634934.6835058,720
1657634934.7260714,754
1657634934.768026,737
1657634934.8102524,754
