1662032804.6597662,762.0
1662032804.6696522,764.0
1662032804.6794875,782.0
1662032804.688177,754.0
1662032804.698056,761.0
1662032804.7067044,767.0
1662032804.7164981,762.0
1662032804.726305,746.0
1662032804.7349036,777.0
1662032804.7454042,767.0
1662032804.754648,763.0
1662032804.763513,772.0
1662032804.77347,744.0
1662032804.7822592,750.0
1662032804.7927763,756.0
1662032804.80152,758.0
1662032804.8104186,751.0
1662032804.8198748,754.0
1662032804.8299625,771.0
1662032804.8389308,762.0
1662032804.847977,756.0
1662032804.858237,769.0
1662032804.866989,761.0
1662032804.8760417,766.0
1662032804.8861766,772.0
1662032804.8950162,754.0
1662032804.9051838,767.0
1662032804.9140205,759.0
1662032804.9230483,769.0
1662032804.933185,753.0
1662032804.9425704,760.0
1662032804.9513085,765.0
1662032804.9614317,776.0
1662032804.9702735,765.0
1662032804.980421,761.0
1662032804.9891562,755.0
1662032804.9993534,765.0
1662032805.008247,750.0
1662032805.018343,754.0
1662032805.0276468,762.0
1662032805.0365925,760.0
1662032805.0456433,757.0
1662032805.0557184,769.0
1662032805.0643764,772.0
1662032805.0743132,748.0
1662032805.083065,765.0
1662032805.0930882,748.0
1662032805.1018414,754.0
1662032805.1117382,755.0
1662032805.1217196,761.0
1662032805.130395,753.0
1662032805.139507,752.0
1662032805.149619,758.0
1662032805.1594818,767.0
1662032805.1682355,769.0
1662032805.1781626,767.0
1662032805.1868103,758.0
1662032805.196748,759.0
1662032805.205521,764.0
1662032805.2154968,784.0
1662032805.2242634,759.0
1662032805.2341115,758.0
1662032805.243155,763.0
1662032805.2531102,761.0
1662032805.2618344,753.0
1662032805.2717943,756.0
1662032805.2816896,773.0
1662032805.2903728,754.0
1662032805.3003054,749.0
1662032805.3090475,754.0
1662032805.3189747,759.0
1662032805.3288617,762.0
1662032805.337777,749.0
1662032805.34775,755.0
1662032805.3564632,760.0
1662032805.366377,761.0
1662032805.374999,757.0
1662032805.3851428,769.0
1662032805.3950608,765.0
1662032805.4035285,762.0
1662032805.4134803,758.0
1662032805.4222848,762.0
1662032805.4321773,773.0
1662032805.44205,755.0
1662032805.4506097,766.0
1662032805.4605055,762.0
1662032805.4703608,746.0
1662032805.4788275,758.0
1662032805.4885454,763.0
1662032805.4981227,761.0
1662032805.5077407,749.0
1662032805.517326,761.0
1662032805.5257585,765.0
1662032805.5354445,764.0
1662032805.5449944,760.0
1662032805.5548444,754.0
1662032805.5644164,762.0
1662032805.5726604,770.0
1662032805.5822687,763.0
1662032805.591861,763.0
1662032805.6014278,762.0
1662032805.6110065,768.0
1662032805.620575,760.0
1662032805.6289825,760.0
1662032805.6386209,774.0
1662032805.6483433,770.0
1662032805.6579273,761.0
1662032805.6674988,761.0
1662032805.677021,764.0
1662032805.6865742,766.0
1662032805.696121,769.0
1662032805.70434,757.0
1662032805.7138982,752.0
1662032805.723766,756.0
1662032805.733337,753.0
1662032805.7429533,763.0
1662032805.7525675,764.0
1662032805.7608387,753.0
1662032805.770369,755.0
1662032805.7799468,759.0
1662032805.789541,777.0
1662032805.7990723,764.0
1662032805.8086562,760.0
1662032805.8182619,758.0
1662032805.8267004,757.0
1662032805.8363354,757.0
1662032805.845901,753.0
1662032805.8554728,761.0
1662032805.8650172,753.0
1662032805.874573,774.0
1662032805.884113,768.0
1662032805.8936753,767.0
1662032805.901904,754.0
1662032805.9114554,763.0
1662032805.9211292,760.0
1662032805.9309099,752.0
1662032805.9405246,767.0
1662032805.9500873,754.0
1662032805.9583137,754.0
1662032805.9678676,766.0
1662032805.9774234,760.0
1662032805.987063,757.0
1662032805.9966257,754.0
1662032806.0062468,766.0
1662032806.0158994,766.0
1662032806.0244098,761.0
1662032806.0340195,761.0
1662032806.04361,764.0
1662032806.0532367,762.0
1662032806.062836,761.0
1662032806.072394,769.0
1662032806.08194,756.0
1662032806.0902588,764.0
1662032806.0998335,763.0
1662032806.1094513,753.0
1662032806.1190085,756.0
1662032806.128662,760.0
1662032806.1383402,752.0
1662032806.14684,756.0
1662032806.1564717,757.0
1662032806.1660466,756.0
1662032806.1755848,754.0
1662032806.1852283,758.0
1662032806.1948352,762.0
1662032806.203055,761.0
1662032806.2126086,757.0
1662032806.2223468,747.0
1662032806.2319875,772.0
1662032806.2415729,762.0
1662032806.2511585,760.0
1662032806.2594593,757.0
1662032806.2690005,743.0
1662032806.2785823,761.0
1662032806.2881958,764.0
1662032806.2977667,757.0
1662032806.3073175,757.0
1662032806.316927,776.0
1662032806.3253598,762.0
1662032806.3349433,759.0
1662032806.3445153,758.0
1662032806.354075,760.0
1662032806.3636281,769.0
1662032806.373184,753.0
1662032806.382768,773.0
1662032806.3923256,760.0
1662032806.401882,767.0
1662032806.4101274,756.0
1662032806.419763,765.0
1662032806.4293451,760.0
1662032806.4389668,749.0
1662032806.448607,767.0
1662032806.4582136,756.0
1662032806.4664338,770.0
1662032806.4759834,759.0
1662032806.4855607,761.0
1662032806.495164,751.0
1662032806.504704,762.0
1662032806.514267,760.0
1662032806.5241082,770.0
1662032806.5324445,762.0
1662032806.5420318,757.0
1662032806.5516222,756.0
1662032806.5612628,760.0
1662032806.5708797,765.0
1662032806.580401,775.0
1662032806.589984,764.0
1662032806.5982497,747.0
1662032806.6077855,764.0
1662032806.617378,772.0
1662032806.6269941,754.0
1662032806.6365926,752.0
1662032806.646439,763.0
1662032806.654686,759.0
1662032806.6642425,759.0
1662032806.6738346,762.0
1662032806.6834419,765.0
1662032806.693007,752.0
1662032806.702593,761.0
1662032806.7121928,758.0
1662032806.7218056,764.0
1662032806.7302089,761.0
1662032806.739893,765.0
1662032806.7494829,773.0
1662032806.7591016,761.0
1662032806.7686987,759.0
1662032806.7782748,764.0
1662032806.7865078,762.0
1662032806.7961168,768.0
1662032806.805674,766.0
1662032806.8152187,751.0
1662032806.8249788,767.0
1662032806.8346815,757.0
1662032806.8429182,746.0
1662032806.8524964,764.0
1662032806.8620794,761.0
1662032806.8716166,759.0
1662032806.8811772,755.0
1662032806.890769,769.0
1662032806.9003012,774.0
1662032806.9098742,772.0
1662032806.9181182,752.0
1662032806.9278529,769.0
1662032806.937467,757.0
1662032806.9470553,767.0
1662032806.9566104,752.0
1662032806.9661996,763.0
1662032806.9758492,771.0
1662032806.9841542,763.0
1662032806.9938376,743.0
1662032807.0035572,752.0
1662032807.013259,765.0
1662032807.0217037,768.0
1662032807.0315833,756.0
1662032807.0413249,752.0
1662032807.0510592,759.0
1662032807.0594428,763.0
1662032807.0691643,756.0
1662032807.0788748,767.0
1662032807.0886207,755.0
1662032807.0969822,762.0
1662032807.1066263,759.0
1662032807.1164231,762.0
1662032807.126443,767.0
1662032807.1349149,766.0
1662032807.1448,747.0
1662032807.1545749,766.0
1662032807.1628864,763.0
1662032807.1726089,763.0
1662032807.1822915,766.0
1662032807.192002,743.0
1662032807.2016554,754.0
1662032807.2099817,757.0
1662032807.2196786,755.0
1662032807.2295702,758.0
1662032807.2393064,749.0
1662032807.2479436,769.0
1662032807.2575872,750.0
1662032807.2672808,762.0
1662032807.2769578,743.0
1662032807.2852669,757.0
1662032807.2949436,745.0
1662032807.3047063,762.0
1662032807.3144073,760.0
1662032807.3228498,757.0
1662032807.332777,761.0
1662032807.3425107,756.0
1662032807.3521867,760.0
1662032807.3605537,762.0
1662032807.3702676,768.0
1662032807.379903,755.0
1662032807.3895733,767.0
1662032807.3992314,768.0
1662032807.4075415,762.0
1662032807.4172328,754.0
1662032807.4272478,757.0
1662032807.4356792,769.0
1662032807.4453166,755.0
1662032807.4550173,767.0
1662032807.46467,768.0
1662032807.4742866,772.0
1662032807.483955,766.0
1662032807.4922726,760.0
1662032807.5019224,750.0
1662032807.5115478,759.0
1662032807.521322,748.0
1662032807.5297282,756.0
1662032807.5394628,746.0
1662032807.5492,764.0
1662032807.5589023,763.0
1662032807.5685482,752.0
1662032807.576895,759.0
1662032807.5865495,761.0
1662032807.5962522,741.0
1662032807.6059475,758.0
1662032807.6156158,768.0
1662032807.6239312,759.0
1662032807.6337948,754.0
1662032807.643824,766.0
1662032807.652214,742.0
1662032807.661951,766.0
1662032807.6716425,752.0
1662032807.6813211,766.0
1662032807.6897204,768.0
1662032807.6994195,764.0
1662032807.7094345,754.0
1662032807.7190747,757.0
1662032807.7274706,769.0
1662032807.7371118,762.0
1662032807.7466834,753.0
1662032807.756435,759.0
1662032807.766094,761.0
1662032807.7745,760.0
1662032807.7846644,760.0
1662032807.7934382,764.0
1662032807.8037164,763.0
1662032807.8124003,775.0
1662032807.8225849,753.0
1662032807.8320768,760.0
1662032807.841354,760.0
1662032807.850365,775.0
1662032807.8593585,769.0
1662032807.8694267,763.0
1662032807.8779445,762.0
1662032807.8878188,766.0
1662032807.8977365,765.0
1662032807.9073234,756.0
1662032807.9157126,770.0
1662032807.9252608,754.0
1662032807.934887,760.0
1662032807.9444501,762.0
1662032807.9540088,748.0
1662032807.9636102,759.0
1662032807.973117,764.0
1662032807.9814563,757.0
1662032807.9910958,741.0
1662032808.0010424,757.0
1662032808.0096014,759.0
1662032808.019366,775.0
1662032808.0294917,766.0
1662032808.0384104,777.0
1662032808.0482132,766.0
1662032808.0566897,767.0
1662032808.06644,756.0
1662032808.0761423,751.0
1662032808.0858464,758.0
1662032808.0955358,754.0
1662032808.1038666,759.0
1662032808.11363,758.0
1662032808.1234148,759.0
1662032808.1319163,765.0
1662032808.142046,767.0
1662032808.1520214,777.0
1662032808.1604853,774.0
1662032808.1701803,766.0
1662032808.179883,757.0
1662032808.1895645,762.0
1662032808.1982434,766.0
1662032808.207962,763.0
1662032808.2176352,752.0
1662032808.2260396,755.0
1662032808.2359912,761.0
1662032808.245706,757.0
1662032808.2554297,757.0
1662032808.2639291,763.0
1662032808.2736254,751.0
1662032808.2833164,748.0
1662032808.293035,764.0
1662032808.3013637,765.0
1662032808.3111672,759.0
1662032808.3209083,755.0
1662032808.3306706,778.0
1662032808.3391457,763.0
1662032808.3488677,762.0
1662032808.3585827,767.0
1662032808.3682888,751.0
1662032808.3766572,762.0
1662032808.3864613,764.0
1662032808.3961875,767.0
1662032808.405928,759.0
1662032808.4143262,770.0
1662032808.4240158,749.0
1662032808.4336917,763.0
1662032808.4434187,764.0
1662032808.453109,759.0
1662032808.461519,761.0
1662032808.4712183,765.0
1662032808.4808986,764.0
1662032808.490577,750.0
1662032808.498923,763.0
1662032808.508652,758.0
1662032808.5183632,758.0
1662032808.528123,768.0
1662032808.536627,743.0
1662032808.54634,751.0
1662032808.5560777,754.0
1662032808.5657623,771.0
1662032808.575431,757.0
1662032808.583762,764.0
1662032808.5935657,769.0
1662032808.603244,768.0
1662032808.6129315,762.0
1662032808.6213489,759.0
1662032808.6312249,752.0
1662032808.6409872,768.0
1662032808.6494603,756.0
1662032808.6592371,756.0
1662032808.6689405,750.0
1662032808.6786704,757.0
1662032808.6872911,757.0
1662032808.6970255,773.0
1662032808.7067034,748.0
1662032808.7164812,762.0
1662032808.7249782,761.0
1662032808.7347631,760.0
1662032808.7444968,762.0
1662032808.7528944,752.0
1662032808.7626488,755.0
1662032808.7723904,759.0
1662032808.782064,762.0
1662032808.791798,758.0
1662032808.8002467,754.0
1662032808.8100362,750.0
1662032808.819721,754.0
1662032808.8282921,767.0
1662032808.838007,759.0
1662032808.8476818,761.0
1662032808.8574262,749.0
1662032808.8658278,764.0
1662032808.8755434,755.0
1662032808.88523,758.0
1662032808.8950138,754.0
1662032808.904716,757.0
1662032808.9130905,759.0
1662032808.922847,763.0
1662032808.932653,765.0
1662032808.9424155,760.0
1662032808.9508142,755.0
1662032808.960636,765.0
1662032808.970302,782.0
1662032808.9799755,756.0
1662032808.9883113,756.0
1662032808.998024,750.0
1662032809.007741,766.0
1662032809.0174665,759.0
1662032809.025886,759.0
1662032809.0357423,763.0
1662032809.045582,767.0
1662032809.055307,756.0
1662032809.0636632,773.0
1662032809.0733266,765.0
1662032809.0829642,757.0
1662032809.092625,753.0
1662032809.102349,767.0
1662032809.1109107,773.0
1662032809.1206257,754.0
1662032809.1304178,749.0
1662032809.1389005,754.0
1662032809.1486416,761.0
1662032809.1584196,757.0
1662032809.1682131,770.0
1662032809.1765654,757.0
1662032809.1863008,764.0
1662032809.1960144,748.0
1662032809.205669,767.0
1662032809.2140038,755.0
1662032809.223678,765.0
1662032809.2334394,758.0
1662032809.243217,764.0
1662032809.2529032,772.0
1662032809.2613404,758.0
1662032809.2710252,777.0
1662032809.2807431,758.0
1662032809.2904134,748.0
1662032809.2987537,758.0
1662032809.3086126,758.0
1662032809.3182826,772.0
1662032809.3279855,747.0
1662032809.3363998,755.0
1662032809.346147,749.0
1662032809.3558354,759.0
1662032809.3655357,756.0
1662032809.375198,763.0
1662032809.383549,763.0
1662032809.393184,761.0
1662032809.4028795,764.0
1662032809.41252,767.0
1662032809.422184,748.0
1662032809.4306538,752.0
1662032809.4403353,761.0
1662032809.4500196,761.0
1662032809.4597843,754.0
1662032809.4680967,766.0
1662032809.4778051,776.0
1662032809.487562,761.0
1662032809.4973588,757.0
1662032809.5057688,770.0
1662032809.5154026,759.0
1662032809.525234,760.0
1662032809.5349963,760.0
1662032809.5434124,757.0
1662032809.5530715,771.0
1662032809.5627449,751.0
1662032809.572414,751.0
1662032809.582108,760.0
1662032809.5904136,755.0
1662032809.6001756,773.0
1662032809.6099122,759.0
1662032809.6196015,757.0
1662032809.6280751,774.0
1662032809.637931,761.0
1662032809.6478071,752.0
1662032809.6574988,752.0
1662032809.665928,753.0
1662032809.6756065,752.0
1662032809.6852665,765.0
1662032809.6949704,776.0
1662032809.7045488,760.0
1662032809.7129545,771.0
1662032809.722613,763.0
1662032809.7324247,765.0
1662032809.7410114,749.0
1662032809.750674,755.0
1662032809.7603755,759.0
1662032809.770029,757.0
1662032809.779655,756.0
1662032809.788028,768.0
1662032809.7977393,756.0
1662032809.80748,768.0
1662032809.8172,756.0
1662032809.8256695,755.0
1662032809.835324,763.0
1662032809.845087,766.0
1662032809.8547344,759.0
1662032809.8645232,754.0
1662032809.8729537,768.0
1662032809.8826296,751.0
1662032809.8923392,755.0
1662032809.9020014,763.0
1662032809.9103534,760.0
1662032809.9200037,765.0
1662032809.9296744,752.0
1662032809.939412,764.0
1662032809.9491298,754.0
1662032809.9574387,750.0
1662032809.9672277,770.0
1662032809.9769368,748.0
1662032809.9866142,761.0
1662032809.9950366,757.0
1662032810.0046875,759.0
1662032810.0143173,771.0
1662032810.0239558,754.0
1662032810.0336928,764.0
1662032810.0423002,761.0
1662032810.0519795,763.0
1662032810.0616982,748.0
1662032810.0714006,762.0
1662032810.0797238,765.0
1662032810.0894268,753.0
1662032810.0992167,776.0
1662032810.108984,759.0
1662032810.1173487,761.0
1662032810.1271124,755.0
1662032810.136893,761.0
1662032810.1466978,743.0
1662032810.1551223,748.0
1662032810.1648514,764.0
1662032810.1745398,769.0
1662032810.184246,767.0
1662032810.1925762,760.0
1662032810.2022097,757.0
1662032810.211925,752.0
1662032810.2216983,765.0
1662032810.231443,771.0
1662032810.2398863,769.0
1662032810.2495873,756.0
1662032810.2592998,760.0
1662032810.269153,772.0
1662032810.277609,771.0
1662032810.2875218,761.0
1662032810.2972617,761.0
1662032810.3057268,761.0
1662032810.315621,771.0
1662032810.3254673,774.0
1662032810.3339176,753.0
1662032810.3437235,768.0
1662032810.3534224,755.0
1662032810.363229,766.0
1662032810.3716207,763.0
1662032810.381257,760.0
1662032810.3909905,763.0
1662032810.4006636,755.0
1662032810.410293,764.0
1662032810.4186254,749.0
1662032810.4283197,759.0
1662032810.4382055,770.0
1662032810.4479046,762.0
1662032810.4562316,763.0
1662032810.4659877,774.0
1662032810.475698,746.0
1662032810.485437,754.0
1662032810.4938262,762.0
1662032810.5035312,768.0
1662032810.5132103,757.0
1662032810.522906,764.0
1662032810.5327237,761.0
1662032810.5412083,766.0
1662032810.5509508,758.0
1662032810.5606074,765.0
1662032810.5703228,763.0
1662032810.5786428,764.0
1662032810.5883398,760.0
1662032810.5980864,756.0
1662032810.6078603,749.0
1662032810.6163402,769.0
1662032810.626179,764.0
1662032810.634936,762.0
1662032810.644921,763.0
1662032810.654888,758.0
1662032810.6634972,756.0
1662032810.6734815,765.0
1662032810.6820736,766.0
1662032810.692123,758.0
1662032810.7020233,763.0
1662032810.7103994,766.0
1662032810.720513,776.0
1662032810.7292542,765.0
1662032810.7393615,764.0
1662032810.747889,762.0
1662032810.757594,774.0
1662032810.7676268,764.0
1662032810.7762418,778.0
1662032810.7862666,770.0
1662032810.7961595,774.0
1662032810.8050148,763.0
1662032810.8147044,755.0
1662032810.8234339,770.0
1662032810.8336256,768.0
1662032810.8423266,752.0
1662032810.852386,751.0
1662032810.8612735,762.0
1662032810.8711827,758.0
1662032810.879973,761.0
1662032810.8900132,754.0
1662032810.8989298,752.0
1662032810.908678,759.0
1662032810.9176164,771.0
1662032810.9273307,759.0
1662032810.9373107,755.0
1662032810.9455805,753.0
1662032810.955102,767.0
1662032810.9646459,754.0
1662032810.9744182,756.0
1662032810.98404,758.0
1662032810.9936795,765.0
1662032811.0019643,779.0
1662032811.0116446,762.0
1662032811.0213437,766.0
1662032811.030907,776.0
1662032811.0408027,771.0
1662032811.0490205,752.0
1662032811.058672,761.0
1662032811.0682356,763.0
1662032811.077859,765.0
1662032811.0873928,764.0
1662032811.0970104,754.0
1662032811.10668,765.0
1662032811.1149669,764.0
1662032811.124511,754.0
1662032811.134177,756.0
1662032811.144028,759.0
1662032811.153556,766.0
1662032811.1631765,756.0
1662032811.171445,771.0
1662032811.1809833,749.0
1662032811.1905267,754.0
1662032811.2002888,763.0
1662032811.210034,760.0
1662032811.218281,761.0
1662032811.2279992,759.0
1662032811.2375538,771.0
1662032811.2473283,755.0
1662032811.2569892,761.0
1662032811.2653294,756.0
1662032811.274908,759.0
1662032811.2844856,747.0
1662032811.294126,760.0
1662032811.303751,755.0
1662032811.3134592,759.0
1662032811.323003,753.0
1662032811.3313117,765.0
1662032811.3410327,764.0
1662032811.35075,762.0
1662032811.360329,766.0
1662032811.3699634,771.0
1662032811.379522,764.0
1662032811.3877454,772.0
1662032811.3973224,741.0
1662032811.4070446,754.0
1662032811.4166026,760.0
1662032811.4262688,766.0
1662032811.4359915,753.0
1662032811.4444044,764.0
1662032811.4539986,755.0
1662032811.4636738,755.0
1662032811.4732547,762.0
1662032811.4828222,758.0
1662032811.4923813,757.0
1662032811.500756,771.0
1662032811.510316,771.0
1662032811.5198462,751.0
1662032811.5294676,759.0
1662032811.5391479,758.0
1662032811.5487185,749.0
1662032811.55827,769.0
1662032811.5665722,768.0
1662032811.5760672,754.0
1662032811.5859756,763.0
1662032811.5957284,769.0
1662032811.6053329,764.0
1662032811.6135852,762.0
1662032811.6231508,767.0
1662032811.6330874,758.0
1662032811.6428878,757.0
1662032811.651243,758.0
1662032811.66088,760.0
1662032811.6705136,764.0
1662032811.680126,760.0
1662032811.689695,775.0
1662032811.6981995,738.0
1662032811.7077894,762.0
1662032811.7174878,757.0
1662032811.7271805,755.0
1662032811.7368855,774.0
1662032811.7453651,761.0
1662032811.7548723,758.0
1662032811.7645435,763.0
1662032811.7740943,758.0
1662032811.7837744,765.0
1662032811.7934122,761.0
1662032811.8018267,761.0
1662032811.8114927,746.0
1662032811.8211765,768.0
1662032811.8307827,761.0
1662032811.8405173,761.0
1662032811.8487606,748.0
1662032811.8585484,753.0
1662032811.8682356,756.0
1662032811.8778656,765.0
1662032811.8875074,772.0
1662032811.89587,767.0
1662032811.9054024,760.0
1662032811.9151204,765.0
1662032811.92475,755.0
1662032811.9344878,762.0
1662032811.9428697,774.0
1662032811.9524715,766.0
1662032811.9620638,756.0
1662032811.97173,766.0
1662032811.981418,748.0
1662032811.9910703,762.0
1662032811.9995325,761.0
1662032812.00921,758.0
1662032812.0187624,753.0
1662032812.0284448,768.0
1662032812.038062,760.0
1662032812.0464497,769.0
1662032812.0561051,758.0
1662032812.0658205,756.0
1662032812.0754068,767.0
1662032812.08502,758.0
1662032812.0946183,759.0
1662032812.102893,762.0
1662032812.1124258,775.0
1662032812.122041,759.0
1662032812.131698,775.0
1662032812.1414707,761.0
1662032812.1511252,759.0
1662032812.1594477,757.0
1662032812.1690779,749.0
1662032812.1787195,774.0
1662032812.1882951,759.0
1662032812.1979,749.0
1662032812.2074146,754.0
1662032812.216976,769.0
1662032812.225286,762.0
1662032812.2349887,763.0
1662032812.244766,755.0
1662032812.2544093,766.0
1662032812.2638988,763.0
1662032812.2722428,768.0
1662032812.2818537,779.0
1662032812.2914152,758.0
1662032812.3010828,761.0
1662032812.3106487,753.0
1662032812.3202398,756.0
1662032812.3300228,755.0
1662032812.3382642,763.0
1662032812.3481073,767.0
1662032812.3577425,753.0
1662032812.3673398,753.0
1662032812.3769164,766.0
1662032812.3851502,766.0
1662032812.3947577,751.0
1662032812.4044747,768.0
1662032812.4140522,767.0
1662032812.4238102,759.0
1662032812.432186,750.0
1662032812.4418464,764.0
1662032812.4515371,769.0
1662032812.461171,778.0
1662032812.4707863,764.0
1662032812.4803243,754.0
1662032812.4898238,763.0
1662032812.4981296,764.0
1662032812.5078006,763.0
1662032812.5173988,764.0
1662032812.5271294,755.0
1662032812.5368679,761.0
1662032812.5454767,750.0
1662032812.555154,753.0
1662032812.5647833,751.0
1662032812.5744896,758.0
1662032812.5826926,759.0
1662032812.5923746,770.0
1662032812.6022217,754.0
1662032812.6117947,757.0
1662032812.6213794,779.0
1662032812.6297953,764.0
1662032812.6395695,754.0
1662032812.6492534,759.0
1662032812.6589155,755.0
1662032812.6685596,756.0
1662032812.6767852,765.0
1662032812.6864617,763.0
1662032812.6961088,779.0
1662032812.7058337,767.0
1662032812.7154865,759.0
1662032812.7251902,767.0
1662032812.7334864,764.0
1662032812.743336,762.0
1662032812.752953,764.0
1662032812.7625537,769.0
1662032812.7721446,761.0
1662032812.7804053,767.0
1662032812.790061,756.0
1662032812.7997448,769.0
1662032812.809486,766.0
1662032812.8191833,761.0
1662032812.8275695,761.0
1662032812.8372548,767.0
1662032812.8472574,757.0
1662032812.8555856,762.0
1662032812.865182,765.0
1662032812.8748345,759.0
1662032812.8844712,755.0
1662032812.8941145,754.0
1662032812.903864,766.0
1662032812.9121528,766.0
1662032812.9218588,765.0
1662032812.9316475,760.0
1662032812.9411852,747.0
1662032812.950907,755.0
1662032812.959179,755.0
1662032812.968796,762.0
1662032812.9784234,748.0
1662032812.9879093,760.0
1662032812.9976344,753.0
1662032813.0072598,767.0
1662032813.015577,761.0
1662032813.025359,776.0
1662032813.035057,765.0
1662032813.044849,761.0
1662032813.0531442,750.0
1662032813.0628386,760.0
1662032813.0724936,749.0
1662032813.0821736,762.0
1662032813.0917084,762.0
1662032813.1012418,751.0
1662032813.1109004,766.0
1662032813.1191816,778.0
1662032813.1288688,750.0
1662032813.1385021,748.0
1662032813.1482038,760.0
1662032813.157856,758.0
1662032813.1661189,745.0
1662032813.175811,760.0
1662032813.1854377,764.0
1662032813.1949155,757.0
1662032813.204565,742.0
1662032813.2140427,768.0
1662032813.2235487,763.0
1662032813.2333794,758.0
1662032813.2416296,761.0
1662032813.2514236,758.0
1662032813.260974,766.0
1662032813.2705252,761.0
1662032813.2802417,749.0
1662032813.2885234,758.0
1662032813.2982283,763.0
1662032813.3077514,762.0
1662032813.3175483,754.0
1662032813.3272574,767.0
1662032813.335652,754.0
1662032813.3453612,763.0
1662032813.3548925,757.0
1662032813.364529,768.0
1662032813.3741946,752.0
1662032813.3839242,756.0
1662032813.3921764,751.0
1662032813.4017556,757.0
1662032813.4115314,760.0
1662032813.4211874,763.0
1662032813.4308228,769.0
1662032813.4392233,757.0
1662032813.4489348,767.0
1662032813.4585538,763.0
1662032813.468212,760.0
1662032813.4778602,762.0
1662032813.48616,756.0
1662032813.4957278,763.0
1662032813.5053568,755.0
1662032813.5148606,764.0
1662032813.524569,766.0
1662032813.534368,754.0
1662032813.5425947,763.0
1662032813.5523646,758.0
1662032813.5619824,770.0
1662032813.5715442,761.0
1662032813.5811615,765.0
1662032813.5895627,764.0
1662032813.5990965,763.0
1662032813.608658,753.0
1662032813.6182241,775.0
1662032813.6278386,762.0
1662032813.637522,766.0
1662032813.6472678,764.0
1662032813.6555653,771.0
1662032813.6652505,767.0
1662032813.674922,748.0
1662032813.6845424,755.0
1662032813.6941004,759.0
1662032813.7036326,765.0
1662032813.7118738,761.0
1662032813.721449,757.0
1662032813.7309968,764.0
1662032813.740632,759.0
1662032813.750433,764.0
1662032813.759957,760.0
1662032813.7695975,757.0
1662032813.7778032,752.0
1662032813.7873118,777.0
1662032813.7968616,763.0
1662032813.8066235,759.0
1662032813.8161962,765.0
1662032813.8257618,771.0
1662032813.8354151,762.0
1662032813.8436131,752.0
1662032813.8533852,766.0
1662032813.8630867,765.0
1662032813.8726192,753.0
1662032813.882242,753.0
1662032813.891937,761.0
1662032813.9000964,744.0
1662032813.909617,749.0
1662032813.9192033,758.0
1662032813.9288876,769.0
1662032813.9385183,752.0
1662032813.948294,762.0
1662032813.9565628,756.0
1662032813.9661057,763.0
1662032813.9756074,754.0
1662032813.9852784,767.0
1662032813.994911,769.0
1662032814.0044985,769.0
1662032814.0142772,777.0
1662032814.0225136,761.0
1662032814.0320866,761.0
1662032814.0427349,770.0
1662032814.0513718,756.0
1662032814.060117,771.0
1662032814.0701756,750.0
1662032814.078919,765.0
1662032814.0889983,753.0
1662032814.0976734,754.0
1662032814.107828,753.0
1662032814.117566,761.0
1662032814.1261818,762.0
1662032814.1358135,749.0
1662032814.1458273,760.0
1662032814.15439,773.0
1662032814.1643782,761.0
1662032814.1739368,760.0
1662032814.1822715,762.0
1662032814.1919532,756.0
1662032814.2019522,757.0
1662032814.2106037,760.0
1662032814.220675,763.0
1662032814.2294161,768.0
1662032814.2396648,758.0
1662032814.2485433,765.0
1662032814.2585611,754.0
1662032814.267265,771.0
1662032814.277318,759.0
1662032814.2873554,758.0
1662032814.295992,764.0
1662032814.3061361,762.0
1662032814.3146732,762.0
1662032814.3247,766.0
1662032814.333068,768.0
1662032814.3430018,765.0
1662032814.351656,771.0
1662032814.3616745,774.0
1662032814.3717206,763.0
1662032814.3804543,762.0
1662032814.3904934,759.0
1662032814.3991897,760.0
1662032814.4092798,756.0
1662032814.4179654,758.0
1662032814.4280775,754.0
1662032814.436718,770.0
1662032814.447127,766.0
1662032814.455839,768.0
1662032814.4661067,754.0
1662032814.4746702,767.0
1662032814.4847481,772.0
1662032814.4932344,760.0
1662032814.5031629,758.0
1662032814.5120192,770.0
1662032814.522213,778.0
1662032814.5310042,772.0
1662032814.540985,762.0
1662032814.5496523,757.0
1662032814.559695,766.0
1662032814.568439,758.0
1662032814.5785186,759.0
1662032814.587132,755.0
1662032814.5971775,754.0
1662032814.6058855,761.0
1662032814.6159363,748.0
1662032814.625959,764.0
1662032814.6345453,765.0
1662032814.6445792,767.0
1662032814.6532516,757.0
1662032814.6633189,759.0
1662032814.6719618,751.0
1662032814.6822846,767.0
1662032814.6909754,765.0
1662032814.7010248,756.0
1662032814.7097485,766.0
1662032814.7197852,766.0
1662032814.728559,780.0
1662032814.7385113,764.0
1662032814.7472682,759.0
1662032814.7573385,754.0
1662032814.765931,763.0
1662032814.7759428,760.0
1662032814.7859764,755.0
1662032814.7946863,771.0
1662032814.8047054,761.0
1662032814.8132994,761.0
1662032814.8232424,773.0
1662032814.831874,759.0
1662032814.8420184,770.0
1662032814.8507626,760.0
1662032814.8607543,769.0
1662032814.8694935,761.0
1662032814.8797607,756.0
1662032814.888227,764.0
1662032814.8982582,745.0
1662032814.9069073,768.0
1662032814.9169216,754.0
1662032814.9269757,766.0
1662032814.9356346,775.0
1662032814.945705,765.0
1662032814.9543898,754.0
1662032814.9644034,750.0
1662032814.9729066,764.0
1662032814.9829342,762.0
1662032814.9916103,760.0
1662032815.0016434,767.0
1662032815.0103388,755.0
1662032815.020355,760.0
1662032815.0305634,768.0
1662032815.038929,753.0
1662032815.0491025,755.0
1662032815.0580294,753.0
1662032815.0680666,753.0
1662032815.076756,767.0
1662032815.0868518,748.0
1662032815.0954974,755.0
1662032815.1055024,752.0
1662032815.1141562,754.0
1662032815.1241884,773.0
1662032815.1342096,758.0
1662032815.1426468,769.0
1662032815.151568,755.0
1662032815.1618922,766.0
1662032815.1705227,761.0
1662032815.1806498,746.0
1662032815.189249,763.0
1662032815.1992776,767.0
1662032815.208003,758.0
1662032815.2180674,770.0
1662032815.227146,755.0
1662032815.237099,738.0
1662032815.2461443,761.0
1662032815.2551217,752.0
1662032815.2651267,768.0
1662032815.275158,749.0
1662032815.2838047,756.0
1662032815.2938318,747.0
1662032815.3022132,772.0
1662032815.3122115,759.0
1662032815.3222256,767.0
1662032815.330866,775.0
1662032815.3409784,768.0
1662032815.349423,757.0
1662032815.359532,756.0
1662032815.3682067,760.0
1662032815.3782275,761.0
1662032815.3869483,767.0
1662032815.3969712,770.0
1662032815.4056072,769.0
1662032815.415682,745.0
1662032815.4256926,751.0
1662032815.434374,772.0
1662032815.4444015,746.0
1662032815.4528005,757.0
1662032815.4627273,753.0
1662032815.472658,766.0
1662032815.481419,758.0
1662032815.4901853,763.0
1662032815.500093,751.0
1662032815.510145,757.0
1662032815.5187905,764.0
1662032815.5292056,757.0
1662032815.5381315,779.0
1662032815.5477808,760.0
1662032815.556047,760.0
1662032815.5656197,759.0
1662032815.5752206,758.0
1662032815.5851495,765.0
1662032815.5946896,764.0
1662032815.6043015,765.0
1662032815.6125884,743.0
1662032815.6222103,761.0
1662032815.6317983,764.0
1662032815.6416202,763.0
1662032815.6514919,765.0
1662032815.659902,762.0
1662032815.6694636,756.0
1662032815.6790197,760.0
1662032815.6889346,765.0
1662032815.6972446,765.0
1662032815.7068543,764.0
1662032815.7164383,753.0
1662032815.726,766.0
1662032815.735689,761.0
1662032815.7452774,763.0
1662032815.7548761,755.0
1662032815.7631512,754.0
1662032815.7726958,744.0
1662032815.7826807,752.0
1662032815.7922392,766.0
1662032815.8018286,772.0
1662032815.8114347,768.0
1662032815.8196654,762.0
1662032815.8292475,762.0
1662032815.8389282,757.0
1662032815.848518,751.0
1662032815.8580983,747.0
1662032815.8677304,766.0
1662032815.8760297,767.0
1662032815.8863015,755.0
1662032815.8961189,768.0
1662032815.9045653,762.0
1662032815.9142418,764.0
1662032815.9238932,767.0
1662032815.9335763,752.0
1662032815.9421766,764.0
1662032815.9519532,753.0
1662032815.9617043,760.0
1662032815.9713569,759.0
1662032815.9797401,762.0
1662032815.9893959,746.0
1662032815.999049,771.0
1662032816.0086758,772.0
1662032816.0183382,761.0
1662032816.026663,762.0
1662032816.036403,764.0
1662032816.0461874,760.0
1662032816.055966,768.0
1662032816.0643034,749.0
1662032816.0739963,760.0
1662032816.0838733,763.0
1662032816.0935829,771.0
1662032816.1019888,764.0
1662032816.1116536,751.0
1662032816.1213222,754.0
1662032816.1309698,760.0
1662032816.1406615,755.0
1662032816.1492682,748.0
1662032816.1589227,758.0
1662032816.1685858,761.0
1662032816.178251,767.0
1662032816.1865978,757.0
1662032816.1963332,769.0
1662032816.206114,768.0
1662032816.2147431,761.0
1662032816.2243986,750.0
1662032816.2340906,765.0
1662032816.243777,767.0
1662032816.2535253,752.0
1662032816.26186,772.0
1662032816.2715404,757.0
1662032816.281203,757.0
1662032816.2909214,741.0
1662032816.300628,771.0
1662032816.3092337,758.0
1662032816.3189077,754.0
1662032816.3285556,760.0
1662032816.3382788,774.0
1662032816.346684,751.0
1662032816.356461,765.0
1662032816.3661423,757.0
1662032816.3758888,772.0
1662032816.384262,755.0
1662032816.3939416,756.0
1662032816.4036174,760.0
1662032816.4132671,754.0
1662032816.4229097,759.0
1662032816.4312458,764.0
1662032816.4410295,766.0
1662032816.4508266,757.0
1662032816.4605477,762.0
1662032816.4689443,767.0
1662032816.4785666,768.0
1662032816.4882267,751.0
1662032816.4979193,752.0
1662032816.5075634,760.0
1662032816.515936,751.0
1662032816.525573,754.0
1662032816.5351892,741.0
1662032816.544909,758.0
1662032816.5546145,759.0
1662032816.5629368,763.0
1662032816.572618,763.0
1662032816.5822878,762.0
1662032816.5920143,744.0
1662032816.6016655,759.0
1662032816.6100438,775.0
1662032816.6197708,770.0
1662032816.6293833,768.0
1662032816.6390274,763.0
1662032816.648897,760.0
1662032816.6575084,759.0
1662032816.6672137,752.0
1662032816.676942,758.0
1662032816.6852436,754.0
1662032816.6951451,777.0
1662032816.7049017,753.0
1662032816.7146237,762.0
1662032816.7229555,774.0
1662032816.7326157,758.0
1662032816.7423337,767.0
1662032816.752263,770.0
1662032816.7606602,761.0
1662032816.770359,762.0
1662032816.7799733,748.0
1662032816.7896051,759.0
1662032816.7992816,747.0
1662032816.8078666,772.0
1662032816.8175614,766.0
1662032816.8271933,745.0
1662032816.8357728,751.0
1662032816.8455873,758.0
1662032816.8552816,774.0
1662032816.864957,765.0
1662032816.8746128,756.0
1662032816.882941,770.0
1662032816.8926444,774.0
1662032816.9023032,757.0
1662032816.91195,752.0
1662032816.9216318,762.0
1662032816.9299939,762.0
1662032816.9398355,760.0
1662032816.9495869,741.0
1662032816.95932,758.0
1662032816.9677248,776.0
1662032816.9773812,758.0
1662032816.9869912,758.0
1662032816.996708,766.0
1662032817.006411,761.0
1662032817.014847,751.0
1662032817.024516,764.0
1662032817.0342,759.0
1662032817.04398,761.0
1662032817.0522947,758.0
1662032817.0620363,753.0
1662032817.0718095,763.0
1662032817.0815568,758.0
1662032817.089933,763.0
1662032817.0996363,749.0
1662032817.1093185,757.0
1662032817.11894,761.0
1662032817.128609,770.0
1662032817.1369288,773.0
1662032817.1468415,757.0
1662032817.1561682,758.0
1662032817.1661594,763.0
1662032817.1752656,757.0
1662032817.184051,759.0
1662032817.1938088,752.0
1662032817.2035182,765.0
1662032817.2132802,751.0
1662032817.22168,766.0
1662032817.2313569,763.0
1662032817.2410514,774.0
1662032817.2507474,750.0
1662032817.2604427,754.0
1662032817.2687478,759.0
1662032817.278414,772.0
1662032817.2880516,771.0
1662032817.2977555,771.0
1662032817.3074691,765.0
1662032817.3161051,756.0
1662032817.3257778,750.0
1662032817.3353877,764.0
1662032817.3450532,757.0
1662032817.3534155,767.0
1662032817.3630822,754.0
1662032817.3727553,759.0
1662032817.382412,761.0
1662032817.3920715,756.0
1662032817.4004867,767.0
1662032817.4101026,761.0
1662032817.4197593,752.0
1662032817.4294777,762.0
1662032817.4392219,754.0
1662032817.4479127,753.0
1662032817.4576197,758.0
1662032817.4673233,756.0
1662032817.4756756,752.0
1662032817.4852796,761.0
1662032817.4949374,738.0
1662032817.5048451,760.0
1662032817.5145247,760.0
1662032817.5228536,749.0
1662032817.5325205,761.0
1662032817.5422382,766.0
1662032817.5519204,746.0
1662032817.560328,762.0
1662032817.5699828,759.0
1662032817.579652,758.0
1662032817.5892718,746.0
1662032817.5989344,772.0
1662032817.608633,753.0
1662032817.616987,758.0
1662032817.6265626,768.0
1662032817.636263,755.0
1662032817.6461189,774.0
1662032817.6545413,768.0
1662032817.664416,751.0
1662032817.6741257,766.0
1662032817.6838374,757.0
1662032817.6922276,760.0
1662032817.7018998,767.0
1662032817.7115762,756.0
1662032817.7213428,767.0
1662032817.729708,761.0
1662032817.7393975,765.0
1662032817.7491412,766.0
1662032817.7588995,762.0
1662032817.7685595,765.0
1662032817.7768779,752.0
1662032817.786612,758.0
1662032817.7963562,765.0
1662032817.8061223,753.0
1662032817.8145766,755.0
1662032817.824266,760.0
1662032817.8339477,772.0
1662032817.8437402,758.0
1662032817.8521388,774.0
1662032817.8618221,769.0
1662032817.8715434,754.0
1662032817.8812318,762.0
1662032817.8909152,761.0
1662032817.8992507,758.0
1662032817.9090092,763.0
1662032817.9186735,763.0
1662032817.9283764,765.0
1662032817.9367886,766.0
1662032817.9466097,742.0
1662032817.956369,770.0
1662032817.966199,761.0
1662032817.9746351,767.0
1662032817.984315,764.0
1662032817.9940255,766.0
1662032818.0037525,761.0
1662032818.012119,761.0
1662032818.0218382,769.0
1662032818.0316224,767.0
1662032818.04137,750.0
1662032818.049728,757.0
1662032818.0594428,756.0
1662032818.06909,758.0
1662032818.0787306,765.0
1662032818.0884166,762.0
1662032818.0967596,757.0
1662032818.10649,771.0
1662032818.116206,756.0
1662032818.1258683,767.0
1662032818.1342547,764.0
1662032818.144025,754.0
1662032818.1539593,765.0
1662032818.163628,760.0
1662032818.171933,760.0
1662032818.181542,765.0
1662032818.1911294,749.0
1662032818.2007005,758.0
1662032818.2102823,754.0
1662032818.219843,757.0
1662032818.2293952,773.0
1662032818.2390668,758.0
1662032818.2474287,774.0
1662032818.2570412,746.0
1662032818.2666743,750.0
1662032818.2762587,766.0
1662032818.2858374,763.0
1662032818.2954798,766.0
1662032818.3037014,756.0
1662032818.3134873,756.0
1662032818.323054,758.0
1662032818.3326836,764.0
1662032818.342276,762.0
1662032818.3518648,766.0
1662032818.3601418,761.0
1662032818.3697262,751.0
1662032818.3792827,756.0
1662032818.388875,767.0
1662032818.3985171,766.0
1662032818.408161,760.0
1662032818.4164934,753.0
1662032818.4264088,765.0
1662032818.436269,755.0
1662032818.4448192,767.0
1662032818.4547057,757.0
1662032818.464563,753.0
1662032818.4730268,757.0
1662032818.4828708,766.0
1662032818.492736,766.0
1662032818.501273,759.0
1662032818.511155,770.0
1662032818.521003,766.0
1662032818.5305574,774.0
1662032818.538869,767.0
1662032818.5484936,757.0
1662032818.5580285,751.0
1662032818.567633,767.0
1662032818.5772297,764.0
1662032818.5868058,776.0
1662032818.5965319,758.0
1662032818.6047869,764.0
1662032818.614384,751.0
1662032818.6239235,756.0
1662032818.6335206,763.0
1662032818.6430635,742.0
1662032818.652909,760.0
1662032818.6613202,760.0
1662032818.6708868,768.0
1662032818.6804874,754.0
1662032818.6900582,765.0
1662032818.699637,765.0
1662032818.7092385,771.0
1662032818.7188082,773.0
1662032818.7270453,756.0
1662032818.736642,763.0
1662032818.7461822,755.0
1662032818.7557511,757.0
1662032818.7653627,759.0
1662032818.774963,762.0
1662032818.7845016,764.0
1662032818.7940695,773.0
1662032818.802336,759.0
1662032818.812055,762.0
1662032818.821619,765.0
1662032818.8312268,758.0
1662032818.8408592,764.0
1662032818.8504279,757.0
1662032818.8599894,764.0
1662032818.8682456,764.0
1662032818.8778675,751.0
1662032818.8874483,768.0
1662032818.897068,758.0
1662032818.906705,763.0
1662032818.9163184,769.0
1662032818.9259534,746.0
1662032818.9342394,766.0
1662032818.9438546,758.0
1662032818.9534142,757.0
1662032818.9630015,766.0
1662032818.9725564,754.0
1662032818.982118,748.0
1662032818.991654,769.0
1662032819.0012145,756.0
1662032819.0095525,768.0
1662032819.0191581,764.0
1662032819.0287087,765.0
1662032819.0382617,750.0
1662032819.0478659,759.0
1662032819.0574245,764.0
1662032819.0669103,766.0
1662032819.0752537,757.0
1662032819.0847874,772.0
1662032819.0943027,759.0
1662032819.1039126,765.0
1662032819.1135392,765.0
1662032819.123186,767.0
1662032819.1327455,768.0
1662032819.1422923,759.0
1662032819.150599,769.0
1662032819.160211,756.0
1662032819.169845,759.0
1662032819.1793833,763.0
1662032819.188923,758.0
1662032819.1985192,763.0
1662032819.2080762,755.0
1662032819.2176244,759.0
1662032819.2261026,756.0
1662032819.2359111,763.0
1662032819.2457805,745.0
1662032819.2543094,761.0
1662032819.2642033,763.0
1662032819.274037,763.0
1662032819.2825177,765.0
1662032819.2923832,768.0
1662032819.3022573,760.0
1662032819.3110101,757.0
1662032819.3208292,753.0
1662032819.3303928,766.0
1662032819.338663,753.0
1662032819.348298,778.0
1662032819.3578663,757.0
1662032819.367422,750.0
1662032819.377033,766.0
1662032819.3866448,762.0
1662032819.3962371,758.0
1662032819.4045625,758.0
1662032819.4141662,755.0
1662032819.4237156,770.0
1662032819.433294,747.0
1662032819.4428778,754.0
1662032819.4524832,773.0
1662032819.4620907,756.0
1662032819.4716747,760.0
1662032819.479906,764.0
1662032819.489527,768.0
1662032819.4991763,769.0
1662032819.5087438,750.0
1662032819.5183322,767.0
1662032819.528207,758.0
1662032819.5367386,752.0
1662032819.5465598,769.0
1662032819.5551453,765.0
1662032819.565072,774.0
1662032819.5749364,757.0
1662032819.5833948,762.0
1662032819.5932522,758.0
1662032819.6031675,754.0
1662032819.6116557,757.0
1662032819.6214821,748.0
1662032819.6310236,765.0
1662032819.640612,751.0
1662032819.6502337,768.0
1662032819.6598153,779.0
1662032819.6680706,760.0
1662032819.677631,757.0
1662032819.6871998,757.0
1662032819.6967223,771.0
1662032819.70639,759.0
1662032819.7159274,752.0
1662032819.7255013,763.0
1662032819.7350657,757.0
1662032819.743252,762.0
1662032819.752874,764.0
1662032819.7624714,751.0
1662032819.7720373,763.0
1662032819.7815747,755.0
1662032819.791143,758.0
1662032819.8007286,760.0
1662032819.8102999,767.0
1662032819.8198638,775.0
1662032819.8283384,745.0
1662032819.8382275,762.0
1662032819.8480916,752.0
1662032819.8566194,759.0
1662032819.8665574,766.0
1662032819.8750923,768.0
1662032819.884945,762.0
1662032819.8947732,769.0
1662032819.9032555,753.0
1662032819.9131267,766.0
1662032819.922941,763.0
1662032819.9324946,766.0
1662032819.9420688,754.0
1662032819.9503129,760.0
1662032819.9598687,754.0
1662032819.9694467,761.0
1662032819.9790218,762.0
1662032819.9886518,763.0
1662032819.9982524,747.0
1662032820.0078626,761.0
1662032820.0161567,753.0
1662032820.0257223,763.0
1662032820.0353003,757.0
1662032820.0448885,753.0
1662032820.0545213,770.0
1662032820.0641627,776.0
1662032820.073811,752.0
1662032820.0820467,764.0
1662032820.0915937,768.0
1662032820.1011925,765.0
1662032820.1107295,763.0
1662032820.1202774,755.0
1662032820.1298654,755.0
1662032820.1394455,768.0
1662032820.1490035,750.0
1662032820.1585798,765.0
1662032820.1668267,754.0
1662032820.1763978,767.0
1662032820.1859665,768.0
1662032820.1955335,753.0
1662032820.2050912,762.0
1662032820.2146668,754.0
1662032820.224472,760.0
1662032820.2330348,752.0
1662032820.2428997,752.0
1662032820.2514184,754.0
1662032820.2613065,762.0
1662032820.27029,770.0
1662032820.2806633,747.0
1662032820.2896788,763.0
1662032820.2987556,752.0
1662032820.3086646,760.0
1662032820.3173382,765.0
1662032820.3270226,753.0
1662032820.3365943,758.0
1662032820.3461564,763.0
1662032820.3557253,761.0
1662032820.3653579,760.0
1662032820.374953,756.0
1662032820.3831818,754.0
1662032820.392731,748.0
1662032820.4022832,771.0
1662032820.4118626,756.0
1662032820.4215503,762.0
1662032820.4314919,762.0
1662032820.4399705,772.0
1662032820.4498155,755.0
1662032820.4596832,753.0
1662032820.4681308,755.0
1662032820.4780393,754.0
1662032820.4866302,749.0
1662032820.496491,757.0
1662032820.506373,762.0
1662032820.516231,776.0
1662032820.5246508,753.0
1662032820.5342395,764.0
1662032820.543853,758.0
1662032820.5534132,758.0
1662032820.5629737,758.0
1662032820.572582,779.0
1662032820.580885,753.0
1662032820.590498,761.0
1662032820.6001139,754.0
1662032820.609718,744.0
1662032820.6193213,769.0
1662032820.6278872,760.0
1662032820.6377704,747.0
1662032820.6475916,770.0
1662032820.6561341,767.0
1662032820.666024,764.0
1662032820.6758766,754.0
1662032820.6843402,748.0
1662032820.6942003,771.0
1662032820.7040546,768.0
1662032820.712627,754.0
1662032820.722459,763.0
1662032820.7320135,750.0
1662032820.741597,764.0
1662032820.7511854,779.0
1662032820.7607841,768.0
1662032820.7690468,764.0
1662032820.7785878,762.0
1662032820.7881217,770.0
1662032820.7976668,758.0
1662032820.8072646,768.0
1662032820.816992,764.0
1662032820.8265853,770.0
1662032820.8348262,762.0
1662032820.8444674,751.0
1662032820.854074,764.0
1662032820.863673,767.0
1662032820.8732738,770.0
1662032820.8828547,766.0
1662032820.8923862,757.0
1662032820.9019601,756.0
1662032820.9102972,756.0
1662032820.919854,757.0
1662032820.9296594,768.0
1662032820.9395378,742.0
1662032820.9480023,758.0
1662032820.9578755,763.0
1662032820.967757,764.0
1662032820.9762063,750.0
1662032820.986045,769.0
1662032820.995876,755.0
1662032821.0046322,758.0
1662032821.0136893,748.0
1662032821.023793,764.0
1662032821.0333512,768.0
1662032821.0428977,764.0
1662032821.0511897,764.0
1662032821.0607526,752.0
1662032821.0703075,757.0
1662032821.0799162,761.0
1662032821.0895882,738.0
1662032821.0991552,763.0
1662032821.1087427,767.0
1662032821.118348,756.0
1662032821.1266363,769.0
1662032821.136244,762.0
1662032821.1457815,765.0
1662032821.155361,750.0
1662032821.1649518,757.0
1662032821.1745713,767.0
1662032821.1841419,759.0
1662032821.192383,756.0
1662032821.2019372,758.0
1662032821.211583,756.0
1662032821.2211938,758.0
1662032821.2311432,755.0
1662032821.2396975,756.0
1662032821.249592,756.0
1662032821.2594926,758.0
1662032821.268035,755.0
1662032821.277885,765.0
1662032821.2877393,763.0
1662032821.296268,757.0
1662032821.306074,754.0
1662032821.3146918,768.0
1662032821.3247726,762.0
1662032821.3343856,765.0
1662032821.3440158,772.0
1662032821.3523357,744.0
1662032821.3619173,766.0
1662032821.3715246,755.0
1662032821.381094,761.0
1662032821.3906922,766.0
1662032821.4002602,761.0
1662032821.4098492,763.0
1662032821.41942,756.0
1662032821.4276316,761.0
1662032821.437227,757.0
1662032821.4468825,749.0
1662032821.456668,764.0
1662032821.4663026,763.0
1662032821.4746513,752.0
1662032821.4842656,756.0
1662032821.4938238,763.0
1662032821.5033948,762.0
1662032821.513012,770.0
1662032821.5225716,765.0
1662032821.5321646,758.0
1662032821.5416946,746.0
1662032821.5498903,762.0
1662032821.559534,759.0
1662032821.5691652,776.0
1662032821.5787263,752.0
1662032821.588265,758.0
1662032821.597842,748.0
1662032821.6073964,752.0
1662032821.6169944,763.0
1662032821.6252046,760.0
1662032821.6347601,762.0
1662032821.6442995,770.0
1662032821.6539295,776.0
1662032821.6635392,764.0
1662032821.673147,744.0
1662032821.682732,761.0
1662032821.6909864,755.0
1662032821.7005036,763.0
1662032821.7100737,760.0
1662032821.7196581,759.0
1662032821.7291877,754.0
1662032821.7387185,765.0
1662032821.7483,767.0
1662032821.7578716,770.0
1662032821.767494,760.0
1662032821.7758532,764.0
1662032821.7853765,767.0
1662032821.7949495,762.0
1662032821.8045013,762.0
1662032821.814171,763.0
1662032821.8237333,765.0
1662032821.833377,757.0
1662032821.841655,772.0
1662032821.8511932,762.0
1662032821.8608382,758.0
1662032821.8704162,763.0
1662032821.8799706,758.0
1662032821.8895688,760.0
1662032821.8991485,756.0
1662032821.9073694,774.0
1662032821.9169486,757.0
1662032821.9265158,767.0
1662032821.936102,759.0
1662032821.945651,767.0
1662032821.9552438,751.0
1662032821.9648135,755.0
1662032821.9743876,770.0
1662032821.9826481,772.0
1662032821.9922488,756.0
1662032822.0018158,761.0
1662032822.0114086,750.0
1662032822.0209935,764.0
1662032822.0306704,761.0
1662032822.0392034,770.0
1662032822.0490942,752.0
1662032822.0589821,759.0
1662032822.0674427,770.0
1662032822.0774083,769.0
1662032822.0872817,748.0
1662032822.0957816,760.0
1662032822.1056511,756.0
1662032822.1155026,762.0
1662032822.1240032,755.0
1662032822.1337056,757.0
1662032822.1432855,753.0
1662032822.152877,760.0
1662032822.1625085,768.0
1662032822.1721718,774.0
1662032822.180364,748.0
1662032822.1899395,759.0
1662032822.1995032,779.0
1662032822.2090347,757.0
1662032822.2185783,769.0
1662032822.2280934,764.0
1662032822.2376337,753.0
1662032822.2472289,763.0
1662032822.2555008,756.0
1662032822.2650182,767.0
1662032822.2746165,756.0
1662032822.2841725,765.0
1662032822.2937741,749.0
1662032822.30329,769.0
1662032822.3129992,755.0
1662032822.3226154,763.0
1662032822.3308928,758.0
1662032822.3404963,757.0
1662032822.3500946,760.0
1662032822.3596876,760.0
1662032822.36924,759.0
1662032822.3788857,757.0
1662032822.3884344,762.0
1662032822.3979926,762.0
1662032822.4062212,760.0
1662032822.415784,760.0
1662032822.4254098,755.0
1662032822.4352403,766.0
1662032822.4437408,754.0
1662032822.453589,753.0
1662032822.4634712,762.0
1662032822.4720075,745.0
1662032822.4818745,758.0
1662032822.4917128,757.0
1662032822.501539,748.0
1662032822.5100114,752.0
1662032822.5199149,752.0
1662032822.5297122,764.0
1662032822.5379403,752.0
1662032822.5474987,764.0
1662032822.557112,770.0
1662032822.5666668,762.0
1662032822.5763335,770.0
1662032822.5858095,762.0
1662032822.595449,756.0
1662032822.6036868,756.0
1662032822.613287,764.0
1662032822.6228824,761.0
1662032822.632454,774.0
1662032822.6420188,758.0
1662032822.6515782,773.0
1662032822.6612403,761.0
1662032822.6695774,763.0
1662032822.679176,761.0
1662032822.6887188,758.0
1662032822.698307,767.0
1662032822.7078547,754.0
1662032822.71748,768.0
1662032822.7270625,754.0
1662032822.735568,756.0
1662032822.7453752,767.0
1662032822.7552443,762.0
1662032822.7637403,763.0
1662032822.7736115,762.0
1662032822.783447,762.0
1662032822.791983,752.0
1662032822.8018153,745.0
1662032822.8116946,760.0
1662032822.8202727,767.0
1662032822.8301728,753.0
1662032822.8397453,765.0
1662032822.8493567,766.0
1662032822.8589303,755.0
1662032822.8671596,765.0
1662032822.876785,759.0
1662032822.8864117,763.0
1662032822.895968,761.0
1662032822.9055574,747.0
1662032822.9152148,768.0
1662032822.9247737,761.0
1662032822.9330077,757.0
1662032822.942613,770.0
1662032822.9521923,762.0
1662032822.9618,766.0
1662032822.9713824,745.0
1662032822.9809396,770.0
1662032822.990531,764.0
1662032823.000108,757.0
1662032823.0083246,774.0
1662032823.0179167,759.0
1662032823.0276165,769.0
1662032823.0375268,772.0
1662032823.0460098,768.0
1662032823.0558589,767.0
1662032823.0657616,765.0
1662032823.074272,749.0
1662032823.0841444,749.0
1662032823.0940225,763.0
1662032823.1025045,764.0
1662032823.1123466,765.0
1662032823.1222749,758.0
1662032823.130681,773.0
1662032823.1402204,772.0
1662032823.1498427,769.0
1662032823.1595573,757.0
1662032823.169178,758.0
1662032823.1787734,750.0
1662032823.1883538,751.0
1662032823.1965744,770.0
1662032823.206132,761.0
1662032823.2157266,758.0
1662032823.2252038,760.0
1662032823.2349117,754.0
1662032823.2447498,763.0
1662032823.2531857,767.0
1662032823.2630646,752.0
1662032823.2729652,760.0
1662032823.2814622,761.0
1662032823.2913094,757.0
1662032823.3011472,768.0
1662032823.3096063,770.0
1662032823.319627,777.0
1662032823.3295836,769.0
1662032823.337823,755.0
1662032823.347365,772.0
1662032823.3569634,767.0
1662032823.3665514,759.0
1662032823.3761418,766.0
1662032823.385722,752.0
1662032823.3944669,760.0
1662032823.4034636,764.0
1662032823.413146,764.0
1662032823.4228628,764.0
1662032823.432418,771.0
1662032823.441961,749.0
1662032823.4516172,760.0
1662032823.461196,758.0
1662032823.4694564,755.0
1662032823.4790316,770.0
1662032823.4885767,760.0
1662032823.498128,759.0
1662032823.5077422,762.0
1662032823.5173316,765.0
1662032823.5269186,766.0
1662032823.5354624,756.0
1662032823.5452728,764.0
1662032823.5552132,762.0
1662032823.5637474,766.0
1662032823.5736914,748.0
1662032823.583593,758.0
1662032823.5920732,751.0
1662032823.6019506,753.0
1662032823.6117792,781.0
1662032823.6203198,757.0
1662032823.6301527,757.0
1662032823.6397033,755.0
1662032823.6492789,761.0
1662032823.6589162,756.0
1662032823.6671205,751.0
1662032823.6766682,761.0
1662032823.6862895,762.0
1662032823.695884,757.0
1662032823.7054179,772.0
1662032823.714974,762.0
1662032823.7245512,769.0
1662032823.7340934,755.0
1662032823.7423272,769.0
1662032823.7519875,761.0
1662032823.761585,758.0
1662032823.7711713,756.0
1662032823.7807772,742.0
1662032823.790328,766.0
1662032823.7998672,765.0
1662032823.8081226,759.0
1662032823.8179572,747.0
1662032823.8275049,756.0
1662032823.8370903,758.0
1662032823.846636,766.0
1662032823.8562312,745.0
1662032823.8658633,759.0
1662032823.8740757,766.0
1662032823.8837535,761.0
1662032823.893343,761.0
1662032823.9029605,753.0
1662032823.9125504,766.0
1662032823.9221742,766.0
1662032823.930497,752.0
1662032823.940054,764.0
1662032823.949682,747.0
1662032823.9592822,772.0
1662032823.9688609,764.0
1662032823.978434,761.0
1662032823.9880023,761.0
1662032823.9975317,768.0
1662032824.0057619,775.0
1662032824.0153203,760.0
1662032824.0249279,766.0
1662032824.0345037,763.0
1662032824.0440357,755.0
1662032824.0535848,763.0
1662032824.063178,765.0
1662032824.0727363,762.0
1662032824.0810332,771.0
1662032824.0905678,770.0
1662032824.100147,769.0
1662032824.1096947,767.0
1662032824.1192808,760.0
1662032824.1290045,764.0
1662032824.1376088,761.0
1662032824.1475,760.0
1662032824.157415,757.0
1662032824.1659625,773.0
1662032824.175841,773.0
1662032824.1856692,767.0
1662032824.1941855,758.0
1662032824.2040324,762.0
1662032824.2138646,764.0
1662032824.2223673,771.0
1662032824.2322755,757.0
1662032824.2418287,763.0
1662032824.2515144,763.0
1662032824.2597885,769.0
1662032824.2693212,764.0
1662032824.2788856,758.0
1662032824.2884786,766.0
1662032824.2980042,758.0
1662032824.3075237,757.0
1662032824.3171656,754.0
1662032824.3256156,755.0
1662032824.3353155,766.0
1662032824.3449676,765.0
1662032824.3547869,759.0
1662032824.3632011,761.0
1662032824.3730676,767.0
1662032824.3828075,763.0
1662032824.392647,772.0
1662032824.4010947,768.0
1662032824.4108398,758.0
1662032824.4205408,770.0
1662032824.4303825,770.0
1662032824.4387507,746.0
1662032824.4484694,767.0
1662032824.4582124,751.0
1662032824.4679656,755.0
1662032824.4763446,757.0
1662032824.4860964,764.0
1662032824.4958751,773.0
1662032824.5055966,752.0
1662032824.5139325,764.0
1662032824.523624,768.0
1662032824.5333397,759.0
1662032824.5430484,768.0
1662032824.5527673,771.0
1662032824.561314,760.0
1662032824.5710719,753.0
1662032824.580837,769.0
1662032824.5891807,766.0
1662032824.5989141,772.0
1662032824.6086857,752.0
1662032824.6184847,754.0
1662032824.6268315,764.0
1662032824.6365652,757.0
1662032824.6462996,754.0
1662032824.6560268,757.0
1662032824.6644247,772.0
1662032824.674152,760.0
1662032824.6839042,766.0
1662032824.693609,757.0
1662032824.7033079,759.0
1662032824.7115917,763.0
1662032824.7213364,764.0
1662032824.7310464,769.0
1662032824.7407606,768.0
1662032824.7503316,762.0
1662032824.758726,761.0
1662032824.7685115,768.0
1662032824.778237,757.0
1662032824.7867036,756.0
1662032824.7964764,774.0
1662032824.80619,757.0
1662032824.8161583,742.0
1662032824.824682,748.0
1662032824.834403,775.0
1662032824.8441148,757.0
1662032824.8526483,759.0
1662032824.8624089,762.0
1662032824.8722906,753.0
1662032824.8807518,761.0
1662032824.8905911,756.0
1662032824.9003115,768.0
1662032824.910086,766.0
1662032824.918631,757.0
1662032824.928379,771.0
1662032824.9381316,769.0
1662032824.9478927,763.0
1662032824.9564817,760.0
1662032824.9661953,745.0
1662032824.9760773,754.0
1662032824.9844663,759.0
1662032824.994184,770.0
1662032825.0039272,767.0
1662032825.0136359,770.0
1662032825.0220227,761.0
1662032825.0316865,754.0
1662032825.0414689,769.0
1662032825.051276,761.0
1662032825.059704,768.0
1662032825.0695298,758.0
1662032825.0793142,767.0
1662032825.089007,759.0
1662032825.097389,752.0
1662032825.107214,751.0
1662032825.1169565,766.0
1662032825.1267056,766.0
1662032825.1352627,774.0
1662032825.145022,762.0
1662032825.154811,761.0
1662032825.1631696,764.0
1662032825.1729681,758.0
1662032825.1826322,761.0
1662032825.1923575,752.0
1662032825.2007368,753.0
1662032825.210457,765.0
1662032825.2201955,758.0
1662032825.229931,757.0
1662032825.2396944,749.0
1662032825.2480712,763.0
1662032825.2578204,757.0
1662032825.2677376,761.0
1662032825.2761116,767.0
1662032825.285846,766.0
1662032825.2955751,761.0
1662032825.305246,765.0
1662032825.3140273,760.0
1662032825.3237877,761.0
1662032825.3335426,771.0
1662032825.3420026,763.0
1662032825.3518236,764.0
1662032825.3617103,770.0
1662032825.3701031,762.0
1662032825.3799195,767.0
1662032825.3896532,772.0
1662032825.3994274,768.0
1662032825.4078388,763.0
1662032825.4175575,747.0
1662032825.4272892,752.0
1662032825.4370039,757.0
1662032825.4455018,766.0
1662032825.4553,747.0
1662032825.4650085,758.0
1662032825.4748044,768.0
1662032825.4832454,752.0
1662032825.4930508,766.0
1662032825.5027807,762.0
1662032825.5112004,757.0
1662032825.5208926,758.0
1662032825.530637,775.0
1662032825.5403576,766.0
1662032825.5500789,751.0
1662032825.5584998,754.0
1662032825.5682385,762.0
1662032825.5779877,745.0
1662032825.5877662,755.0
1662032825.5962257,763.0
1662032825.6060958,762.0
1662032825.615861,766.0
1662032825.624248,754.0
1662032825.6340244,765.0
1662032825.6436336,770.0
1662032825.6533682,770.0
1662032825.6630607,756.0
1662032825.671388,753.0
1662032825.6809592,756.0
1662032825.6905231,756.0
1662032825.7000694,758.0
1662032825.709601,766.0
1662032825.7191575,753.0
1662032825.7287252,766.0
1662032825.7383177,754.0
1662032825.7465808,773.0
1662032825.7561958,760.0
1662032825.7657757,760.0
1662032825.7753367,755.0
1662032825.7849543,754.0
1662032825.7944844,760.0
1662032825.8040342,762.0
1662032825.8136208,752.0
1662032825.8218608,757.0
1662032825.831456,762.0
1662032825.8410923,766.0
1662032825.850694,759.0
1662032825.8602648,753.0
1662032825.8698971,762.0
1662032825.8794599,764.0
1662032825.8877273,752.0
1662032825.897258,767.0
1662032825.906817,746.0
1662032825.9164104,776.0
1662032825.9259953,756.0
1662032825.9355989,761.0
1662032825.9451723,764.0
1662032825.9547653,765.0
1662032825.9630346,763.0
1662032825.9726515,766.0
1662032825.982227,770.0
1662032825.9918306,774.0
1662032826.0013635,770.0
1662032826.0108907,762.0
1662032826.0204713,762.0
1662032826.0300593,761.0
1662032826.038304,757.0
1662032826.0478652,768.0
1662032826.057486,761.0
1662032826.0670538,764.0
1662032826.0766213,761.0
1662032826.086207,754.0
1662032826.095727,766.0
1662032826.1053007,773.0
1662032826.1135573,759.0
1662032826.1231585,762.0
1662032826.1327374,759.0
1662032826.1426044,760.0
1662032826.1510975,755.0
1662032826.1610005,765.0
1662032826.1708744,754.0
1662032826.1806915,758.0
1662032826.1892042,764.0
1662032826.1990316,766.0
1662032826.208928,756.0
1662032826.2173686,757.0
1662032826.227257,766.0
1662032826.2358031,758.0
1662032826.2453513,754.0
1662032826.2548966,760.0
1662032826.2645037,763.0
1662032826.2740653,746.0
1662032826.2836018,773.0
1662032826.2931757,761.0
1662032826.3027165,766.0
1662032826.3122387,760.0
1662032826.3205292,753.0
1662032826.3301313,762.0
1662032826.3397005,761.0
1662032826.3492749,758.0
1662032826.3588977,755.0
1662032826.3684788,757.0
1662032826.3780677,754.0
1662032826.3876421,767.0
1662032826.395891,777.0
1662032826.4054577,741.0
1662032826.4150405,758.0
1662032826.4245634,759.0
1662032826.4343152,766.0
1662032826.444161,751.0
1662032826.4526222,767.0
1662032826.4626117,761.0
1662032826.4711673,765.0
1662032826.4810228,754.0
1662032826.4909363,766.0
1662032826.4994023,761.0
1662032826.5100899,760.0
1662032826.5187478,760.0
1662032826.5277984,753.0
1662032826.5371835,767.0
1662032826.5468273,772.0
1662032826.5564666,763.0
1662032826.5660777,767.0
1662032826.5756254,771.0
1662032826.5851996,762.0
1662032826.5934224,762.0
1662032826.6029515,769.0
1662032826.6124847,771.0
1662032826.6220639,749.0
1662032826.6318293,761.0
1662032826.6415896,754.0
1662032826.6500206,756.0
1662032826.65975,761.0
1662032826.6695871,761.0
1662032826.678072,749.0
1662032826.6878722,765.0
1662032826.697597,759.0
1662032826.7075202,773.0
1662032826.7159173,762.0
1662032826.7256436,766.0
1662032826.7354255,764.0
1662032826.7451253,760.0
1662032826.7534268,753.0
1662032826.7632377,767.0
1662032826.7729683,750.0
1662032826.7825873,764.0
1662032826.791185,760.0
1662032826.800929,764.0
1662032826.8106718,767.0
1662032826.8192213,761.0
1662032826.8292148,769.0
1662032826.8390303,760.0
1662032826.8474438,764.0
1662032826.8573534,767.0
1662032826.8670847,770.0
1662032826.8768203,747.0
1662032826.8852148,749.0
1662032826.8949273,772.0
1662032826.9046519,765.0
1662032826.9144375,762.0
1662032826.9227242,764.0
1662032826.9325094,768.0
1662032826.942258,764.0
1662032826.9519932,753.0
1662032826.960358,751.0
1662032826.9700787,766.0
1662032826.9798586,759.0
1662032826.9897776,756.0
1662032826.998178,775.0
1662032827.0080044,755.0
1662032827.017831,767.0
1662032827.026191,768.0
1662032827.035947,774.0
1662032827.0456748,769.0
1662032827.0553854,771.0
1662032827.063818,765.0
1662032827.0735848,752.0
1662032827.0833545,754.0
1662032827.0932374,757.0
1662032827.101593,758.0
1662032827.1112804,770.0
1662032827.1210396,770.0
1662032827.130813,768.0
1662032827.139208,762.0
1662032827.1489325,766.0
1662032827.1588478,767.0
1662032827.1685822,752.0
1662032827.176941,761.0
1662032827.1866815,754.0
1662032827.1964126,760.0
1662032827.2061186,768.0
1662032827.2144444,758.0
1662032827.224206,775.0
1662032827.2339628,754.0
1662032827.2436712,749.0
1662032827.253294,756.0
1662032827.2616754,754.0
1662032827.271398,757.0
1662032827.2811902,772.0
1662032827.2895982,755.0
1662032827.2993326,747.0
1662032827.3092756,764.0
1662032827.3190265,765.0
1662032827.3273537,754.0
1662032827.3371027,768.0
1662032827.346833,765.0
1662032827.3565803,764.0
1662032827.3649268,767.0
1662032827.374661,756.0
1662032827.3843904,761.0
1662032827.3941472,771.0
1662032827.4037948,777.0
1662032827.4121647,768.0
1662032827.4218366,769.0
1662032827.43158,754.0
1662032827.4413023,753.0
1662032827.449795,764.0
1662032827.4595456,764.0
1662032827.4694278,767.0
1662032827.4778452,761.0
1662032827.4875221,763.0
1662032827.497216,765.0
1662032827.506961,768.0
1662032827.5166867,768.0
1662032827.5250127,771.0
1662032827.5347574,762.0
1662032827.5444715,750.0
1662032827.5541646,763.0
1662032827.5625274,754.0
1662032827.5721078,760.0
1662032827.5816722,751.0
1662032827.5912385,760.0
1662032827.6007686,763.0
1662032827.6103237,766.0
1662032827.619842,770.0
1662032827.6293967,760.0
1662032827.6389956,768.0
1662032827.6472034,772.0
1662032827.6567612,762.0
1662032827.6663764,754.0
1662032827.6761162,764.0
1662032827.6856842,759.0
1662032827.6952612,748.0
1662032827.7048879,762.0
1662032827.7130916,749.0
1662032827.722665,757.0
1662032827.732254,746.0
1662032827.7419105,760.0
1662032827.7515042,746.0
1662032827.7611663,756.0
1662032827.7707121,765.0
1662032827.7802575,751.0
1662032827.7885156,760.0
1662032827.7980762,764.0
1662032827.8076441,754.0
1662032827.8172648,776.0
1662032827.8268445,765.0
1662032827.8364336,774.0
1662032827.8460424,768.0
1662032827.8542707,758.0
1662032827.863831,761.0
1662032827.8734014,763.0
1662032827.8829806,751.0
1662032827.892525,756.0
1662032827.902044,751.0
1662032827.9116023,756.0
1662032827.9211812,755.0
1662032827.9307206,758.0
1662032827.9389935,757.0
1662032827.9488862,773.0
1662032827.9587088,753.0
1662032827.9672043,768.0
1662032827.9770908,755.0
1662032827.986923,755.0
1662032827.9954062,757.0
1662032828.0052164,766.0
1662032828.0150502,759.0
1662032828.0248716,755.0
1662032828.0333428,763.0
1662032828.04314,754.0
1662032828.0527167,758.0
1662032828.0623045,771.0
1662032828.071903,769.0
1662032828.080194,767.0
1662032828.0897686,748.0
1662032828.0993047,770.0
1662032828.1088996,758.0
1662032828.1184895,764.0
1662032828.128018,759.0
1662032828.1377265,754.0
1662032828.146257,748.0
1662032828.1561027,760.0
1662032828.1659348,770.0
1662032828.1744597,762.0
1662032828.184412,758.0
1662032828.1942177,767.0
1662032828.2026799,758.0
1662032828.2125237,751.0
1662032828.2223413,758.0
1662032828.2308714,769.0
1662032828.2407975,751.0
1662032828.2503502,756.0
1662032828.2600243,758.0
1662032828.2695744,763.0
1662032828.2778292,764.0
1662032828.287383,761.0
1662032828.2970028,757.0
1662032828.3065515,769.0
1662032828.3161397,746.0
1662032828.3256936,756.0
1662032828.335268,759.0
1662032828.343571,777.0
1662032828.353132,759.0
1662032828.3628085,758.0
1662032828.3723848,767.0
1662032828.3819735,761.0
1662032828.391616,754.0
1662032828.4011643,757.0
1662032828.409409,757.0
1662032828.4189978,758.0
1662032828.4285893,760.0
1662032828.4381926,764.0
1662032828.447764,743.0
1662032828.4574115,762.0
1662032828.4669576,759.0
1662032828.4753013,756.0
1662032828.4848855,759.0
1662032828.4946272,769.0
1662032828.5042255,745.0
1662032828.5138164,772.0
1662032828.523401,763.0
1662032828.532975,763.0
1662032828.5412989,757.0
1662032828.5508974,756.0
1662032828.560524,764.0
1662032828.5701027,764.0
1662032828.5796685,755.0
1662032828.58923,767.0
1662032828.598765,756.0
1662032828.6083024,764.0
1662032828.6165574,772.0
1662032828.6261368,759.0
1662032828.6356683,765.0
1662032828.6454716,768.0
1662032828.6553707,751.0
1662032828.6638658,752.0
1662032828.673758,769.0
1662032828.6836753,750.0
1662032828.6921782,754.0
1662032828.7019954,766.0
1662032828.7118378,752.0
1662032828.720321,764.0
1662032828.7301164,767.0
1662032828.7399783,766.0
1662032828.7484791,751.0
1662032828.7580273,764.0
1662032828.7676046,755.0
1662032828.7772143,768.0
1662032828.78684,757.0
1662032828.7964554,751.0
1662032828.8046548,759.0
1662032828.814364,760.0
1662032828.8239045,758.0
1662032828.833471,771.0
1662032828.8430307,770.0
1662032828.8525736,767.0
1662032828.8621655,748.0
1662032828.8717191,767.0
1662032828.8799667,767.0
1662032828.8895934,757.0
1662032828.899212,761.0
1662032828.9087164,757.0
1662032828.918256,765.0
1662032828.92784,753.0
1662032828.9373994,764.0
1662032828.9470196,775.0
1662032828.955251,737.0
1662032828.9647954,755.0
1662032828.974379,752.0
1662032828.9839578,761.0
1662032828.9940438,764.0
1662032829.0036035,755.0
1662032829.0118194,772.0
1662032829.021398,758.0
1662032829.0309846,776.0
1662032829.0405445,767.0
1662032829.0501223,756.0
1662032829.0596828,761.0
1662032829.0692225,756.0
1662032829.0787978,764.0
1662032829.0870106,753.0
1662032829.0965517,763.0
1662032829.1061227,781.0
1662032829.1156623,759.0
1662032829.1252148,766.0
1662032829.1347814,755.0
1662032829.1444085,761.0
1662032829.152883,757.0
1662032829.162729,762.0
1662032829.1726246,755.0
1662032829.181272,756.0
1662032829.1911085,748.0
1662032829.2009878,777.0
1662032829.209433,755.0
1662032829.2192526,760.0
1662032829.2291553,768.0
1662032829.2375937,764.0
1662032829.2474632,775.0
1662032829.2570841,755.0
1662032829.2666373,767.0
1662032829.2762842,767.0
1662032829.2858784,760.0
1662032829.2941005,761.0
1662032829.3036458,760.0
1662032829.3132007,759.0
1662032829.3227923,773.0
1662032829.33236,765.0
1662032829.3419268,773.0
1662032829.3515756,759.0
1662032829.3598623,772.0
1662032829.3694134,767.0
1662032829.3790238,759.0
1662032829.3886142,756.0
1662032829.3981986,766.0
1662032829.4077833,764.0
1662032829.4173143,758.0
1662032829.4268665,765.0
1662032829.4351246,754.0
1662032829.444666,750.0
1662032829.4542148,759.0
1662032829.4637764,764.0
1662032829.4733255,761.0
1662032829.4830523,766.0
1662032829.492639,764.0
1662032829.5022156,761.0
1662032829.5104833,765.0
1662032829.5200543,756.0
1662032829.529611,769.0
1662032829.539181,758.0
1662032829.548725,771.0
1662032829.558374,758.0
1662032829.5679662,757.0
1662032829.5762784,763.0
1662032829.5858905,761.0
1662032829.5954356,753.0
1662032829.6049893,768.0
1662032829.6145816,760.0
1662032829.6248257,767.0
1662032829.6332965,757.0
1662032829.6437926,751.0
1662032829.6522539,768.0
1662032829.6619527,759.0
1662032829.6715708,765.0
1662032829.6799276,764.0
1662032829.6895058,760.0
1662032829.699077,747.0
1662032829.7086244,757.0
1662032829.7182155,763.0
1662032829.7277608,750.0
1662032829.737328,758.0
1662032829.7469156,755.0
1662032829.7552297,766.0
1662032829.7648106,767.0
1662032829.7743902,753.0
1662032829.7840087,766.0
1662032829.7936082,760.0
1662032829.803272,760.0
1662032829.8115473,762.0
1662032829.8212538,762.0
1662032829.8309553,762.0
1662032829.8405495,758.0
1662032829.8502874,764.0
1662032829.8598688,761.0
1662032829.8682199,747.0
1662032829.8778203,767.0
1662032829.8876584,760.0
1662032829.897385,761.0
1662032829.9056811,755.0
1662032829.9153492,758.0
1662032829.9249175,770.0
1662032829.934782,766.0
1662032829.944663,753.0
1662032829.9530966,767.0
1662032829.962871,763.0
1662032829.9725893,772.0
1662032829.9813228,752.0
1662032829.9911623,761.0
1662032829.999725,761.0
1662032830.0096653,761.0
1662032830.019283,761.0
1662032830.0279644,759.0
1662032830.0377436,769.0
1662032830.0475445,753.0
1662032830.0574841,760.0
1662032830.0660386,753.0
1662032830.0758467,755.0
1662032830.0855603,760.0
1662032830.093996,769.0
1662032830.1037173,763.0
1662032830.113416,755.0
1662032830.1220613,752.0
1662032830.1317973,754.0
1662032830.1416788,751.0
1662032830.1515477,757.0
1662032830.160033,772.0
1662032830.170066,776.0
1662032830.1798105,774.0
1662032830.1882417,758.0
1662032830.1980155,774.0
1662032830.2079344,771.0
1662032830.216351,767.0
1662032830.2260222,760.0
1662032830.23594,749.0
1662032830.2456863,754.0
1662032830.2540796,752.0
1662032830.2637699,755.0
1662032830.2735138,763.0
1662032830.283253,755.0
1662032830.291654,748.0
1662032830.301396,763.0
1662032830.3110147,765.0
1662032830.3207355,761.0
1662032830.329266,758.0
1662032830.3391027,780.0
1662032830.3488762,765.0
1662032830.357364,769.0
1662032830.3671095,760.0
1662032830.376855,763.0
1662032830.3865888,771.0
1662032830.3963077,763.0
1662032830.4046493,767.0
1662032830.4143856,766.0
1662032830.424076,760.0
1662032830.4337873,764.0
1662032830.4425223,754.0
1662032830.451497,763.0
1662032830.4616694,771.0
1662032830.4703984,759.0
1662032830.4804752,756.0
1662032830.4894314,767.0
1662032830.4995046,760.0
1662032830.5084004,750.0
1662032830.5186236,764.0
1662032830.5267265,772.0
1662032830.53628,758.0
1662032830.5456765,761.0
1662032830.5551748,764.0
1662032830.5651097,755.0
1662032830.5737681,753.0
1662032830.5838537,767.0
1662032830.5925634,775.0
1662032830.6024818,759.0
1662032830.6112337,777.0
1662032830.6212103,760.0
1662032830.6311185,774.0
1662032830.6399708,763.0
1662032830.6499016,765.0
1662032830.6587505,758.0
1662032830.6686528,759.0
1662032830.6773765,761.0
1662032830.6873684,760.0
1662032830.6961365,767.0
1662032830.7060695,765.0
1662032830.71483,761.0
1662032830.724811,759.0
1662032830.7347834,759.0
1662032830.7435026,769.0
1662032830.753472,755.0
1662032830.7621891,757.0
1662032830.7720413,758.0
1662032830.7807791,755.0
1662032830.79066,758.0
1662032830.8005812,767.0
1662032830.8093686,771.0
1662032830.8194857,771.0
1662032830.8281522,756.0
1662032830.8381615,760.0
1662032830.8469098,761.0
1662032830.8568885,767.0
1662032830.8658216,768.0
1662032830.8757575,760.0
1662032830.8844442,749.0
1662032830.894365,741.0
1662032830.9031265,759.0
1662032830.913062,759.0
1662032830.9230328,763.0
1662032830.9317043,758.0
1662032830.9416218,765.0
1662032830.9503407,762.0
1662032830.9603107,760.0
1662032830.9690356,760.0
1662032830.978918,768.0
1662032830.987658,759.0
1662032830.9976048,756.0
1662032831.0074828,766.0
1662032831.0162213,770.0
1662032831.0260932,759.0
1662032831.034793,757.0
1662032831.04475,750.0
1662032831.0546591,770.0
1662032831.06338,761.0
1662032831.0732987,767.0
1662032831.0820723,750.0
1662032831.0917993,757.0
1662032831.1007712,762.0
1662032831.1107445,762.0
1662032831.119503,763.0
1662032831.1294684,766.0
1662032831.1394007,764.0
1662032831.1481044,763.0
1662032831.1580472,760.0
1662032831.1667542,757.0
1662032831.1767142,733.0
1662032831.1854455,760.0
1662032831.1954083,764.0
1662032831.2042613,764.0
1662032831.2141752,775.0
1662032831.222952,766.0
1662032831.2329159,750.0
1662032831.2428179,766.0
1662032831.2517383,766.0
1662032831.2617192,761.0
1662032831.2703898,768.0
1662032831.2803426,762.0
1662032831.2891815,763.0
1662032831.2992883,766.0
1662032831.3079555,777.0
1662032831.3179588,758.0
1662032831.326606,747.0
1662032831.3367724,759.0
1662032831.3456159,765.0
1662032831.3558388,767.0
1662032831.3642218,757.0
1662032831.3739517,751.0
1662032831.38366,765.0
1662032831.393377,762.0
1662032831.4030957,760.0
1662032831.4114404,775.0
1662032831.4211695,757.0
1662032831.4308915,766.0
1662032831.4406457,755.0
1662032831.4489915,766.0
1662032831.4587486,773.0
1662032831.468637,748.0
1662032831.4783678,755.0
1662032831.4867322,770.0
1662032831.4964683,763.0
1662032831.5061648,749.0
1662032831.5159125,771.0
1662032831.5242708,766.0
1662032831.5339236,759.0
1662032831.5436273,749.0
1662032831.5535128,764.0
1662032831.5619817,760.0
1662032831.571756,762.0
1662032831.5815444,756.0
1662032831.5912373,760.0
1662032831.599625,769.0
1662032831.6093693,760.0
1662032831.6190786,758.0
1662032831.628793,758.0
1662032831.6371639,763.0
1662032831.6469057,778.0
1662032831.656649,759.0
1662032831.6663737,764.0
1662032831.6761098,772.0
1662032831.684523,766.0
1662032831.6942298,760.0
1662032831.7039194,767.0
1662032831.7136474,758.0
1662032831.7219992,744.0
1662032831.731687,759.0
1662032831.7415473,757.0
1662032831.7512572,764.0
1662032831.759607,763.0
1662032831.7692208,760.0
1662032831.7787821,761.0
1662032831.7883723,762.0
1662032831.7979178,762.0
1662032831.807481,763.0
1662032831.817039,760.0
1662032831.8266256,755.0
1662032831.834898,774.0
1662032831.844473,743.0
1662032831.8540988,757.0
1662032831.8636494,758.0
1662032831.873197,761.0
1662032831.882876,758.0
1662032831.892472,765.0
1662032831.900693,759.0
1662032831.9102328,771.0
1662032831.9198277,756.0
1662032831.9293702,756.0
1662032831.9389644,761.0
1662032831.9485128,736.0
1662032831.9581218,763.0
1662032831.9676826,762.0
1662032831.9760344,756.0
1662032831.9855974,768.0
1662032831.9951696,766.0
1662032832.0047586,752.0
1662032832.014318,760.0
1662032832.0238466,761.0
1662032832.0334961,769.0
1662032832.0417135,767.0
1662032832.051233,754.0
1662032832.0608473,765.0
1662032832.0704627,770.0
1662032832.080075,761.0
1662032832.0896988,760.0
1662032832.0992577,749.0
1662032832.1088758,762.0
1662032832.1170819,747.0
1662032832.1266544,754.0
1662032832.1362295,753.0
1662032832.1458101,755.0
1662032832.1554499,749.0
1662032832.1652906,763.0
1662032832.1737392,761.0
1662032832.183651,760.0
1662032832.1934795,763.0
1662032832.201951,768.0
1662032832.2117918,755.0
1662032832.2217093,757.0
1662032832.2301822,769.0
1662032832.240027,770.0
1662032832.2499125,757.0
1662032832.258303,753.0
1662032832.2678545,746.0
1662032832.277413,754.0
1662032832.2869976,753.0
1662032832.2965517,759.0
1662032832.3060563,754.0
1662032832.3156333,762.0
1662032832.3251705,763.0
1662032832.3347166,747.0
1662032832.343002,764.0
1662032832.3525765,760.0
1662032832.3624115,757.0
1662032832.372307,771.0
1662032832.3808513,765.0
1662032832.3907473,763.0
1662032832.4006052,750.0
1662032832.4090948,768.0
1662032832.4189272,755.0
1662032832.4287612,755.0
1662032832.4372292,753.0
1662032832.4471557,762.0
1662032832.455836,757.0
1662032832.465425,756.0
1662032832.4749587,753.0
1662032832.48455,756.0
1662032832.4941351,763.0
1662032832.5036626,764.0
1662032832.5132227,770.0
1662032832.5228248,768.0
1662032832.5310457,764.0
1662032832.5405946,761.0
1662032832.5501592,757.0
1662032832.559742,764.0
1662032832.5693352,767.0
1662032832.5788887,763.0
1662032832.5885687,751.0
1662032832.5981755,748.0
1662032832.6064177,756.0
1662032832.6159477,749.0
1662032832.6255524,778.0
1662032832.6351295,758.0
1662032832.6446676,768.0
1662032832.6542587,763.0
1662032832.663854,756.0
1662032832.6733742,755.0
1662032832.6816661,749.0
1662032832.6912422,753.0
1662032832.7007911,757.0
1662032832.710343,757.0
1662032832.7198722,748.0
1662032832.7294638,760.0
1662032832.738358,764.0
1662032832.748107,757.0
1662032832.7577934,753.0
1662032832.766837,766.0
1662032832.7764316,753.0
1662032832.7861004,757.0
1662032832.7955625,771.0
1662032832.8038523,767.0
1662032832.8133762,759.0
1662032832.8230095,754.0
1662032832.8325353,759.0
1662032832.8421097,768.0
1662032832.8517025,776.0
1662032832.8612645,766.0
1662032832.8709145,762.0
1662032832.8791766,770.0
1662032832.888899,751.0
1662032832.8984365,760.0
1662032832.9080222,749.0
1662032832.9176097,756.0
1662032832.9272044,754.0
1662032832.9367716,768.0
1662032832.9450045,758.0
1662032832.9545329,758.0
1662032832.964118,763.0
1662032832.9736822,760.0
1662032832.9832823,768.0
1662032832.992901,761.0
1662032833.0024517,760.0
1662032833.011986,757.0
1662032833.0215583,761.0
1662032833.0297852,768.0
1662032833.0393014,771.0
1662032833.048901,770.0
1662032833.0584939,770.0
1662032833.0680602,768.0
1662032833.0776348,754.0
1662032833.0872827,764.0
1662032833.09555,775.0
1662032833.1050856,764.0
1662032833.1146371,768.0
1662032833.1242309,765.0
1662032833.133816,770.0
1662032833.1433854,769.0
1662032833.152934,758.0
1662032833.162688,758.0
1662032833.1712713,774.0
1662032833.1813438,764.0
1662032833.1898885,764.0
1662032833.1997728,760.0
1662032833.209623,770.0
1662032833.2180839,766.0
1662032833.2278926,759.0
1662032833.2377543,753.0
1662032833.2462287,756.0
1662032833.2561452,761.0
1662032833.2658038,756.0
1662032833.2753685,761.0
1662032833.284984,771.0
1662032833.2932873,756.0
1662032833.3029115,771.0
1662032833.3124912,767.0
1662032833.322386,749.0
1662032833.3319302,763.0
1662032833.3414414,763.0
1662032833.3497112,770.0
1662032833.359278,764.0
1662032833.3688588,762.0
1662032833.3784373,757.0
1662032833.3880496,754.0
1662032833.3976068,747.0
1662032833.407234,766.0
1662032833.4155238,745.0
1662032833.425075,765.0
1662032833.4346607,772.0
1662032833.4442408,759.0
1662032833.453805,754.0
1662032833.4633815,764.0
1662032833.4729958,759.0
1662032833.4825528,776.0
1662032833.490854,746.0
1662032833.5004926,753.0
1662032833.5101233,751.0
1662032833.519895,770.0
1662032833.529661,751.0
1662032833.5380974,752.0
1662032833.547885,761.0
1662032833.5576627,762.0
1662032833.566253,756.0
1662032833.575992,767.0
1662032833.5859632,764.0
1662032833.594483,759.0
1662032833.6042693,750.0
1662032833.6140351,754.0
1662032833.623777,778.0
1662032833.632115,761.0
1662032833.6418335,761.0
1662032833.6515472,766.0
1662032833.6612792,745.0
1662032833.6696496,764.0
1662032833.6796048,759.0
1662032833.6893704,756.0
1662032833.699051,754.0
1662032833.7074468,754.0
1662032833.7171302,750.0
1662032833.726881,769.0
1662032833.736606,762.0
1662032833.7449405,771.0
1662032833.7547257,741.0
1662032833.7644196,765.0
1662032833.7741487,754.0
1662032833.7825987,757.0
1662032833.7924879,754.0
1662032833.8021963,770.0
1662032833.8119285,768.0
1662032833.8203049,769.0
1662032833.8300743,753.0
1662032833.8398254,756.0
1662032833.849579,757.0
1662032833.857963,758.0
1662032833.868042,763.0
1662032833.8767488,758.0
1662032833.8864148,766.0
1662032833.896008,760.0
1662032833.9056044,764.0
1662032833.915205,763.0
1662032833.9248543,754.0
1662032833.9331377,757.0
1662032833.9427261,766.0
1662032833.952314,756.0
1662032833.9619484,772.0
1662032833.971572,763.0
1662032833.9811785,758.0
1662032833.99079,766.0
1662032833.9989974,773.0
1662032834.008557,760.0
1662032834.0181205,746.0
1662032834.0277314,762.0
1662032834.0373287,760.0
1662032834.0468953,765.0
1662032834.0564983,751.0
1662032834.064786,777.0
1662032834.0744338,758.0
1662032834.0841181,757.0
1662032834.0936608,760.0
1662032834.1031992,759.0
1662032834.1128106,759.0
1662032834.122364,761.0
1662032834.131968,762.0
1662032834.1402118,762.0
1662032834.149822,735.0
1662032834.1593928,755.0
1662032834.1692934,757.0
1662032834.1777654,763.0
1662032834.1877556,748.0
1662032834.1976776,771.0
1662032834.2061727,760.0
1662032834.2160625,761.0
1662032834.225898,758.0
1662032834.2344098,765.0
1662032834.244264,753.0
1662032834.2541046,775.0
1662032834.2626355,759.0
1662032834.2723637,760.0
1662032834.2822347,758.0
1662032834.2909079,759.0
1662032834.3004997,767.0
1662032834.3100758,757.0
1662032834.319833,753.0
1662032834.32941,771.0
1662032834.3376544,767.0
1662032834.3472922,757.0
1662032834.3568122,763.0
1662032834.3664446,760.0
1662032834.3760147,769.0
1662032834.3856156,760.0
1662032834.3952196,769.0
1662032834.404847,754.0
1662032834.413071,750.0
1662032834.4226136,760.0
1662032834.4322274,764.0
1662032834.441807,762.0
1662032834.4513764,767.0
1662032834.4609716,758.0
1662032834.4694955,760.0
1662032834.4793277,760.0
1662032834.4892464,750.0
1662032834.4977493,760.0
1662032834.5076318,758.0
1662032834.5175118,764.0
1662032834.5260053,749.0
1662032834.535852,763.0
1662032834.545787,780.0
1662032834.5542746,761.0
1662032834.5640213,756.0
1662032834.5736237,763.0
1662032834.5832427,752.0
1662032834.5928643,758.0
1662032834.602428,752.0
1662032834.6107163,759.0
1662032834.620302,753.0
1662032834.6298847,759.0
1662032834.6394365,752.0
1662032834.649059,758.0
1662032834.6586235,762.0
1662032834.667048,764.0
1662032834.6769426,756.0
1662032834.6868854,758.0
1662032834.6954067,742.0
1662032834.705269,763.0
1662032834.7151947,768.0
1662032834.7236965,766.0
1662032834.7335541,751.0
1662032834.7434266,764.0
1662032834.751943,752.0
1662032834.7618158,760.0
1662032834.7715013,754.0
