1662032629.0103178,303.0
1662032629.0187244,305.0
1662032629.028899,305.0
1662032629.038981,306.0
1662032629.0478,301.0
1662032629.0579605,300.0
1662032629.0678408,306.0
1662032629.0778558,304.0
1662032629.087943,300.0
1662032629.0974047,299.0
1662032629.1074777,311.0
1662032629.1161797,299.0
1662032629.1263714,307.0
1662032629.1365273,303.0
1662032629.1464334,306.0
1662032629.1552083,309.0
1662032629.1652975,306.0
1662032629.175294,303.0
1662032629.1851847,304.0
1662032629.1950922,298.0
1662032629.2053545,305.0
1662032629.2144158,298.0
1662032629.2245002,300.0
1662032629.2346263,306.0
1662032629.2433197,300.0
1662032629.2532585,303.0
1662032629.2631564,303.0
1662032629.2732062,304.0
1662032629.2830968,305.0
1662032629.2929935,308.0
1662032629.302871,306.0
1662032629.311882,304.0
1662032629.3227148,306.0
1662032629.331558,304.0
1662032629.3415885,302.0
1662032629.3518136,307.0
1662032629.3619602,306.0
1662032629.371015,304.0
1662032629.3811688,302.0
1662032629.390308,302.0
1662032629.400497,308.0
1662032629.4106038,307.0
1662032629.4195232,307.0
1662032629.429819,300.0
1662032629.4399636,304.0
1662032629.4488182,301.0
1662032629.4587913,301.0
1662032629.4688017,302.0
1662032629.4787903,301.0
1662032629.4888003,304.0
1662032629.4988236,307.0
1662032629.5076632,301.0
1662032629.517747,303.0
1662032629.5278335,301.0
1662032629.537888,302.0
1662032629.5467434,305.0
1662032629.556947,305.0
1662032629.5669596,307.0
1662032629.577014,300.0
1662032629.5858047,298.0
1662032629.595784,306.0
1662032629.6060328,303.0
1662032629.6160815,308.0
1662032629.6250398,308.0
1662032629.6351173,303.0
1662032629.6451218,301.0
1662032629.6551285,304.0
1662032629.6639345,302.0
1662032629.6739311,301.0
1662032629.6839893,302.0
1662032629.6939666,301.0
1662032629.7034056,300.0
1662032629.7136211,305.0
1662032629.7237368,307.0
1662032629.7338748,298.0
1662032629.7426476,313.0
1662032629.7528007,303.0
1662032629.7629144,304.0
1662032629.7718859,302.0
1662032629.7820523,298.0
1662032629.7921968,303.0
1662032629.800916,301.0
1662032629.8106854,299.0
1662032629.8206866,299.0
1662032629.8305075,302.0
1662032629.8403203,307.0
1662032629.8502977,304.0
1662032629.860148,301.0
1662032629.870032,303.0
1662032629.879833,298.0
1662032629.889638,306.0
1662032629.8995254,299.0
1662032629.909397,305.0
1662032629.919189,301.0
1662032629.9291623,303.0
1662032629.938913,298.0
1662032629.9488857,302.0
1662032629.9573514,302.0
1662032629.9671445,303.0
1662032629.9769006,301.0
1662032629.9866798,301.0
1662032629.9964793,300.0
1662032630.006427,303.0
1662032630.016256,301.0
1662032630.02615,304.0
1662032630.035989,303.0
1662032630.0459352,305.0
1662032630.0558286,302.0
1662032630.0656166,302.0
1662032630.0754254,308.0
1662032630.0852776,306.0
1662032630.0950458,306.0
1662032630.10483,308.0
1662032630.1147263,302.0
1662032630.1246836,307.0
1662032630.1332147,299.0
1662032630.144281,303.0
1662032630.15292,303.0
1662032630.1629312,304.0
1662032630.1728024,302.0
1662032630.1825836,300.0
1662032630.1925209,308.0
1662032630.2022772,301.0
1662032630.2121365,304.0
1662032630.2221029,305.0
1662032630.2320197,303.0
1662032630.2418272,308.0
1662032630.2516298,306.0
1662032630.2614255,302.0
1662032630.2713041,298.0
1662032630.2811673,304.0
1662032630.2896576,302.0
1662032630.2995234,309.0
1662032630.30941,300.0
1662032630.3192647,308.0
1662032630.3292418,308.0
1662032630.3390455,303.0
1662032630.3489172,310.0
1662032630.3587337,304.0
1662032630.368506,300.0
1662032630.378284,304.0
1662032630.3881023,308.0
1662032630.3979325,307.0
1662032630.40774,297.0
1662032630.4175558,303.0
1662032630.4275863,305.0
1662032630.4375393,303.0
1662032630.4473639,304.0
1662032630.4559352,303.0
1662032630.465751,305.0
1662032630.475526,302.0
1662032630.4853988,307.0
1662032630.495194,302.0
1662032630.5050719,304.0
1662032630.5149462,300.0
1662032630.524998,302.0
1662032630.534925,306.0
1662032630.5449953,305.0
1662032630.554742,304.0
1662032630.5644846,304.0
1662032630.5742357,302.0
1662032630.5840037,305.0
1662032630.593741,299.0
1662032630.6034539,301.0
1662032630.6129465,305.0
1662032630.6226013,305.0
1662032630.6322958,299.0
1662032630.641904,300.0
1662032630.6526735,302.0
1662032630.6622205,304.0
1662032630.671665,304.0
1662032630.681102,299.0
1662032630.691888,308.0
1662032630.701353,309.0
1662032630.7113953,306.0
1662032630.7212195,301.0
1662032630.7298365,301.0
1662032630.7397609,299.0
1662032630.7494965,303.0
1662032630.7593596,304.0
1662032630.7690609,303.0
1662032630.7788208,297.0
1662032630.788552,302.0
1662032630.7982411,307.0
1662032630.8079777,299.0
1662032630.817732,305.0
1662032630.8277204,305.0
1662032630.8376245,302.0
1662032630.847498,310.0
1662032630.8572452,305.0
1662032630.8671386,303.0
1662032630.876905,308.0
1662032630.8865504,301.0
1662032630.896271,303.0
1662032630.9060447,305.0
1662032630.9158292,304.0
1662032630.925773,306.0
1662032630.9355066,311.0
1662032630.945316,301.0
1662032630.9550104,303.0
1662032630.9646344,310.0
1662032630.9743772,302.0
1662032630.9840744,305.0
1662032630.9937885,304.0
1662032631.004904,303.0
1662032631.0146754,302.0
1662032631.0244734,299.0
1662032631.0330842,305.0
1662032631.0429301,300.0
1662032631.0528562,306.0
1662032631.0626106,301.0
1662032631.0723622,303.0
1662032631.0821514,304.0
1662032631.0918543,303.0
1662032631.1016,307.0
1662032631.1113336,302.0
1662032631.121296,305.0
1662032631.1316562,299.0
1662032631.1414514,305.0
1662032631.151218,308.0
1662032631.1609783,303.0
1662032631.170706,301.0
1662032631.1803977,302.0
1662032631.1901042,304.0
1662032631.199848,301.0
1662032631.2096078,303.0
1662032631.219383,302.0
1662032631.2294278,305.0
1662032631.2392375,304.0
1662032631.2489913,301.0
1662032631.2588818,304.0
1662032631.2686102,298.0
1662032631.278355,304.0
1662032631.288245,302.0
1662032631.2979422,299.0
1662032631.3077276,303.0
1662032631.317503,303.0
1662032631.3273115,301.0
1662032631.3373487,306.0
1662032631.347106,300.0
1662032631.3568196,303.0
1662032631.3665597,302.0
1662032631.3762615,304.0
1662032631.3860097,305.0
1662032631.3958864,306.0
1662032631.4056227,306.0
1662032631.4153745,304.0
1662032631.4252717,304.0
1662032631.4352727,304.0
1662032631.4451385,302.0
1662032631.4549448,307.0
1662032631.4647071,301.0
1662032631.473188,310.0
1662032631.4829168,301.0
1662032631.4939861,303.0
1662032631.5037043,306.0
1662032631.5134294,305.0
1662032631.5233107,306.0
1662032631.5319226,302.0
1662032631.541806,298.0
1662032631.551629,305.0
1662032631.56141,303.0
1662032631.5711462,304.0
1662032631.5811594,302.0
1662032631.5911002,301.0
1662032631.600843,306.0
1662032631.6106105,305.0
1662032631.6204174,306.0
1662032631.6303754,304.0
1662032631.640249,307.0
1662032631.6502519,306.0
1662032631.660037,303.0
1662032631.6697152,304.0
1662032631.6796012,304.0
1662032631.6893432,305.0
1662032631.699048,302.0
1662032631.7087953,301.0
1662032631.7185376,300.0
1662032631.7285814,307.0
1662032631.7384262,299.0
1662032631.748255,311.0
1662032631.7579992,308.0
1662032631.7677531,301.0
1662032631.7774694,304.0
1662032631.7871842,300.0
1662032631.7968862,296.0
1662032631.8065667,300.0
1662032631.816312,305.0
1662032631.826801,302.0
1662032631.835426,306.0
1662032631.8456056,311.0
1662032631.8556528,298.0
1662032631.865555,303.0
1662032631.8753343,304.0
1662032631.8842237,305.0
1662032631.8943121,304.0
1662032631.9045067,304.0
1662032631.9145198,298.0
1662032631.9232967,306.0
1662032631.933827,300.0
1662032631.9438512,309.0
1662032631.9525409,303.0
1662032631.9626024,302.0
1662032631.9726245,306.0
1662032631.9828346,300.0
1662032631.9927487,298.0
1662032632.0026798,309.0
1662032632.0113592,306.0
1662032632.0214841,303.0
1662032632.0318666,306.0
1662032632.0405447,308.0
1662032632.0506642,303.0
1662032632.0608141,312.0
1662032632.0708544,313.0
1662032632.0809202,312.0
1662032632.0897412,309.0
1662032632.0998316,315.0
1662032632.1099384,321.0
1662032632.1200142,321.0
1662032632.1292255,315.0
1662032632.1392214,327.0
1662032632.1482418,324.0
1662032632.1579769,325.0
1662032632.168079,326.0
1662032632.176692,325.0
1662032632.1868248,319.0
1662032632.1969838,328.0
1662032632.205563,326.0
1662032632.2156386,323.0
1662032632.2241464,327.0
1662032632.2342832,327.0
1662032632.243009,331.0
1662032632.2536576,331.0
1662032632.2623498,333.0
1662032632.2722802,336.0
1662032632.2807505,331.0
1662032632.2906668,337.0
1662032632.2993166,336.0
1662032632.31003,334.0
1662032632.3179774,340.0
1662032632.3282132,343.0
1662032632.3370366,340.0
1662032632.3470082,348.0
1662032632.355743,350.0
1662032632.3656833,345.0
1662032632.3744302,356.0
1662032632.3843668,351.0
1662032632.3933673,351.0
1662032632.4033608,350.0
1662032632.412214,354.0
1662032632.4224212,348.0
1662032632.431086,352.0
1662032632.4411166,356.0
1662032632.4499004,348.0
1662032632.4598017,354.0
1662032632.4686103,359.0
1662032632.4785068,352.0
1662032632.4873877,357.0
1662032632.4974473,356.0
1662032632.5061293,360.0
1662032632.5160418,360.0
1662032632.5248873,358.0
1662032632.5350108,363.0
1662032632.5438263,359.0
1662032632.5538168,365.0
1662032632.562591,365.0
1662032632.5724316,365.0
1662032632.5811517,370.0
1662032632.5914307,365.0
1662032632.6001165,366.0
1662032632.6101937,367.0
1662032632.6188712,373.0
1662032632.6289074,372.0
1662032632.637737,369.0
1662032632.6476722,376.0
1662032632.6564019,375.0
1662032632.6663983,373.0
1662032632.675197,376.0
1662032632.6851652,372.0
1662032632.694263,381.0
1662032632.704193,374.0
1662032632.7131567,378.0
1662032632.723322,380.0
1662032632.7320395,374.0
1662032632.7420359,378.0
1662032632.7507749,380.0
1662032632.760716,387.0
1662032632.7694075,388.0
1662032632.7794125,392.0
1662032632.7883584,389.0
1662032632.7983706,393.0
1662032632.807202,387.0
1662032632.8171494,394.0
1662032632.8261576,395.0
1662032632.8349462,392.0
1662032632.844884,393.0
1662032632.8549404,393.0
1662032632.8636687,387.0
1662032632.8736045,401.0
1662032632.8823357,398.0
1662032632.8913362,399.0
1662032632.9013631,400.0
1662032632.9101446,400.0
1662032632.920103,402.0
1662032632.9300625,404.0
1662032632.9388838,400.0
1662032632.948785,408.0
1662032632.9574754,400.0
1662032632.9674556,410.0
1662032632.9763105,408.0
1662032632.9862227,410.0
1662032632.9951706,416.0
1662032633.005224,418.0
1662032633.014518,418.0
1662032633.0238678,414.0
1662032633.0327373,409.0
1662032633.0431292,411.0
1662032633.0517879,418.0
1662032633.0619073,422.0
1662032633.0706365,416.0
1662032633.0807934,425.0
1662032633.0896645,416.0
1662032633.0986834,419.0
1662032633.1090705,423.0
1662032633.1174455,426.0
1662032633.1274981,426.0
1662032633.1360362,424.0
1662032633.1457534,425.0
1662032633.1554966,424.0
1662032633.1652513,430.0
1662032633.173765,432.0
1662032633.1834977,435.0
1662032633.1938179,424.0
1662032633.2022672,429.0
1662032633.2123494,428.0
1662032633.2206714,432.0
1662032633.2308,438.0
1662032633.2407186,434.0
1662032633.2492156,431.0
1662032633.2590382,437.0
1662032633.2687876,433.0
1662032633.2771916,440.0
1662032633.286894,441.0
1662032633.296692,433.0
1662032633.306393,443.0
1662032633.3147006,446.0
1662032633.324342,448.0
1662032633.33404,453.0
1662032633.3436458,446.0
1662032633.353204,447.0
1662032633.3628147,455.0
1662032633.3710587,451.0
1662032633.3806126,451.0
1662032633.3903823,457.0
1662032633.4000144,451.0
1662032633.4096413,454.0
1662032633.419234,454.0
1662032633.4279003,455.0
1662032633.4375153,465.0
1662032633.4471562,456.0
1662032633.456766,458.0
1662032633.466388,463.0
1662032633.4746432,456.0
1662032633.4842029,462.0
1662032633.4941761,456.0
1662032633.5037363,463.0
1662032633.5134451,468.0
1662032633.5217347,469.0
1662032633.5315616,461.0
1662032633.5413218,463.0
1662032633.5509374,461.0
1662032633.559508,468.0
1662032633.5691953,475.0
1662032633.5789065,468.0
1662032633.5884967,470.0
1662032633.5971048,470.0
1662032633.6068225,466.0
1662032633.6165767,464.0
1662032633.6262085,470.0
1662032633.6345608,484.0
1662032633.6442633,480.0
1662032633.6538575,481.0
1662032633.6635306,478.0
1662032633.673118,474.0
1662032633.6826901,479.0
1662032633.6912706,483.0
1662032633.700902,480.0
1662032633.7106025,484.0
1662032633.720237,484.0
1662032633.7286606,486.0
1662032633.7382526,488.0
1662032633.7478814,484.0
1662032633.7575479,484.0
1662032633.767107,486.0
1662032633.776689,488.0
1662032633.7851033,487.0
1662032633.79516,496.0
1662032633.80478,496.0
1662032633.8144414,492.0
1662032633.8227024,499.0
1662032633.8324113,494.0
1662032633.8420613,499.0
1662032633.8517644,495.0
1662032633.8612852,502.0
1662032633.870886,494.0
1662032633.8792243,504.0
1662032633.888746,506.0
1662032633.898556,499.0
1662032633.9083097,507.0
1662032633.9179597,498.0
1662032633.9261465,504.0
1662032633.9364252,502.0
1662032633.9460754,514.0
1662032633.9543955,510.0
1662032633.9640496,510.0
1662032633.9737167,512.0
1662032633.9833002,512.0
1662032633.9928772,505.0
1662032634.0025003,518.0
1662032634.010849,504.0
1662032634.0203872,524.0
1662032634.0300214,519.0
1662032634.0397112,518.0
1662032634.0492957,520.0
1662032634.05918,518.0
1662032634.0673666,521.0
1662032634.0768893,524.0
1662032634.0864408,528.0
1662032634.096101,524.0
1662032634.1056411,518.0
1662032634.1152117,526.0
1662032634.12483,533.0
1662032634.1331666,527.0
1662032634.1429117,529.0
1662032634.1526108,531.0
1662032634.162246,533.0
1662032634.1718469,528.0
1662032634.1800525,533.0
1662032634.1896315,542.0
1662032634.1992083,523.0
1662032634.2089124,545.0
1662032634.2185576,537.0
1662032634.2280843,536.0
1662032634.2365763,540.0
1662032634.246243,543.0
1662032634.2558334,541.0
1662032634.265411,535.0
1662032634.2749379,547.0
1662032634.284474,538.0
1662032634.2940116,543.0
1662032634.3035493,550.0
1662032634.3117533,556.0
1662032634.321342,539.0
1662032634.3309596,561.0
1662032634.3407164,547.0
1662032634.3502712,555.0
1662032634.3599331,549.0
1662032634.3694372,557.0
1662032634.3777654,557.0
1662032634.387369,558.0
1662032634.3969052,550.0
1662032634.4064217,555.0
1662032634.4159763,561.0
1662032634.4255154,563.0
1662032634.435028,561.0
1662032634.4435122,561.0
1662032634.4531908,564.0
1662032634.4627662,566.0
1662032634.4723082,565.0
1662032634.4819424,568.0
1662032634.4915998,552.0
1662032634.4998066,568.0
1662032634.509369,568.0
1662032634.518973,569.0
1662032634.528614,564.0
1662032634.5383923,564.0
1662032634.5479584,576.0
1662032634.5575643,558.0
1662032634.5658417,569.0
1662032634.5753772,565.0
1662032634.5848882,570.0
1662032634.5945556,580.0
1662032634.6042278,577.0
1662032634.613809,574.0
1662032634.623355,580.0
1662032634.6316876,568.0
1662032634.6413624,578.0
1662032634.6508868,588.0
1662032634.6604862,589.0
1662032634.6700792,580.0
1662032634.6796515,586.0
1662032634.689308,574.0
1662032634.6975725,579.0
1662032634.7071238,576.0
1662032634.716774,573.0
1662032634.7263572,585.0
1662032634.7359567,594.0
1662032634.7456012,578.0
1662032634.753979,588.0
1662032634.7636425,588.0
1662032634.7731895,592.0
1662032634.782762,600.0
1662032634.7923558,589.0
1662032634.8019469,592.0
1662032634.8116336,598.0
1662032634.8198588,592.0
1662032634.8294332,595.0
1662032634.8392808,594.0
1662032634.8490212,595.0
1662032634.8573465,597.0
1662032634.8669798,602.0
1662032634.8766522,594.0
1662032634.8862083,605.0
1662032634.8957698,610.0
1662032634.9053392,608.0
1662032634.9150178,610.0
1662032634.9234173,608.0
1662032634.9330428,614.0
1662032634.9428813,612.0
1662032634.9526608,608.0
1662032634.9609418,607.0
1662032634.9704595,617.0
1662032634.9800508,613.0
1662032634.9897487,612.0
1662032634.9993377,619.0
1662032635.0089824,612.0
1662032635.0173743,619.0
1662032635.027051,619.0
1662032635.0366366,624.0
1662032635.046404,611.0
1662032635.0560584,625.0
1662032635.064282,620.0
1662032635.0739417,623.0
1662032635.0835245,622.0
1662032635.0930219,630.0
1662032635.1026344,621.0
1662032635.112327,623.0
1662032635.121945,635.0
1662032635.1302028,627.0
1662032635.1400478,631.0
1662032635.1496713,629.0
1662032635.1592696,626.0
1662032635.1688645,629.0
1662032635.1783926,638.0
1662032635.1866639,635.0
1662032635.1962998,647.0
1662032635.2059588,646.0
1662032635.215624,633.0
1662032635.2252219,638.0
1662032635.2337127,653.0
1662032635.2433372,640.0
1662032635.252936,637.0
1662032635.26272,648.0
1662032635.272321,641.0
1662032635.2819917,645.0
1662032635.2902088,640.0
1662032635.2998152,649.0
1662032635.3093426,648.0
1662032635.3190324,649.0
1662032635.3286073,655.0
1662032635.338229,655.0
1662032635.3466775,650.0
1662032635.3563764,658.0
1662032635.3666048,652.0
1662032635.375365,666.0
1662032635.3846757,661.0
1662032635.3945758,652.0
1662032635.4029715,649.0
1662032635.4125502,667.0
1662032635.4219978,657.0
1662032635.4314713,668.0
1662032635.4411645,671.0
1662032635.4509182,671.0
1662032635.460493,650.0
1662032635.470175,669.0
1662032635.4784617,671.0
1662032635.4879522,662.0
1662032635.4975357,664.0
1662032635.5071125,668.0
1662032635.5167015,668.0
1662032635.526433,671.0
1662032635.5348096,675.0
1662032635.5445528,666.0
1662032635.554052,669.0
1662032635.5636904,674.0
1662032635.5731747,681.0
1662032635.5827622,681.0
1662032635.5923772,672.0
1662032635.6007097,676.0
1662032635.6103024,680.0
1662032635.619884,696.0
1662032635.6294277,703.0
1662032635.6390662,686.0
1662032635.648702,687.0
1662032635.6582527,687.0
1662032635.6665514,686.0
1662032635.676069,691.0
1662032635.6857433,678.0
1662032635.6953096,705.0
1662032635.7049365,695.0
1662032635.7144918,688.0
1662032635.7240603,679.0
1662032635.7323387,689.0
1662032635.742069,692.0
1662032635.7516298,693.0
1662032635.761232,694.0
1662032635.7710054,706.0
1662032635.780497,702.0
1662032635.7900069,699.0
1662032635.7982123,688.0
1662032635.8077762,695.0
1662032635.8173368,716.0
1662032635.8269556,712.0
1662032635.8365264,701.0
1662032635.8463898,705.0
1662032635.8548942,705.0
1662032635.8644984,698.0
1662032635.8740478,701.0
1662032635.8836088,710.0
1662032635.8931496,706.0
1662032635.902685,701.0
1662032635.9122262,712.0
1662032635.9217374,713.0
1662032635.9299574,709.0
1662032635.9397616,713.0
1662032635.9494884,713.0
1662032635.9591668,717.0
1662032635.9687312,715.0
1662032635.9770632,717.0
1662032635.9865897,716.0
1662032635.9960818,726.0
1662032636.0057266,720.0
1662032636.0152957,715.0
1662032636.0249636,720.0
1662032636.034618,724.0
1662032636.0429528,710.0
1662032636.05249,721.0
1662032636.0620823,720.0
1662032636.0717006,725.0
1662032636.081206,729.0
1662032636.0908267,729.0
1662032636.1004624,730.0
1662032636.1086833,728.0
1662032636.1182446,741.0
1662032636.1279533,733.0
1662032636.1375322,739.0
1662032636.147109,732.0
1662032636.1568322,741.0
1662032636.165171,737.0
1662032636.1748133,743.0
1662032636.1844616,737.0
1662032636.1940618,738.0
1662032636.203631,743.0
1662032636.213294,741.0
1662032636.2228298,738.0
1662032636.2311082,747.0
1662032636.240756,743.0
1662032636.250478,734.0
1662032636.2600696,748.0
1662032636.2696102,751.0
1662032636.279154,754.0
1662032636.2886865,754.0
1662032636.2968469,744.0
1662032636.3065064,745.0
1662032636.3161027,750.0
1662032636.325626,755.0
1662032636.335294,747.0
1662032636.3450296,751.0
1662032636.35326,753.0
1662032636.362972,746.0
1662032636.3725965,754.0
1662032636.3821745,751.0
1662032636.3917956,754.0
1662032636.4014087,766.0
1662032636.410981,767.0
1662032636.4191525,753.0
1662032636.4289296,763.0
1662032636.4385405,764.0
1662032636.4484887,771.0
1662032636.4568636,760.0
1662032636.466454,773.0
1662032636.4759285,777.0
1662032636.4855797,772.0
1662032636.4951422,747.0
1662032636.5047169,770.0
1662032636.514306,764.0
1662032636.5239136,778.0
1662032636.5323668,784.0
1662032636.542035,778.0
1662032636.5516388,772.0
1662032636.5613074,763.0
1662032636.570888,779.0
1662032636.579172,769.0
1662032636.5887277,778.0
1662032636.5982463,768.0
1662032636.607869,761.0
1662032636.617465,775.0
1662032636.6269817,778.0
1662032636.6366842,786.0
1662032636.645179,786.0
1662032636.6547618,775.0
1662032636.664387,787.0
1662032636.674229,780.0
1662032636.6839259,782.0
1662032636.6922023,780.0
1662032636.7018278,785.0
1662032636.7113187,781.0
1662032636.7210119,784.0
1662032636.730678,796.0
1662032636.7402155,789.0
1662032636.74864,791.0
1662032636.7582948,795.0
1662032636.7678754,792.0
1662032636.7774687,791.0
1662032636.7871265,786.0
1662032636.7966247,800.0
1662032636.8063076,799.0
1662032636.8146307,800.0
1662032636.8241634,798.0
1662032636.833788,796.0
1662032636.8436239,797.0
1662032636.853249,795.0
1662032636.861541,805.0
1662032636.8710592,802.0
1662032636.880651,807.0
1662032636.8902576,812.0
1662032636.899863,814.0
1662032636.9094963,817.0
1662032636.919008,801.0
1662032636.9286237,814.0
1662032636.9370003,810.0
1662032636.946826,820.0
1662032636.956402,792.0
1662032636.9660323,805.0
1662032636.9755177,800.0
1662032636.9850519,821.0
1662032636.9946003,810.0
1662032637.0028498,821.0
1662032637.0123513,814.0
1662032637.0219784,807.0
1662032637.0315905,816.0
1662032637.0412416,827.0
1662032637.051067,816.0
1662032637.059528,803.0
1662032637.069088,826.0
1662032637.078702,818.0
1662032637.088297,824.0
1662032637.0977817,834.0
1662032637.1073098,828.0
1662032637.116895,831.0
1662032637.1251607,835.0
1662032637.1347332,830.0
1662032637.1444895,828.0
1662032637.154148,817.0
1662032637.163645,840.0
1662032637.173356,826.0
1662032637.1829343,826.0
1662032637.1912093,819.0
1662032637.2006922,840.0
1662032637.2102802,830.0
1662032637.2199695,855.0
1662032637.2296777,853.0
1662032637.2392733,843.0
1662032637.2477689,847.0
1662032637.2573628,846.0
1662032637.2669952,838.0
1662032637.2765825,849.0
1662032637.2860608,851.0
1662032637.2956014,868.0
1662032637.3052459,831.0
1662032637.3135211,856.0
1662032637.3230402,859.0
1662032637.3326204,859.0
1662032637.3422244,856.0
1662032637.3517745,848.0
1662032637.3613374,864.0
1662032637.3709128,856.0
1662032637.3804688,843.0
1662032637.3899717,855.0
1662032637.39823,839.0
1662032637.4077625,859.0
1662032637.4174426,853.0
1662032637.4269824,850.0
1662032637.4365911,875.0
1662032637.4463725,858.0
1662032637.4559164,869.0
1662032637.464235,870.0
1662032637.4738255,860.0
1662032637.483314,868.0
1662032637.4928994,846.0
1662032637.502424,862.0
1662032637.5120733,882.0
1662032637.5216632,858.0
1662032637.5313435,868.0
1662032637.5395796,873.0
1662032637.5493057,856.0
1662032637.559044,847.0
1662032637.5686343,869.0
1662032637.578212,880.0
1662032637.5876827,856.0
1662032637.596046,882.0
1662032637.6056275,879.0
1662032637.6152084,881.0
1662032637.6248138,890.0
1662032637.6343906,888.0
1662032637.6439717,887.0
1662032637.6536467,881.0
1662032637.6619487,871.0
1662032637.6716578,873.0
1662032637.681252,877.0
1662032637.690957,889.0
1662032637.7004662,890.0
1662032637.7100203,880.0
1662032637.7195835,870.0
1662032637.727813,892.0
1662032637.7373087,900.0
1662032637.7471566,896.0
1662032637.7566874,882.0
1662032637.7663033,902.0
1662032637.775936,896.0
1662032637.7842793,911.0
1662032637.7938852,904.0
1662032637.8035347,885.0
1662032637.813034,897.0
1662032637.8225756,899.0
1662032637.8322887,883.0
1662032637.8419456,902.0
1662032637.8501985,883.0
1662032637.8598998,891.0
1662032637.8696733,906.0
1662032637.8792953,920.0
1662032637.8889394,913.0
1662032637.8984973,896.0
1662032637.9066944,907.0
1662032637.916319,913.0
1662032637.9259715,914.0
1662032637.935657,902.0
1662032637.945202,919.0
1662032637.9548457,917.0
1662032637.9630635,931.0
1662032637.9726331,917.0
1662032637.9823117,908.0
1662032637.991898,909.0
1662032638.001374,933.0
1662032638.0109596,915.0
1662032638.0205183,908.0
1662032638.0300276,920.0
1662032638.0383582,917.0
1662032638.048175,945.0
1662032638.0577216,944.0
1662032638.067351,930.0
1662032638.0769413,937.0
1662032638.0865395,929.0
1662032638.0960927,936.0
1662032638.104357,934.0
1662032638.1139176,915.0
1662032638.1234205,938.0
1662032638.1330206,936.0
1662032638.1425867,938.0
1662032638.1523824,932.0
1662032638.1620233,929.0
1662032638.1702347,910.0
1662032638.179811,937.0
1662032638.1893885,945.0
1662032638.1990316,945.0
1662032638.2086177,938.0
1662032638.2182245,938.0
1662032638.2277431,935.0
1662032638.2373536,950.0
1662032638.2456305,925.0
1662032638.255384,933.0
1662032638.2650392,932.0
1662032638.2746692,958.0
1662032638.2843351,939.0
1662032638.2925866,951.0
1662032638.3020656,932.0
1662032638.3116317,948.0
1662032638.3212311,964.0
1662032638.3307207,958.0
1662032638.3402963,955.0
1662032638.3499935,965.0
1662032638.3596559,944.0
1662032638.3679895,964.0
1662032638.3776,930.0
1662032638.3872523,958.0
1662032638.396772,919.0
1662032638.4063852,955.0
1662032638.4159567,960.0
1662032638.4242852,925.0
1662032638.4339998,946.0
1662032638.443623,947.0
1662032638.4532976,959.0
1662032638.4629471,959.0
1662032638.4724813,964.0
1662032638.480722,963.0
1662032638.4910386,957.0
1662032638.4997165,979.0
1662032638.5091968,963.0
1662032638.5192945,972.0
1662032638.5287673,948.0
1662032638.537038,960.0
1662032638.5465124,962.0
1662032638.5563135,977.0
1662032638.566015,958.0
1662032638.5756285,981.0
1662032638.5852442,967.0
1662032638.593454,971.0
1662032638.6030283,984.0
1662032638.6126208,966.0
1662032638.6222816,983.0
1662032638.631934,976.0
1662032638.6416616,962.0
1662032638.6498976,997.0
1662032638.659528,967.0
1662032638.6694365,987.0
1662032638.679032,953.0
1662032638.688688,992.0
1662032638.696995,961.0
1662032638.7065542,976.0
1662032638.7162607,989.0
1662032638.72577,965.0
1662032638.7353666,964.0
1662032638.7450194,980.0
1662032638.7534032,967.0
1662032638.7630062,977.0
1662032638.7725856,968.0
1662032638.7822828,986.0
1662032638.791934,980.0
1662032638.8014631,1000.0
1662032638.809628,992.0
1662032638.8191922,992.0
1662032638.8288236,982.0
1662032638.8385186,996.0
1662032638.8482554,1005.0
1662032638.8580751,1006.0
1662032638.8663898,993.0
1662032638.8760164,977.0
1662032638.8856416,995.0
1662032638.895169,1000.0
1662032638.9046166,1019.0
1662032638.9130225,998.0
1662032638.9226193,1005.0
1662032638.932218,998.0
1662032638.941812,984.0
1662032638.9517355,1004.0
1662032638.9600224,1003.0
1662032638.9696627,993.0
1662032638.9792917,1001.0
1662032638.9888797,995.0
1662032638.9984806,996.0
1662032639.008072,1015.0
1662032639.0163846,1030.0
1662032639.0259058,1007.0
1662032639.0356069,1006.0
1662032639.0452223,1035.0
1662032639.0536354,1008.0
1662032639.0632894,987.0
1662032639.072844,984.0
1662032639.0823805,1012.0
1662032639.0919945,1013.0
1662032639.1016219,1035.0
1662032639.1111677,1001.0
1662032639.1194022,1017.0
1662032639.1290307,1033.0
1662032639.138711,1003.0
1662032639.148311,1035.0
1662032639.1580203,1029.0
1662032639.1663659,1015.0
1662032639.176038,1025.0
1662032639.1857002,1002.0
1662032639.1952999,998.0
1662032639.2048993,1019.0
1662032639.2131808,1019.0
1662032639.223042,1008.0
1662032639.2325563,1023.0
1662032639.2421768,1020.0
1662032639.2519321,1046.0
1662032639.2601504,1023.0
1662032639.2698774,1026.0
1662032639.279504,1011.0
1662032639.2890332,1027.0
1662032639.2986426,1030.0
1662032639.3068402,1037.0
1662032639.3164318,1009.0
1662032639.3259668,1041.0
1662032639.3356597,1014.0
1662032639.3452876,1035.0
1662032639.3537638,1043.0
1662032639.3634071,1029.0
1662032639.3730388,1042.0
1662032639.3826401,1065.0
1662032639.3922932,1052.0
1662032639.4018807,1040.0
1662032639.4101498,1065.0
1662032639.4197357,1044.0
1662032639.4293456,1063.0
1662032639.4389267,1033.0
1662032639.4485004,1026.0
1662032639.45822,1073.0
1662032639.4664476,1025.0
1662032639.47596,1058.0
1662032639.4856243,1047.0
1662032639.4951582,1049.0
1662032639.5047042,1033.0
1662032639.5143366,1053.0
1662032639.522661,1052.0
1662032639.532299,1057.0
1662032639.5419738,1048.0
1662032639.5517883,1053.0
1662032639.5600784,1047.0
1662032639.5698013,1045.0
1662032639.5794127,1054.0
1662032639.589008,1049.0
1662032639.597205,1044.0
1662032639.6068268,1060.0
1662032639.6164267,1084.0
1662032639.6260486,1080.0
1662032639.6356277,1044.0
1662032639.6453018,1086.0
1662032639.6538463,1060.0
1662032639.6634533,1092.0
1662032639.673264,1090.0
1662032639.6815634,1069.0
1662032639.6911643,1050.0
1662032639.700821,1060.0
1662032639.7103658,1076.0
1662032639.7198658,1069.0
1662032639.7294874,1065.0
1662032639.737769,1094.0
1662032639.7474213,1075.0
1662032639.7570825,1056.0
1662032639.766743,1046.0
1662032639.7751265,1066.0
1662032639.78467,1065.0
1662032639.7943032,1091.0
1662032639.8037891,1085.0
1662032639.813274,1069.0
1662032639.8229218,1064.0
1662032639.8325257,1085.0
1662032639.8408704,1083.0
1662032639.850444,1111.0
1662032639.860399,1067.0
1662032639.870036,1103.0
1662032639.878454,1078.0
1662032639.8880951,1084.0
1662032639.897603,1139.0
1662032639.9071608,1097.0
1662032639.9167624,1077.0
1662032639.9262853,1079.0
1662032639.934703,1091.0
1662032639.9443016,1076.0
1662032639.9540792,1102.0
1662032639.9636257,1080.0
1662032639.9718893,1117.0
1662032639.981493,1100.0
1662032639.9910665,1111.0
1662032640.0006695,1077.0
1662032640.010207,1079.0
1662032640.0197873,1133.0
1662032640.028113,1058.0
1662032640.0378113,1102.0
1662032640.0473683,1110.0
1662032640.0570378,1106.0
1662032640.066685,1095.0
1662032640.0750127,1106.0
1662032640.0845695,1095.0
1662032640.0941389,1106.0
1662032640.1036694,1097.0
1662032640.1131847,1105.0
1662032640.1215045,1094.0
1662032640.1311524,1120.0
1662032640.1406858,1103.0
1662032640.1501875,1103.0
1662032640.1600683,1105.0
1662032640.1696565,1117.0
1662032640.177927,1054.0
1662032640.187582,1136.0
1662032640.1971989,1099.0
1662032640.20677,1121.0
1662032640.2164779,1113.0
1662032640.2247648,1120.0
1662032640.2343738,1105.0
1662032640.2439742,1108.0
1662032640.2536523,1119.0
1662032640.2633226,1143.0
1662032640.2715068,1143.0
1662032640.281151,1099.0
1662032640.2906835,1123.0
1662032640.3002088,1128.0
1662032640.3098514,1131.0
1662032640.3194432,1128.0
1662032640.3276865,1068.0
1662032640.3373523,1125.0
1662032640.3469076,1135.0
1662032640.3566003,1141.0
1662032640.366273,1163.0
1662032640.3745203,1135.0
1662032640.3842177,1145.0
1662032640.3938313,1156.0
1662032640.4033654,1122.0
1662032640.4128754,1141.0
1662032640.421178,1124.0
1662032640.4308743,1140.0
1662032640.4405513,1139.0
1662032640.4501956,1128.0
1662032640.4585245,1160.0
1662032640.4682086,1136.0
1662032640.4778821,1149.0
1662032640.4875777,1165.0
1662032640.4971595,1127.0
1662032640.505375,1153.0
1662032640.5150032,1169.0
1662032640.5246203,1171.0
1662032640.5342433,1149.0
1662032640.543974,1124.0
1662032640.5522594,1133.0
1662032640.5620172,1116.0
1662032640.5715368,1125.0
1662032640.5811827,1136.0
1662032640.5907207,1151.0
1662032640.600236,1131.0
1662032640.6085355,1190.0
1662032640.6181972,1156.0
1662032640.6278262,1126.0
1662032640.6374784,1172.0
1662032640.6469998,1144.0
1662032640.6554787,1175.0
1662032640.6653054,1132.0
1662032640.6750927,1154.0
1662032640.6833365,1157.0
1662032640.6929116,1137.0
1662032640.702537,1121.0
1662032640.712124,1169.0
1662032640.7217088,1191.0
1662032640.7313094,1172.0
1662032640.7396052,1176.0
1662032640.7491996,1172.0
1662032640.75888,1153.0
1662032640.7685924,1177.0
1662032640.7782419,1163.0
1662032640.7865112,1150.0
1662032640.7961054,1186.0
1662032640.805602,1142.0
1662032640.8151855,1172.0
1662032640.8248217,1173.0
1662032640.8334653,1174.0
1662032640.843207,1171.0
1662032640.8527682,1163.0
1662032640.8612196,1200.0
1662032640.8708208,1184.0
1662032640.880391,1195.0
1662032640.8899872,1190.0
1662032640.899549,1175.0
1662032640.909208,1165.0
1662032640.9175503,1201.0
1662032640.9271472,1172.0
1662032640.936725,1169.0
1662032640.9465191,1179.0
1662032640.9547098,1206.0
1662032640.9644513,1198.0
1662032640.974049,1228.0
1662032640.983567,1159.0
1662032640.9932802,1185.0
1662032641.0024266,1192.0
1662032641.0118754,1191.0
1662032641.0206132,1167.0
1662032641.0300488,1179.0
1662032641.0391743,1187.0
1662032641.0485675,1182.0
1662032641.0579882,1193.0
1662032641.0673869,1223.0
1662032641.0766127,1187.0
1662032641.0858755,1210.0
1662032641.0951624,1201.0
1662032641.1044793,1177.0
1662032641.1138024,1201.0
1662032641.1244698,1214.0
1662032641.132689,1240.0
1662032641.1424358,1198.0
1662032641.1519253,1202.0
1662032641.1616552,1195.0
1662032641.1713324,1206.0
1662032641.1795785,1200.0
1662032641.1890872,1198.0
1662032641.1986258,1202.0
1662032641.208254,1220.0
1662032641.2178853,1211.0
1662032641.2274494,1209.0
1662032641.2357643,1218.0
1662032641.2454073,1160.0
1662032641.2549493,1232.0
1662032641.2648034,1211.0
1662032641.2731981,1204.0
1662032641.2829502,1202.0
1662032641.2925637,1199.0
1662032641.3022285,1206.0
1662032641.3105097,1236.0
1662032641.3200066,1246.0
1662032641.3295934,1222.0
1662032641.3393435,1208.0
1662032641.3489277,1222.0
1662032641.3573122,1166.0
1662032641.3669684,1214.0
1662032641.3766005,1215.0
1662032641.386253,1195.0
1662032641.3959084,1210.0
1662032641.4042408,1219.0
1662032641.4137821,1193.0
1662032641.423361,1231.0
1662032641.4330423,1187.0
1662032641.4426072,1231.0
1662032641.4508433,1230.0
1662032641.4607763,1272.0
1662032641.4703743,1249.0
1662032641.4798748,1218.0
1662032641.4886794,1227.0
1662032641.4987047,1229.0
1662032641.50715,1194.0
1662032641.5176811,1242.0
1662032641.5266793,1184.0
1662032641.5362983,1252.0
1662032641.545657,1211.0
1662032641.555044,1258.0
1662032641.5631828,1221.0
1662032641.5725474,1233.0
1662032641.5819001,1190.0
1662032641.5912566,1243.0
1662032641.6017468,1248.0
1662032641.611148,1245.0
1662032641.6204698,1260.0
1662032641.6298943,1230.0
1662032641.6382115,1221.0
1662032641.647909,1276.0
1662032641.657574,1180.0
1662032641.6672223,1251.0
1662032641.6755908,1238.0
1662032641.6852276,1236.0
1662032641.6947079,1238.0
1662032641.704355,1256.0
1662032641.7139888,1231.0
1662032641.722309,1264.0
1662032641.7318814,1187.0
1662032641.7414362,1246.0
1662032641.7510777,1188.0
1662032641.7605991,1234.0
1662032641.7701786,1229.0
1662032641.7797124,1275.0
1662032641.7879527,1258.0
1662032641.7975304,1278.0
1662032641.8072004,1221.0
1662032641.8167233,1276.0
1662032641.8263478,1264.0
1662032641.8359432,1263.0
1662032641.844251,1247.0
1662032641.8537986,1267.0
1662032641.8636544,1241.0
1662032641.8732872,1238.0
1662032641.8816228,1255.0
1662032641.8912957,1235.0
1662032641.9007993,1214.0
1662032641.9103088,1220.0
1662032641.9199386,1225.0
1662032641.9283159,1234.0
1662032641.9379978,1247.0
1662032641.9476411,1268.0
1662032641.9572308,1245.0
1662032641.9668696,1280.0
1662032641.975067,1218.0
1662032641.9846866,1256.0
1662032641.9942374,1234.0
1662032642.0038192,1233.0
1662032642.013469,1245.0
1662032642.0229993,1225.0
1662032642.0312903,1257.0
1662032642.0408437,1215.0
1662032642.0503683,1216.0
1662032642.0601063,1253.0
1662032642.0698402,1233.0
1662032642.0781183,1206.0
1662032642.0876687,1223.0
1662032642.097264,1246.0
1662032642.1068885,1237.0
1662032642.116472,1260.0
1662032642.1260078,1209.0
1662032642.134329,1225.0
1662032642.1439452,1190.0
1662032642.153596,1272.0
1662032642.1631937,1215.0
1662032642.1728024,1269.0
1662032642.182341,1257.0
1662032642.1906035,1241.0
1662032642.2001958,1242.0
1662032642.2096922,1261.0
1662032642.21929,1258.0
1662032642.2289684,1251.0
1662032642.2372875,1235.0
1662032642.2468593,1238.0
1662032642.2564518,1213.0
1662032642.2661176,1216.0
1662032642.275698,1268.0
1662032642.2853794,1258.0
1662032642.2936542,1240.0
1662032642.3031397,1232.0
1662032642.3126752,1203.0
1662032642.3221877,1266.0
1662032642.3317125,1240.0
1662032642.3413513,1236.0
1662032642.3508806,1263.0
1662032642.3593678,1271.0
1662032642.36901,1233.0
1662032642.378626,1247.0
1662032642.3881156,1207.0
1662032642.3977478,1234.0
1662032642.405982,1224.0
1662032642.4155922,1245.0
1662032642.425107,1221.0
1662032642.4347048,1299.0
1662032642.4443226,1236.0
1662032642.4526331,1266.0
1662032642.462478,1251.0
1662032642.4721513,1231.0
1662032642.4817104,1233.0
1662032642.4913278,1256.0
1662032642.4995646,1229.0
1662032642.5090563,1262.0
1662032642.518742,1250.0
1662032642.5283868,1230.0
1662032642.5380278,1246.0
1662032642.5464094,1196.0
1662032642.556024,1259.0
1662032642.565661,1243.0
1662032642.575355,1276.0
1662032642.5849354,1249.0
1662032642.5932038,1295.0
1662032642.6027496,1221.0
1662032642.6123433,1225.0
1662032642.6219766,1257.0
1662032642.6315434,1217.0
1662032642.639848,1252.0
1662032642.6494322,1219.0
1662032642.6590104,1242.0
1662032642.6685624,1243.0
1662032642.678317,1265.0
1662032642.6878645,1217.0
1662032642.6960433,1233.0
1662032642.7055423,1266.0
1662032642.7151632,1229.0
1662032642.7248387,1257.0
1662032642.7344987,1241.0
1662032642.7428305,1247.0
1662032642.7525105,1278.0
1662032642.7621481,1237.0
1662032642.77179,1247.0
1662032642.781365,1212.0
1662032642.789553,1227.0
1662032642.7990904,1225.0
1662032642.808698,1248.0
1662032642.8182604,1249.0
1662032642.8277657,1228.0
1662032642.8374214,1234.0
1662032642.8470325,1248.0
1662032642.855353,1246.0
1662032642.8650885,1268.0
1662032642.8747115,1243.0
1662032642.8842673,1249.0
1662032642.8925421,1220.0
1662032642.902059,1232.0
1662032642.9115834,1236.0
1662032642.9211273,1246.0
1662032642.9307113,1197.0
1662032642.9403677,1265.0
1662032642.9487095,1216.0
1662032642.9584258,1218.0
1662032642.9680789,1205.0
1662032642.9777548,1263.0
1662032642.987389,1237.0
1662032642.9955833,1266.0
1662032643.0051618,1195.0
1662032643.0147328,1254.0
1662032643.0243554,1251.0
1662032643.033884,1226.0
1662032643.0435395,1211.0
1662032643.0517893,1253.0
1662032643.0616958,1236.0
1662032643.0713603,1246.0
1662032643.0809197,1206.0
1662032643.0891469,1263.0
1662032643.0987277,1279.0
1662032643.1083453,1237.0
1662032643.1178567,1272.0
1662032643.1274176,1274.0
1662032643.1370518,1231.0
1662032643.1454096,1257.0
1662032643.1549551,1210.0
1662032643.1646209,1270.0
1662032643.1743295,1240.0
1662032643.1838696,1225.0
1662032643.1922042,1280.0
1662032643.201876,1250.0
1662032643.2114348,1229.0
1662032643.221128,1222.0
1662032643.2306802,1196.0
1662032643.2402494,1217.0
1662032643.2485242,1246.0
1662032643.258094,1250.0
1662032643.2677734,1257.0
1662032643.2772741,1199.0
1662032643.2868714,1247.0
1662032643.295151,1268.0
1662032643.3047252,1220.0
1662032643.314248,1208.0
1662032643.3238375,1193.0
1662032643.3334239,1260.0
1662032643.343097,1246.0
1662032643.3513856,1244.0
1662032643.3609357,1250.0
1662032643.370595,1249.0
1662032643.380259,1251.0
1662032643.3898149,1232.0
1662032643.3992815,1197.0
1662032643.4087942,1256.0
1662032643.416999,1230.0
1662032643.4265168,1238.0
1662032643.4360816,1213.0
1662032643.4458318,1224.0
1662032643.4554658,1255.0
1662032643.4638343,1232.0
1662032643.4733737,1199.0
1662032643.48293,1231.0
1662032643.4925358,1216.0
1662032643.50223,1274.0
1662032643.5104837,1229.0
1662032643.5200315,1253.0
1662032643.5296288,1195.0
1662032643.539217,1262.0
1662032643.5488834,1230.0
1662032643.5585086,1240.0
1662032643.5668068,1210.0
1662032643.5764287,1256.0
1662032643.5860384,1217.0
1662032643.5955484,1230.0
1662032643.6051207,1238.0
1662032643.6146774,1237.0
1662032643.6228657,1199.0
1662032643.6325355,1241.0
1662032643.642264,1234.0
1662032643.651863,1254.0
1662032643.6615775,1236.0
1662032643.670252,1254.0
1662032643.6798804,1231.0
1662032643.6895676,1244.0
1662032643.697854,1204.0
1662032643.7073183,1217.0
1662032643.7169724,1229.0
1662032643.7265763,1237.0
1662032643.7360797,1261.0
1662032643.7457242,1216.0
1662032643.7539463,1206.0
1662032643.7636626,1202.0
1662032643.7732384,1216.0
1662032643.7829168,1210.0
1662032643.7924979,1211.0
1662032643.8006916,1247.0
1662032643.8102446,1225.0
1662032643.8198285,1230.0
1662032643.8293092,1263.0
1662032643.8389325,1227.0
1662032643.8485599,1251.0
1662032643.8568635,1210.0
1662032643.8665833,1242.0
1662032643.8762767,1242.0
1662032643.885823,1237.0
1662032643.8953857,1182.0
1662032643.9049475,1225.0
1662032643.9131503,1195.0
1662032643.9226155,1211.0
1662032643.9322321,1216.0
1662032643.941983,1220.0
1662032643.9515646,1199.0
1662032643.9598544,1166.0
1662032643.9695933,1227.0
1662032643.9792054,1162.0
1662032643.9889076,1215.0
1662032643.9985025,1190.0
1662032644.0067596,1205.0
1662032644.0164726,1196.0
1662032644.0260267,1202.0
1662032644.0355597,1160.0
1662032644.0452008,1229.0
1662032644.053499,1218.0
1662032644.0631754,1194.0
1662032644.072911,1203.0
1662032644.0825534,1174.0
1662032644.0908878,1164.0
1662032644.1004956,1220.0
1662032644.1101024,1227.0
1662032644.119695,1185.0
1662032644.1291902,1160.0
1662032644.138724,1188.0
1662032644.1483643,1181.0
1662032644.1565464,1201.0
1662032644.1661797,1191.0
1662032644.1758795,1206.0
1662032644.1854963,1166.0
1662032644.193855,1179.0
1662032644.2034554,1202.0
1662032644.212964,1166.0
1662032644.2225578,1234.0
1662032644.2321603,1194.0
1662032644.2416584,1191.0
1662032644.2512329,1184.0
1662032644.2594998,1160.0
1662032644.2694058,1214.0
1662032644.279058,1155.0
1662032644.288618,1186.0
1662032644.2968786,1215.0
1662032644.3065023,1162.0
1662032644.3160565,1177.0
1662032644.3255754,1213.0
1662032644.3351574,1172.0
1662032644.3447063,1167.0
1662032644.35299,1149.0
1662032644.362671,1168.0
1662032644.3725295,1190.0
1662032644.3820698,1152.0
1662032644.3916328,1173.0
1662032644.3998344,1173.0
1662032644.409341,1180.0
1662032644.4189007,1155.0
1662032644.42842,1162.0
1662032644.4379272,1171.0
1662032644.4476492,1159.0
1662032644.4572017,1174.0
1662032644.4663534,1157.0
1662032644.475129,1162.0
1662032644.484378,1175.0
1662032644.4944754,1189.0
1662032644.5039284,1140.0
1662032644.51223,1169.0
1662032644.5218327,1183.0
1662032644.5312643,1170.0
1662032644.5408595,1138.0
1662032644.5505602,1176.0
1662032644.5600903,1130.0
1662032644.568685,1135.0
1662032644.5782647,1147.0
1662032644.5878682,1167.0
1662032644.5973258,1123.0
1662032644.606935,1145.0
1662032644.6151586,1154.0
1662032644.6246564,1137.0
1662032644.634266,1153.0
1662032644.643877,1144.0
1662032644.6535451,1136.0
1662032644.663164,1134.0
1662032644.6716118,1162.0
1662032644.6813,1152.0
1662032644.691042,1122.0
1662032644.7005975,1122.0
1662032644.7088912,1128.0
1662032644.7186105,1135.0
1662032644.7282941,1156.0
1662032644.7378645,1140.0
1662032644.7462983,1148.0
1662032644.7559772,1154.0
1662032644.7657452,1089.0
1662032644.7752903,1153.0
1662032644.7835643,1121.0
1662032644.793064,1106.0
1662032644.8026206,1115.0
1662032644.8122525,1157.0
1662032644.8219128,1142.0
1662032644.831402,1141.0
1662032644.8410482,1139.0
1662032644.849299,1130.0
1662032644.85894,1112.0
1662032644.8687973,1126.0
1662032644.8783972,1116.0
1662032644.8866057,1136.0
1662032644.896273,1139.0
1662032644.9059064,1131.0
1662032644.9156294,1136.0
1662032644.925215,1134.0
1662032644.933509,1111.0
1662032644.9430149,1122.0
1662032644.9526215,1069.0
1662032644.9622927,1113.0
1662032644.9707868,1134.0
1662032644.980315,1112.0
1662032644.9898477,1087.0
1662032644.9994164,1120.0
1662032645.008932,1086.0
1662032645.0186682,1133.0
1662032645.0269635,1088.0
1662032645.0365424,1107.0
1662032645.0461786,1080.0
1662032645.0557594,1090.0
1662032645.0652957,1100.0
1662032645.0737834,1128.0
1662032645.0833077,1088.0
1662032645.0929668,1095.0
1662032645.1025581,1093.0
1662032645.1120923,1117.0
1662032645.1216962,1069.0
1662032645.1298995,1101.0
1662032645.1395578,1054.0
1662032645.149294,1072.0
1662032645.158963,1116.0
1662032645.1686387,1109.0
1662032645.1770163,1094.0
1662032645.1866074,1076.0
1662032645.1961336,1101.0
1662032645.2056887,1102.0
1662032645.2152503,1091.0
1662032645.2235441,1105.0
1662032645.2331023,1081.0
1662032645.2426896,1066.0
1662032645.2523375,1077.0
1662032645.261954,1087.0
1662032645.2704854,1098.0
1662032645.280028,1095.0
1662032645.289726,1060.0
1662032645.2993252,1082.0
1662032645.3088999,1082.0
1662032645.3184288,1102.0
1662032645.3265991,1090.0
1662032645.3363075,1096.0
1662032645.3459728,1064.0
1662032645.3556414,1074.0
1662032645.3652055,1082.0
1662032645.3735368,1090.0
1662032645.3831518,1064.0
1662032645.3928058,1089.0
1662032645.402336,1074.0
1662032645.4118435,1089.0
1662032645.4214334,1073.0
1662032645.4296489,1071.0
1662032645.439214,1053.0
1662032645.4487653,1055.0
1662032645.4584012,1060.0
1662032645.4681756,1060.0
1662032645.476467,1059.0
1662032645.4859977,1068.0
1662032645.495671,1094.0
1662032645.5052133,1068.0
1662032645.514851,1058.0
1662032645.5243578,1068.0
1662032645.5326655,1065.0
1662032645.5423183,1082.0
1662032645.5519996,1049.0
1662032645.5616066,1063.0
1662032645.570016,1093.0
1662032645.579792,1075.0
1662032645.5893059,1059.0
1662032645.5989792,1088.0
1662032645.608592,1051.0
1662032645.6168065,1073.0
1662032645.6263776,1059.0
1662032645.6359613,1066.0
1662032645.6457345,1016.0
1662032645.6554263,1082.0
1662032645.6636865,1039.0
1662032645.673402,1046.0
1662032645.6830397,1037.0
1662032645.6926346,1051.0
1662032645.7022593,1040.0
1662032645.7104733,1058.0
1662032645.720175,1034.0
1662032645.7297623,1054.0
1662032645.739344,1033.0
1662032645.7490263,1031.0
1662032645.757353,1018.0
1662032645.7669632,1048.0
1662032645.7767503,1048.0
1662032645.7864459,1014.0
1662032645.7946906,1022.0
1662032645.8042588,1023.0
1662032645.81385,1018.0
1662032645.8234875,1025.0
1662032645.8330112,1013.0
1662032645.8426626,1034.0
1662032645.8510404,1035.0
1662032645.8606935,1047.0
1662032645.8705454,1052.0
1662032645.880228,1019.0
1662032645.8884714,1007.0
1662032645.89802,1035.0
1662032645.9076185,1013.0
1662032645.917164,1013.0
1662032645.926675,1020.0
1662032645.9362268,1037.0
1662032645.945805,1026.0
1662032645.9540296,1024.0
1662032645.9636552,1026.0
1662032645.9732127,1003.0
1662032645.9827354,1024.0
1662032645.992275,1020.0
1662032646.0018322,1002.0
1662032646.011391,1039.0
1662032646.0196908,1025.0
1662032646.029292,1018.0
1662032646.038878,1008.0
1662032646.0484924,1034.0
1662032646.0580683,1006.0
1662032646.06773,1013.0
1662032646.0761685,991.0
1662032646.0857332,1022.0
1662032646.0953362,1018.0
1662032646.1048973,1014.0
1662032646.1144915,999.0
1662032646.1227956,1032.0
1662032646.1323655,1000.0
1662032646.1418924,988.0
1662032646.1516666,989.0
1662032646.1611955,1005.0
1662032646.1707785,997.0
1662032646.1790507,1013.0
1662032646.188663,999.0
1662032646.1982062,990.0
1662032646.2077472,981.0
1662032646.217429,1016.0
1662032646.227047,983.0
1662032646.2352238,977.0
1662032646.2448454,966.0
1662032646.2545307,1019.0
1662032646.2640502,1013.0
1662032646.2736979,983.0
1662032646.2819655,991.0
1662032646.2915597,970.0
1662032646.3010597,986.0
1662032646.310574,995.0
1662032646.3200843,1007.0
1662032646.3296854,974.0
1662032646.3393447,960.0
1662032646.3477285,975.0
1662032646.3573747,990.0
1662032646.367066,988.0
1662032646.3766947,999.0
1662032646.3864176,984.0
1662032646.3946517,971.0
1662032646.404196,970.0
1662032646.4137511,966.0
1662032646.4233322,979.0
1662032646.4330235,976.0
1662032646.442529,978.0
1662032646.4522145,985.0
1662032646.460545,959.0
1662032646.4700084,984.0
1662032646.4795938,973.0
1662032646.489186,984.0
1662032646.498734,974.0
1662032646.5084312,977.0
1662032646.5169349,995.0
1662032646.5264797,956.0
1662032646.5360565,985.0
1662032646.545741,968.0
1662032646.5553336,963.0
1662032646.563576,964.0
1662032646.573235,954.0
1662032646.582943,995.0
1662032646.592482,983.0
1662032646.6020343,993.0
1662032646.6115892,974.0
1662032646.6211278,971.0
1662032646.6293955,964.0
1662032646.638992,944.0
1662032646.6485853,960.0
1662032646.6582239,933.0
1662032646.6679611,963.0
1662032646.6764743,939.0
1662032646.6860914,938.0
1662032646.6957734,955.0
1662032646.705444,959.0
1662032646.7150276,938.0
1662032646.724566,938.0
1662032646.732923,963.0
1662032646.7424817,931.0
1662032646.752167,946.0
1662032646.7618673,940.0
1662032646.7702043,919.0
1662032646.7800312,955.0
1662032646.7896383,962.0
1662032646.79917,963.0
1662032646.8087115,940.0
1662032646.8182364,937.0
1662032646.8278022,919.0
1662032646.8362048,958.0
1662032646.8457606,931.0
1662032646.8553367,943.0
1662032646.8649054,933.0
1662032646.874663,939.0
1662032646.8844252,916.0
1662032646.8926911,945.0
1662032646.902178,943.0
1662032646.9118097,938.0
1662032646.9213367,926.0
1662032646.9308805,937.0
1662032646.9405315,910.0
1662032646.9502153,930.0
1662032646.9585457,950.0
1662032646.9681702,935.0
1662032646.9778411,922.0
1662032646.9874356,931.0
1662032646.997003,932.0
1662032647.0065448,938.0
1662032647.0147865,905.0
1662032647.0244098,909.0
1662032647.0340261,922.0
1662032647.0435176,929.0
1662032647.053234,901.0
1662032647.0628796,923.0
1662032647.0725698,941.0
1662032647.080863,907.0
1662032647.0904822,907.0
1662032647.1001613,905.0
1662032647.1097968,930.0
1662032647.1193705,902.0
1662032647.1289363,902.0
1662032647.1385038,913.0
1662032647.1468,906.0
1662032647.1564872,913.0
1662032647.1659765,903.0
1662032647.175847,875.0
1662032647.1855636,923.0
1662032647.193832,882.0
1662032647.203448,914.0
1662032647.2130203,900.0
1662032647.2225099,922.0
1662032647.2320187,904.0
1662032647.2416005,878.0
1662032647.2511897,902.0
1662032647.2595417,916.0
1662032647.2691748,885.0
1662032647.2790356,898.0
1662032647.2885954,887.0
1662032647.298174,908.0
1662032647.3077893,884.0
1662032647.3172526,890.0
1662032647.3254983,900.0
1662032647.335067,878.0
1662032647.34457,883.0
1662032647.3541865,895.0
1662032647.3639107,876.0
1662032647.3736646,893.0
1662032647.3832264,889.0
1662032647.3915327,902.0
1662032647.4011354,895.0
1662032647.4106076,891.0
1662032647.4201663,878.0
1662032647.429821,907.0
1662032647.43953,872.0
1662032647.449235,882.0
1662032647.457529,862.0
1662032647.467177,878.0
1662032647.4767566,879.0
1662032647.4862823,858.0
1662032647.4958823,871.0
1662032647.5054977,867.0
1662032647.5142808,873.0
1662032647.5245578,873.0
1662032647.5334082,883.0
1662032647.543116,850.0
1662032647.5526989,867.0
1662032647.5608988,866.0
1662032647.5705674,865.0
1662032647.580184,854.0
1662032647.589858,866.0
1662032647.5996208,843.0
1662032647.6079125,858.0
1662032647.6175218,861.0
1662032647.6270497,865.0
1662032647.6365275,848.0
1662032647.6461148,868.0
1662032647.6559045,869.0
1662032647.6655624,858.0
1662032647.6738048,869.0
1662032647.6833305,858.0
1662032647.6928725,855.0
1662032647.7024565,843.0
1662032647.711935,874.0
1662032647.7215533,835.0
1662032647.731039,838.0
1662032647.740528,857.0
1662032647.750183,838.0
1662032647.7598348,850.0
1662032647.768028,851.0
1662032647.7778528,842.0
1662032647.787372,847.0
1662032647.7968764,846.0
1662032647.806577,846.0
1662032647.816278,841.0
1662032647.8244889,863.0
1662032647.8341603,841.0
1662032647.8436782,827.0
1662032647.8532963,834.0
1662032647.8629124,825.0
1662032647.8726766,830.0
1662032647.881161,841.0
1662032647.8907044,826.0
1662032647.9003174,837.0
1662032647.9099782,816.0
1662032647.9195406,832.0
1662032647.9291794,822.0
1662032647.9386647,810.0
1662032647.946878,819.0
1662032647.9564872,836.0
1662032647.9660726,825.0
1662032647.9757183,824.0
1662032647.9853077,816.0
1662032647.9948258,809.0
1662032648.0044355,816.0
1662032648.0126932,815.0
1662032648.0222442,813.0
1662032648.0317752,794.0
1662032648.0413032,821.0
1662032648.0509253,798.0
1662032648.0605974,807.0
1662032648.0701923,823.0
1662032648.0786521,822.0
1662032648.0882137,798.0
1662032648.0977397,797.0
1662032648.1073096,808.0
1662032648.116899,809.0
1662032648.126456,796.0
1662032648.1360302,815.0
1662032648.145552,804.0
1662032648.153957,808.0
1662032648.163633,822.0
1662032648.1731732,788.0
1662032648.1829047,800.0
1662032648.1925497,811.0
1662032648.2022042,801.0
1662032648.2104743,788.0
1662032648.2200086,798.0
1662032648.2295597,793.0
1662032648.2391422,798.0
1662032648.2488563,803.0
1662032648.2585044,789.0
1662032648.2679386,796.0
1662032648.2775514,776.0
1662032648.2858794,791.0
1662032648.2954936,774.0
1662032648.3050265,768.0
1662032648.3145761,782.0
1662032648.3241663,788.0
1662032648.3336582,780.0
1662032648.3431861,783.0
1662032648.3528268,778.0
1662032648.3610919,775.0
1662032648.3706017,784.0
1662032648.3804817,781.0
1662032648.3900206,781.0
1662032648.399624,776.0
1662032648.40926,769.0
1662032648.4175255,794.0
1662032648.4270465,768.0
1662032648.4366236,774.0
1662032648.4462452,766.0
1662032648.4559362,776.0
1662032648.4655952,766.0
1662032648.4739742,768.0
1662032648.4838183,764.0
1662032648.4934604,760.0
1662032648.5029936,766.0
1662032648.5125558,769.0
1662032648.52205,771.0
1662032648.5316052,767.0
1662032648.5398648,767.0
1662032648.5494347,771.0
1662032648.559218,776.0
1662032648.5688334,758.0
1662032648.5784388,764.0
1662032648.588069,762.0
1662032648.5963092,766.0
1662032648.6058075,749.0
1662032648.6153314,752.0
1662032648.6249092,748.0
1662032648.634563,769.0
1662032648.6442516,767.0
1662032648.6539438,755.0
1662032648.662266,753.0
1662032648.6718693,749.0
1662032648.6816282,753.0
1662032648.691245,751.0
1662032648.7008355,759.0
1662032648.7104683,740.0
1662032648.718658,750.0
1662032648.7282515,739.0
1662032648.737887,743.0
1662032648.747463,755.0
1662032648.757114,753.0
1662032648.7668114,738.0
1662032648.776363,754.0
1662032648.784871,731.0
1662032648.7944763,735.0
1662032648.8041606,723.0
1662032648.81364,742.0
1662032648.8232663,737.0
1662032648.8328311,736.0
1662032648.841018,735.0
1662032648.8506432,732.0
1662032648.8602493,729.0
1662032648.8697903,727.0
1662032648.8795211,731.0
1662032648.889173,730.0
1662032648.8986776,739.0
1662032648.9069386,739.0
1662032648.9166133,726.0
1662032648.9262915,716.0
1662032648.9358373,726.0
1662032648.9455264,725.0
1662032648.9538615,722.0
1662032648.963436,730.0
1662032648.973024,710.0
1662032648.9827628,719.0
1662032648.9923453,702.0
1662032649.0019243,715.0
1662032649.0114176,708.0
1662032649.0209777,715.0
1662032649.0293217,719.0
1662032649.03891,706.0
1662032649.048469,704.0
1662032649.0581717,700.0
1662032649.067818,710.0
1662032649.07755,710.0
1662032649.0857863,694.0
1662032649.095388,712.0
1662032649.104994,706.0
1662032649.114613,708.0
1662032649.1242306,694.0
1662032649.1337886,704.0
1662032649.1433434,686.0
1662032649.1516988,703.0
1662032649.1613035,694.0
1662032649.1708527,696.0
1662032649.1806781,695.0
1662032649.190217,697.0
1662032649.199798,696.0
1662032649.2080445,693.0
1662032649.2176828,682.0
1662032649.2273142,687.0
1662032649.2368083,682.0
1662032649.2464476,699.0
1662032649.2560582,689.0
1662032649.2657113,692.0
1662032649.2740064,685.0
1662032649.2836893,692.0
1662032649.2933047,689.0
1662032649.3028116,691.0
1662032649.3124075,677.0
1662032649.321975,681.0
1662032649.3315535,683.0
1662032649.3397212,679.0
1662032649.3492074,676.0
1662032649.358787,687.0
1662032649.3683848,674.0
1662032649.3780231,675.0
1662032649.3877974,664.0
1662032649.3974326,673.0
1662032649.4056783,670.0
1662032649.4152718,673.0
1662032649.4248688,670.0
1662032649.4344633,669.0
1662032649.4439902,680.0
1662032649.4537077,670.0
1662032649.4632277,670.0
1662032649.4715223,659.0
1662032649.4812229,666.0
1662032649.4908037,668.0
1662032649.5003912,677.0
1662032649.5100274,664.0
1662032649.5198503,667.0
1662032649.5280137,657.0
1662032649.537498,655.0
1662032649.5471058,664.0
1662032649.5567918,662.0
1662032649.5664246,666.0
1662032649.576026,657.0
1662032649.5856028,655.0
1662032649.5939069,673.0
1662032649.6034777,657.0
1662032649.6130593,647.0
1662032649.6225834,654.0
1662032649.6322525,639.0
1662032649.641782,652.0
1662032649.6514192,657.0
1662032649.6598094,651.0
1662032649.6696634,648.0
1662032649.6794033,652.0
1662032649.6891036,640.0
1662032649.697401,648.0
1662032649.7069912,634.0
1662032649.716517,648.0
1662032649.7261019,645.0
1662032649.7356431,642.0
1662032649.7451303,641.0
1662032649.7547936,634.0
1662032649.7631228,644.0
1662032649.7727358,635.0
1662032649.7824874,629.0
1662032649.792122,635.0
1662032649.8017545,642.0
1662032649.8114493,636.0
1662032649.8196986,627.0
1662032649.8292482,636.0
1662032649.8388844,629.0
1662032649.8484905,626.0
1662032649.8581038,626.0
1662032649.8677485,624.0
1662032649.8760295,621.0
1662032649.8858116,626.0
1662032649.895399,617.0
1662032649.9050322,625.0
1662032649.9146442,619.0
1662032649.924164,617.0
1662032649.9324684,612.0
1662032649.942,613.0
1662032649.9517708,626.0
1662032649.9614892,614.0
1662032649.9710884,609.0
1662032649.9807987,615.0
1662032649.9890535,611.0
1662032649.9987812,609.0
1662032650.008421,617.0
1662032650.0179439,614.0
1662032650.0275562,614.0
1662032650.0370183,615.0
1662032650.0465307,600.0
1662032650.0548487,607.0
1662032650.064499,594.0
1662032650.0741014,603.0
1662032650.0838075,597.0
1662032650.0934105,597.0
1662032650.1028984,605.0
1662032650.11114,603.0
1662032650.1206985,600.0
1662032650.1302178,602.0
1662032650.1398137,594.0
1662032650.1494832,597.0
1662032650.1592164,590.0
1662032650.1675487,589.0
1662032650.1771193,593.0
1662032650.1867917,594.0
1662032650.1964252,588.0
1662032650.2061284,587.0
1662032650.2156594,585.0
1662032650.2251568,597.0
1662032650.2334895,596.0
1662032650.2430685,580.0
1662032650.2526715,578.0
1662032650.2622218,589.0
1662032650.2720003,578.0
1662032650.281656,590.0
1662032650.2900116,573.0
1662032650.299683,578.0
1662032650.309255,582.0
1662032650.3188763,577.0
1662032650.328509,578.0
1662032650.338112,578.0
1662032650.347519,587.0
1662032650.3557832,580.0
1662032650.3654373,570.0
1662032650.3750358,565.0
1662032650.3846838,579.0
1662032650.394238,567.0
1662032650.4038029,576.0
1662032650.4134653,581.0
1662032650.4216256,572.0
1662032650.431152,570.0
1662032650.4407215,556.0
1662032650.450212,565.0
1662032650.459788,561.0
1662032650.4695902,557.0
1662032650.4791644,564.0
1662032650.487575,561.0
1662032650.4971302,558.0
1662032650.5067968,557.0
1662032650.5164485,553.0
1662032650.5260785,554.0
1662032650.5343745,556.0
1662032650.5438778,557.0
1662032650.553534,547.0
1662032650.5631557,555.0
1662032650.5728176,549.0
1662032650.5824912,556.0
1662032650.5908442,551.0
1662032650.6004887,553.0
1662032650.6100364,547.0
1662032650.6196072,546.0
1662032650.6298811,542.0
1662032650.6385648,552.0
1662032650.648024,550.0
1662032650.6579695,540.0
1662032650.666206,537.0
1662032650.6757236,540.0
1662032650.6854386,537.0
1662032650.6949003,539.0
1662032650.7043815,533.0
1662032650.7138996,531.0
1662032650.7234812,533.0
1662032650.7330465,529.0
1662032650.7426212,534.0
1662032650.7508986,534.0
1662032650.7605581,534.0
1662032650.770204,530.0
1662032650.7798164,534.0
1662032650.788411,530.0
1662032650.7979288,526.0
1662032650.807528,524.0
1662032650.817027,527.0
1662032650.8265147,528.0
1662032650.8361373,531.0
1662032650.8457074,532.0
1662032650.85532,516.0
1662032650.8635945,523.0
1662032650.8731678,523.0
1662032650.8828583,520.0
1662032650.8925056,515.0
1662032650.902087,516.0
1662032650.9116895,521.0
1662032650.9213228,506.0
1662032650.929592,530.0
1662032650.939157,517.0
1662032650.9488602,510.0
1662032650.9585516,506.0
1662032650.9682066,511.0
1662032650.9765034,510.0
1662032650.986309,504.0
1662032650.9958482,499.0
1662032651.0054593,506.0
1662032651.0150702,499.0
1662032651.0246243,509.0
1662032651.03417,503.0
1662032651.0424263,509.0
1662032651.0519564,504.0
1662032651.0616689,505.0
1662032651.0713348,504.0
1662032651.0808887,497.0
1662032651.0905714,499.0
1662032651.0988655,498.0
1662032651.1086001,486.0
1662032651.1181788,499.0
1662032651.1277711,491.0
1662032651.1375122,489.0
1662032651.1469665,489.0
1662032651.1552043,488.0
1662032651.1649115,497.0
1662032651.1745424,486.0
1662032651.184143,482.0
1662032651.1937861,485.0
1662032651.203281,477.0
1662032651.2128613,493.0
1662032651.221234,486.0
1662032651.2307754,477.0
1662032651.240365,484.0
1662032651.2499242,480.0
1662032651.259561,479.0
1662032651.2691712,472.0
1662032651.27751,471.0
1662032651.287188,476.0
1662032651.2967227,476.0
1662032651.3064022,471.0
1662032651.3159773,465.0
1662032651.3254986,463.0
1662032651.3350093,471.0
1662032651.3432724,466.0
1662032651.3528926,469.0
1662032651.3625083,470.0
1662032651.3721411,467.0
1662032651.3816373,466.0
1662032651.3913271,469.0
1662032651.4009812,463.0
1662032651.4092164,461.0
1662032651.4187655,462.0
1662032651.4283454,462.0
1662032651.4379003,463.0
1662032651.447449,461.0
1662032651.45699,455.0
1662032651.466581,452.0
1662032651.4762485,454.0
1662032651.4844964,451.0
1662032651.4941783,454.0
1662032651.503717,461.0
1662032651.5132751,455.0
1662032651.5229146,453.0
1662032651.5325348,446.0
1662032651.5420473,451.0
1662032651.5502672,447.0
1662032651.5598514,446.0
1662032651.5695868,447.0
1662032651.5792632,447.0
1662032651.5889041,451.0
1662032651.598392,449.0
1662032651.6066217,436.0
1662032651.6162846,441.0
1662032651.6258488,441.0
1662032651.6353645,439.0
1662032651.6449323,438.0
1662032651.6546462,437.0
1662032651.6642385,433.0
1662032651.672547,442.0
1662032651.6821086,431.0
1662032651.6918566,434.0
1662032651.7016501,440.0
1662032651.7112489,431.0
1662032651.7207642,422.0
1662032651.7290392,426.0
1662032651.7386072,433.0
1662032651.7482185,427.0
1662032651.7579138,432.0
1662032651.7674935,423.0
1662032651.777053,422.0
1662032651.7867281,426.0
1662032651.7950602,427.0
1662032651.8045685,422.0
1662032651.8141656,419.0
1662032651.8237803,422.0
1662032651.833269,410.0
1662032651.8427753,416.0
1662032651.8524005,414.0
1662032651.8607774,415.0
1662032651.870293,414.0
1662032651.8798902,415.0
1662032651.889662,411.0
1662032651.899221,415.0
1662032651.90754,400.0
1662032651.9170992,411.0
1662032651.9266632,405.0
1662032651.9362586,405.0
1662032651.9458408,400.0
1662032651.9554958,407.0
1662032651.965096,405.0
1662032651.9734194,403.0
1662032651.9829245,396.0
1662032651.9926298,398.0
1662032652.0022707,391.0
1662032652.0119407,395.0
1662032652.0214715,395.0
1662032652.0310285,394.0
1662032652.0392487,391.0
1662032652.0488372,395.0
1662032652.0584183,390.0
1662032652.068064,397.0
1662032652.0776012,392.0
1662032652.0876036,388.0
1662032652.095855,390.0
1662032652.105438,387.0
1662032652.1149898,383.0
1662032652.124552,385.0
1662032652.1340811,387.0
1662032652.1436625,381.0
1662032652.1532986,386.0
1662032652.1616015,380.0
1662032652.1712666,385.0
1662032652.1808856,381.0
1662032652.1906087,378.0
1662032652.2002025,378.0
1662032652.208504,374.0
1662032652.2180703,373.0
1662032652.227614,367.0
1662032652.2372794,375.0
1662032652.246852,372.0
1662032652.2563837,367.0
1662032652.2660146,371.0
1662032652.2743366,368.0
1662032652.2839687,366.0
1662032652.2935965,367.0
1662032652.3031225,365.0
1662032652.3127332,360.0
1662032652.3222773,357.0
1662032652.3318949,368.0
1662032652.3400495,359.0
1662032652.3496048,362.0
1662032652.3591628,365.0
1662032652.3687663,361.0
1662032652.3783448,357.0
1662032652.3879302,359.0
1662032652.3974826,360.0
1662032652.405842,359.0
1662032652.4154162,353.0
1662032652.4249644,355.0
1662032652.4346044,351.0
1662032652.4441924,354.0
1662032652.4537451,356.0
1662032652.463404,347.0
1662032652.471726,348.0
1662032652.4813278,348.0
1662032652.491128,343.0
1662032652.5006406,347.0
1662032652.5102546,341.0
1662032652.5184813,346.0
1662032652.5280676,347.0
1662032652.5377192,341.0
1662032652.5473354,334.0
1662032652.5568924,338.0
1662032652.5664766,339.0
1662032652.5761569,335.0
1662032652.5843482,326.0
1662032652.5940402,332.0
1662032652.6037943,334.0
1662032652.6134155,328.0
1662032652.6230052,328.0
1662032652.6326032,323.0
1662032652.6421146,322.0
1662032652.6517098,325.0
1662032652.6613927,322.0
1662032652.670977,323.0
1662032652.6805713,319.0
1662032652.6904645,322.0
1662032652.7000916,320.0
1662032652.7097414,317.0
1662032652.7194326,318.0
1662032652.7290266,314.0
1662032652.7385824,310.0
1662032652.7481196,314.0
1662032652.7590723,317.0
1662032652.7687893,311.0
1662032652.7783723,305.0
1662032652.7882388,311.0
1662032652.7978122,306.0
1662032652.8074472,304.0
1662032652.817028,305.0
1662032652.8265488,307.0
1662032652.8374019,303.0
1662032652.84704,301.0
1662032652.8565168,302.0
1662032652.8661654,297.0
1662032652.8758786,300.0
1662032652.885432,293.0
1662032652.8953576,295.0
1662032652.9050004,294.0
1662032652.9159176,286.0
1662032652.925576,293.0
1662032652.9351778,292.0
1662032652.944746,290.0
1662032652.9543705,288.0
1662032652.9641047,290.0
1662032652.9737992,287.0
1662032652.9834607,281.0
1662032652.9930649,280.0
1662032653.0026343,280.0
1662032653.0135784,274.0
1662032653.0230775,281.0
1662032653.0326972,286.0
1662032653.0423558,277.0
1662032653.0520308,278.0
1662032653.061743,279.0
1662032653.0714214,275.0
1662032653.081016,279.0
1662032653.0906363,277.0
1662032653.100245,273.0
1662032653.1111681,277.0
1662032653.1207488,277.0
1662032653.1304507,278.0
1662032653.1401262,275.0
1662032653.1496818,276.0
1662032653.1592994,280.0
1662032653.168954,276.0
1662032653.178518,279.0
1662032653.1881685,278.0
1662032653.1981788,278.0
1662032653.2077794,276.0
1662032653.2173903,276.0
1662032653.2270443,279.0
1662032653.2365901,277.0
1662032653.2474709,280.0
1662032653.2570374,278.0
1662032653.2667546,281.0
1662032653.2765625,282.0
1662032653.2861443,285.0
1662032653.2958336,281.0
1662032653.3054612,284.0
1662032653.3150706,287.0
1662032653.3246453,287.0
1662032653.334333,286.0
1662032653.3438811,293.0
1662032653.3548145,290.0
1662032653.3644495,283.0
1662032653.3741176,282.0
1662032653.3837566,290.0
1662032653.3934863,286.0
1662032653.4030452,288.0
1662032653.4127357,280.0
1662032653.4223726,287.0
1662032653.4318697,283.0
1662032653.4415019,280.0
1662032653.4510558,288.0
1662032653.4618971,284.0
1662032653.4714353,285.0
1662032653.480955,279.0
1662032653.4904895,281.0
1662032653.5001824,284.0
1662032653.5097141,287.0
1662032653.5205576,287.0
1662032653.5301585,281.0
1662032653.5396762,284.0
1662032653.5491917,286.0
1662032653.5587542,283.0
1662032653.5683563,285.0
1662032653.5781264,280.0
1662032653.58774,287.0
1662032653.5975091,284.0
1662032653.6070423,283.0
1662032653.6179218,287.0
1662032653.6274416,283.0
1662032653.6370757,284.0
1662032653.6466043,282.0
1662032653.6562889,287.0
1662032653.6659687,284.0
1662032653.6755824,291.0
1662032653.6851346,287.0
1662032653.6949532,288.0
1662032653.704496,286.0
1662032653.7154605,286.0
1662032653.7250865,281.0
1662032653.7347422,283.0
1662032653.744218,285.0
1662032653.7537274,284.0
1662032653.763415,284.0
1662032653.7730758,283.0
1662032653.78334,286.0
1662032653.7936707,282.0
1662032653.802984,282.0
1662032653.8117647,285.0
1662032653.8215914,278.0
1662032653.8313437,286.0
1662032653.8414676,285.0
1662032653.85146,282.0
1662032653.8606591,287.0
1662032653.8708146,280.0
1662032653.881276,286.0
1662032653.8900242,281.0
1662032653.9003477,286.0
1662032653.9091957,281.0
1662032653.9192111,284.0
1662032653.9293873,288.0
1662032653.9394462,285.0
1662032653.948238,285.0
1662032653.9584274,284.0
1662032653.9685254,283.0
1662032653.9775321,283.0
1662032653.9878094,286.0
1662032653.9983728,282.0
1662032654.0071208,282.0
1662032654.0171702,284.0
1662032654.0274537,281.0
1662032654.0361109,284.0
1662032654.0461502,283.0
1662032654.056615,283.0
1662032654.0653114,278.0
1662032654.0753336,281.0
1662032654.0854743,288.0
1662032654.09538,283.0
1662032654.1040282,280.0
1662032654.1148307,283.0
1662032654.1236115,280.0
1662032654.133607,285.0
1662032654.14371,282.0
1662032654.1537356,284.0
1662032654.1638186,278.0
1662032654.1725013,286.0
1662032654.1831498,287.0
1662032654.1920981,285.0
1662032654.2021775,285.0
1662032654.211976,281.0
1662032654.2220213,284.0
1662032654.2317808,283.0
1662032654.2414765,282.0
1662032654.2512348,285.0
1662032654.2611527,287.0
1662032654.2709568,287.0
1662032654.280738,279.0
1662032654.2905297,289.0
1662032654.3003185,289.0
1662032654.3100793,282.0
1662032654.318646,284.0
1662032654.3286397,282.0
1662032654.3384078,283.0
1662032654.3481686,286.0
1662032654.3581753,288.0
1662032654.3681874,284.0
1662032654.378117,285.0
1662032654.3869894,282.0
1662032654.396921,283.0
1662032654.4068453,282.0
1662032654.4168634,282.0
1662032654.426796,286.0
1662032654.4367197,285.0
1662032654.4453342,286.0
1662032654.4551506,286.0
1662032654.4649022,282.0
1662032654.4748967,280.0
1662032654.485054,284.0
1662032654.494908,282.0
1662032654.5049446,284.0
1662032654.5136266,287.0
1662032654.52342,289.0
1662032654.533226,282.0
1662032654.543051,285.0
1662032654.5529313,282.0
1662032654.5628817,290.0
1662032654.5727432,286.0
1662032654.5828245,289.0
1662032654.592554,286.0
1662032654.6011612,284.0
1662032654.610961,287.0
1662032654.6207306,285.0
1662032654.630665,285.0
1662032654.6404994,281.0
1662032654.6503856,284.0
1662032654.6603017,283.0
1662032654.6700807,280.0
1662032654.6800141,285.0
1662032654.6889248,280.0
1662032654.6986132,281.0
1662032654.7083964,285.0
1662032654.718076,282.0
1662032654.7290792,285.0
1662032654.7388346,284.0
1662032654.7485023,281.0
1662032654.758283,282.0
1662032654.7680316,286.0
1662032654.777726,280.0
1662032654.7875261,278.0
1662032654.7962823,282.0
1662032654.8066902,281.0
1662032654.8164654,282.0
1662032654.8261392,282.0
1662032654.8358006,286.0
1662032654.8454814,285.0
1662032654.855173,280.0
1662032654.8649209,291.0
1662032654.8746238,283.0
1662032654.8842266,283.0
1662032654.8939145,280.0
1662032654.9035418,286.0
1662032654.9131517,284.0
1662032654.9227514,283.0
1662032654.933672,282.0
1662032654.943253,280.0
1662032654.9528491,284.0
1662032654.962389,280.0
1662032654.972015,283.0
1662032654.9817853,280.0
1662032654.9913926,284.0
1662032655.0010123,287.0
1662032655.0106542,286.0
1662032655.0202403,285.0
1662032655.0312967,284.0
1662032655.0409,283.0
1662032655.050473,286.0
1662032655.060059,283.0
1662032655.0698073,282.0
1662032655.0794501,287.0
1662032655.0891404,288.0
1662032655.0987563,284.0
1662032655.1084657,288.0
1662032655.1180754,281.0
1662032655.1277442,284.0
1662032655.1374245,283.0
1662032655.147014,285.0
1662032655.1579251,284.0
1662032655.1676462,284.0
1662032655.177461,281.0
1662032655.1870384,289.0
1662032655.196619,283.0
1662032655.2062564,285.0
1662032655.2159097,284.0
1662032655.225564,283.0
1662032655.2352488,285.0
1662032655.2448647,286.0
1662032655.254434,286.0
1662032655.2640302,282.0
1662032655.273775,286.0
1662032655.2834237,281.0
1662032655.294365,281.0
1662032655.3040748,287.0
1662032655.3137176,288.0
1662032655.3233316,283.0
1662032655.3329701,281.0
1662032655.3425362,287.0
1662032655.3520703,279.0
1662032655.3616848,286.0
1662032655.3714545,280.0
1662032655.3811917,283.0
1662032655.3908238,291.0
1662032655.400481,286.0
1662032655.4100726,282.0
1662032655.4209924,286.0
1662032655.4305613,281.0
1662032655.440192,283.0
1662032655.4498088,283.0
1662032655.459369,283.0
1662032655.468943,287.0
1662032655.4787583,285.0
1662032655.4883385,285.0
1662032655.4979582,286.0
1662032655.5088603,282.0
1662032655.518471,282.0
1662032655.5281646,284.0
1662032655.537802,285.0
1662032655.5473588,288.0
1662032655.5569396,287.0
1662032655.5665436,279.0
1662032655.576278,289.0
1662032655.5858471,282.0
1662032655.595431,287.0
1662032655.6050224,279.0
1662032655.6159225,284.0
1662032655.6255364,286.0
1662032655.635114,281.0
1662032655.644673,286.0
1662032655.6542485,282.0
1662032655.6638753,275.0
1662032655.6735287,286.0
1662032655.6832914,284.0
1662032655.6928794,285.0
1662032655.7024817,283.0
1662032655.7133677,280.0
1662032655.7231047,282.0
1662032655.7327056,291.0
1662032655.7422776,280.0
1662032655.7518404,289.0
1662032655.7614071,292.0
1662032655.7709832,294.0
1662032655.7807322,291.0
1662032655.7903302,297.0
1662032655.799928,297.0
1662032655.810855,299.0
1662032655.8204668,300.0
1662032655.8300269,308.0
1662032655.839653,307.0
1662032655.8492167,306.0
1662032655.858757,307.0
1662032655.8683484,309.0
1662032655.878201,309.0
1662032655.8877738,312.0
1662032655.8987274,303.0
1662032655.9083426,305.0
1662032655.9179013,307.0
1662032655.9274817,309.0
1662032655.937047,303.0
1662032655.9466217,310.0
1662032655.9562225,309.0
1662032655.9671597,311.0
1662032655.9768322,312.0
1662032655.9864352,316.0
1662032655.9960258,316.0
1662032656.005694,315.0
1662032656.0153422,317.0
1662032656.02498,324.0
1662032656.0346465,323.0
1662032656.0442214,325.0
1662032656.0551932,326.0
1662032656.0634594,325.0
1662032656.0731347,326.0
1662032656.0828502,332.0
1662032656.092501,333.0
1662032656.1020687,338.0
1662032656.1103601,329.0
1662032656.1199572,331.0
1662032656.1295846,337.0
1662032656.1392043,332.0
1662032656.1488872,332.0
1662032656.1584878,340.0
1662032656.1667528,338.0
1662032656.1765316,337.0
1662032656.1861024,337.0
1662032656.1957355,341.0
1662032656.2054005,341.0
1662032656.2136788,341.0
1662032656.2233512,344.0
1662032656.2330313,339.0
1662032656.2427163,342.0
1662032656.2523844,350.0
1662032656.260704,350.0
1662032656.270388,349.0
1662032656.280108,349.0
1662032656.2897265,356.0
1662032656.2993999,355.0
1662032656.307745,355.0
1662032656.3173862,356.0
1662032656.3270838,363.0
1662032656.3367295,358.0
1662032656.346355,364.0
1662032656.354679,359.0
1662032656.3643055,360.0
1662032656.3740885,362.0
1662032656.3838792,363.0
1662032656.3935096,360.0
1662032656.4017804,361.0
1662032656.4113941,365.0
1662032656.4210124,363.0
1662032656.4306486,368.0
1662032656.440278,365.0
1662032656.4498568,367.0
1662032656.458182,367.0
1662032656.467766,369.0
1662032656.4774306,369.0
1662032656.4870582,367.0
1662032656.4967012,366.0
1662032656.505028,371.0
1662032656.5146527,377.0
1662032656.5243108,373.0
1662032656.5340097,379.0
1662032656.543558,376.0
1662032656.55316,385.0
1662032656.5627334,380.0
1662032656.5710816,379.0
1662032656.5807176,381.0
1662032656.5903857,385.0
1662032656.6000957,382.0
1662032656.60975,382.0
1662032656.6181154,382.0
1662032656.6278539,390.0
1662032656.6374502,385.0
1662032656.647046,390.0
1662032656.6566865,395.0
1662032656.6650217,394.0
1662032656.6746788,389.0
1662032656.6844263,387.0
1662032656.6940806,387.0
1662032656.7036946,392.0
1662032656.711985,388.0
1662032656.721633,394.0
1662032656.7312381,396.0
1662032656.74097,402.0
1662032656.750572,393.0
1662032656.7601192,400.0
1662032656.7684784,398.0
1662032656.7781188,403.0
1662032656.7877574,408.0
1662032656.7974298,402.0
1662032656.8070493,404.0
1662032656.8165915,403.0
1662032656.8248,409.0
1662032656.8345075,409.0
1662032656.844095,409.0
1662032656.853701,416.0
1662032656.8633149,412.0
1662032656.8729045,413.0
1662032656.8813095,415.0
1662032656.890914,414.0
1662032656.9005008,418.0
1662032656.9100885,420.0
1662032656.919653,414.0
1662032656.9292607,416.0
1662032656.9388647,417.0
1662032656.9471445,421.0
1662032656.9567814,428.0
1662032656.966392,418.0
1662032656.976049,423.0
1662032656.9851487,429.0
1662032656.9953027,424.0
1662032657.003813,425.0
1662032657.0135214,423.0
1662032657.0227456,429.0
1662032657.0320492,430.0
1662032657.0414402,427.0
1662032657.0506413,428.0
1662032657.0610132,425.0
1662032657.0699558,439.0
1662032657.0787294,437.0
1662032657.08926,428.0
1662032657.0982735,432.0
1662032657.107214,433.0
1662032657.1166775,434.0
1662032657.1265001,442.0
1662032657.1361692,439.0
1662032657.144444,441.0
1662032657.154101,446.0
1662032657.163858,441.0
1662032657.1728878,448.0
1662032657.1833627,448.0
1662032657.1924722,447.0
1662032657.2016058,445.0
1662032657.211015,451.0
1662032657.2200272,447.0
1662032657.2304194,453.0
1662032657.2391963,442.0
1662032657.2492359,462.0
1662032657.2578745,450.0
1662032657.2679112,453.0
1662032657.276289,451.0
1662032657.2860463,461.0
1662032657.2957928,458.0
1662032657.3055615,460.0
1662032657.3139474,454.0
1662032657.32365,458.0
1662032657.3336165,456.0
1662032657.342019,460.0
1662032657.351704,463.0
1662032657.3613663,463.0
1662032657.3711035,460.0
1662032657.3809123,467.0
1662032657.3892457,466.0
1662032657.399073,464.0
1662032657.408888,470.0
1662032657.4185965,462.0
1662032657.4273381,470.0
1662032657.4370103,469.0
1662032657.446658,477.0
1662032657.455,469.0
1662032657.4646618,474.0
1662032657.4744575,470.0
1662032657.4831998,475.0
1662032657.4929957,479.0
1662032657.5025632,473.0
1662032657.5125048,478.0
1662032657.5209024,478.0
1662032657.5308762,484.0
1662032657.540523,478.0
1662032657.5502477,482.0
1662032657.5585968,477.0
1662032657.5686371,478.0
1662032657.5783873,479.0
1662032657.5868556,479.0
1662032657.5965855,482.0
1662032657.6068065,484.0
1662032657.6152306,490.0
1662032657.624965,483.0
1662032657.634684,483.0
1662032657.6430442,487.0
1662032657.6527553,490.0
1662032657.6624339,495.0
1662032657.6720586,494.0
1662032657.6817427,492.0
1662032657.6911602,486.0
1662032657.7004945,501.0
1662032657.7099662,497.0
1662032657.71833,498.0
1662032657.7280483,487.0
1662032657.7379575,499.0
1662032657.746512,499.0
1662032657.7564597,510.0
1662032657.7663357,504.0
1662032657.7752705,507.0
1662032657.7841713,504.0
1662032657.7942302,502.0
1662032657.804589,503.0
1662032657.813434,501.0
1662032657.8220134,511.0
1662032657.8319056,507.0
1662032657.840859,511.0
1662032657.8509893,513.0
1662032657.8597178,507.0
1662032657.86982,512.0
1662032657.8786232,503.0
1662032657.8886464,518.0
1662032657.8972447,517.0
1662032657.907564,518.0
1662032657.9162233,509.0
1662032657.9260447,521.0
1662032657.9358816,518.0
1662032657.9447398,517.0
1662032657.9534914,527.0
1662032657.9634328,524.0
1662032657.9733386,515.0
1662032657.9820943,521.0
1662032657.9919763,515.0
1662032658.0006354,531.0
1662032658.0109522,533.0
1662032658.0195274,527.0
1662032658.029828,534.0
1662032658.0383492,526.0
1662032658.0483756,533.0
1662032658.0573263,539.0
1662032658.0675683,529.0
1662032658.076341,538.0
1662032658.08512,537.0
1662032658.0950933,540.0
1662032658.1051354,544.0
1662032658.1137226,541.0
1662032658.1237617,538.0
1662032658.1322846,543.0
1662032658.1421697,532.0
1662032658.1510491,542.0
1662032658.1609373,547.0
1662032658.1709936,543.0
1662032658.1796165,552.0
1662032658.189571,547.0
1662032658.1982408,547.0
1662032658.2082443,550.0
1662032658.2169058,542.0
1662032658.2269213,551.0
1662032658.237254,552.0
1662032658.2457917,547.0
1662032658.255529,552.0
1662032658.263953,557.0
1662032658.2737253,544.0
1662032658.283472,562.0
1662032658.293152,556.0
1662032658.3015149,556.0
1662032658.3111088,552.0
1662032658.3206615,563.0
1662032658.330243,555.0
1662032658.339871,566.0
1662032658.3495867,564.0
1662032658.3579319,564.0
1662032658.3676355,556.0
1662032658.3773842,566.0
1662032658.3870077,570.0
1662032658.396598,563.0
1662032658.4050848,567.0
1662032658.4148903,576.0
1662032658.4246848,568.0
1662032658.434468,572.0
1662032658.4430103,572.0
1662032658.4528036,573.0
1662032658.4627154,576.0
1662032658.4711373,576.0
1662032658.4812033,578.0
1662032658.4896195,579.0
1662032658.4995522,573.0
1662032658.5093305,582.0
1662032658.5177984,572.0
1662032658.5275254,573.0
1662032658.5374086,570.0
1662032658.5472224,591.0
1662032658.5555463,577.0
1662032658.5653312,585.0
1662032658.5753455,575.0
1662032658.5837467,592.0
1662032658.5935628,588.0
1662032658.6032615,580.0
1662032658.6130264,589.0
1662032658.6214283,594.0
1662032658.6311808,598.0
1662032658.6409016,595.0
1662032658.6507995,598.0
1662032658.6591964,593.0
1662032658.6690361,596.0
1662032658.678896,599.0
1662032658.6874428,600.0
1662032658.6972091,605.0
1662032658.7069345,601.0
1662032658.7166493,606.0
1662032658.7253158,603.0
1662032658.7350674,615.0
1662032658.744827,605.0
1662032658.7531955,610.0
1662032658.7629442,612.0
1662032658.7727835,610.0
1662032658.781351,607.0
1662032658.7911587,610.0
1662032658.8010445,609.0
1662032658.8094184,615.0
1662032658.8191597,604.0
1662032658.8288689,609.0
1662032658.8387814,613.0
1662032658.8471956,621.0
1662032658.8570921,615.0
1662032658.867153,616.0
1662032658.8757043,613.0
1662032658.885588,625.0
1662032658.8940597,620.0
1662032658.903834,627.0
1662032658.9137282,619.0
1662032658.9234428,621.0
1662032658.9319334,623.0
1662032658.9417672,620.0
1662032658.951583,628.0
1662032658.9600563,636.0
1662032658.9699044,632.0
1662032658.9798775,630.0
1662032658.9884393,627.0
1662032658.99819,626.0
1662032659.0078893,623.0
1662032659.0164254,640.0
1662032659.0263438,622.0
1662032659.036196,631.0
1662032659.044811,637.0
1662032659.0549448,646.0
1662032659.0637312,637.0
1662032659.0737789,632.0
1662032659.0824358,637.0
1662032659.0921283,652.0
1662032659.1020296,652.0
1662032659.1106074,642.0
