1658409205.4740415,888.0
1658409205.4934807,886.0
1658409205.5114815,894.0
1658409205.5311956,885.0
1658409205.5507057,895.0
1658409205.5695293,895.0
1658409205.589384,887.0
1658409205.6088047,890.0
1658409205.62835,902.0
1658409205.6471245,889.0
1658409205.6658845,898.0
1658409205.6859832,887.0
1658409205.7044332,895.0
1658409205.7234573,888.0
1658409205.7438993,891.0
1658409205.7627144,905.0
1658409205.7822518,892.0
1658409205.8013678,899.0
1658409205.820689,897.0
1658409205.8398201,887.0
1658409205.8590846,896.0
1658409205.8787167,886.0
1658409205.8976848,886.0
1658409205.9167035,881.0
1658409205.9356055,906.0
1658409205.9557562,902.0
1658409205.9749005,890.0
1658409205.994094,898.0
1658409206.0131433,892.0
1658409206.0320945,895.0
1658409206.0521452,894.0
1658409206.0713778,902.0
1658409206.0897622,889.0
1658409206.1097558,899.0
1658409206.1296186,897.0
1658409206.148052,892.0
1658409206.1675637,900.0
1658409206.1874254,895.0
1658409206.2059534,889.0
1658409206.2257009,897.0
1658409206.2441285,895.0
1658409206.263177,899.0
1658409206.2827184,895.0
1658409206.3016124,886.0
1658409206.3219798,889.0
1658409206.340559,891.0
1658409206.3602777,896.0
1658409206.3801413,893.0
1658409206.3985784,893.0
1658409206.4182212,896.0
1658409206.4377115,888.0
1658409206.4558625,899.0
1658409206.4767356,889.0
1658409206.496037,897.0
1658409206.5138528,894.0
1658409206.5338197,887.0
1658409206.5526514,900.0
1658409206.571807,898.0
1658409206.5914876,895.0
1658409206.6115408,895.0
1658409206.6296015,889.0
1658409206.6491,889.0
1658409206.668581,885.0
1658409206.6875963,902.0
1658409206.7067897,900.0
1658409206.7267282,894.0
1658409206.746006,892.0
1658409206.7653997,896.0
1658409206.7841933,891.0
1658409206.8035533,901.0
1658409206.8227339,891.0
1658409206.8421247,885.0
1658409206.8616962,886.0
1658409206.880223,895.0
1658409206.8996634,888.0
1658409206.9191406,885.0
1658409206.938278,890.0
1658409206.957592,881.0
1658409206.977162,889.0
1658409206.9966,892.0
1658409207.0150323,889.0
1658409207.0342462,906.0
1658409207.0535336,888.0
1658409207.0728865,885.0
1658409207.092169,884.0
1658409207.1119277,887.0
1658409207.1313255,890.0
1658409207.1505373,896.0
1658409207.1698284,884.0
1658409207.1892178,904.0
1658409207.208537,899.0
1658409207.2279453,887.0
1658409207.2472057,888.0
1658409207.2664685,888.0
1658409207.2845,893.0
1658409207.303779,884.0
1658409207.3232763,894.0
1658409207.342721,893.0
1658409207.362179,889.0
1658409207.3815472,893.0
1658409207.4010108,891.0
1658409207.4203556,882.0
1658409207.43953,898.0
1658409207.4587147,888.0
1658409207.478336,892.0
1658409207.4976373,889.0
1658409207.5161257,893.0
1658409207.535347,895.0
1658409207.554696,895.0
1658409207.5741131,891.0
1658409207.5937006,906.0
1658409207.6133637,906.0
1658409207.6325545,900.0
1658409207.6516736,911.0
1658409207.6709156,891.0
1658409207.6902373,884.0
1658409207.7098129,906.0
1658409207.728064,886.0
1658409207.747354,908.0
1658409207.7669637,889.0
1658409207.7863412,897.0
1658409207.8055878,896.0
1658409207.8247578,902.0
1658409207.844607,894.0
1658409207.8626957,882.0
1658409207.8820665,881.0
1658409207.9015179,905.0
1658409207.920744,897.0
1658409207.9400458,888.0
1658409207.9593587,889.0
1658409207.9787614,891.0
1658409207.9980578,900.0
1658409208.0176733,889.0
1658409208.036896,908.0
1658409208.0561566,891.0
1658409208.0753698,894.0
1658409208.0950818,895.0
1658409208.11326,887.0
1658409208.13373,891.0
1658409208.1529672,892.0
1658409208.1710215,887.0
1658409208.1903656,888.0
1658409208.2101014,893.0
1658409208.2297337,891.0
1658409208.2489917,897.0
1658409208.2683318,878.0
1658409208.2876728,880.0
1658409208.3069522,896.0
1658409208.3265042,901.0
1658409208.3446927,886.0
1658409208.3639574,889.0
1658409208.3833501,900.0
1658409208.402745,898.0
1658409208.4223745,895.0
1658409208.4417882,895.0
1658409208.4612353,894.0
1658409208.4804714,896.0
1658409208.4996765,900.0
1658409208.5190673,899.0
1658409208.5382717,886.0
1658409208.5574095,887.0
1658409208.5770006,894.0
1658409208.5950243,894.0
1658409208.6146138,897.0
1658409208.6338248,895.0
1658409208.652975,881.0
1658409208.6723328,896.0
1658409208.692692,897.0
1658409208.7116983,893.0
1658409208.7314048,895.0
1658409208.7493424,882.0
1658409208.7684412,894.0
1658409208.7885683,893.0
1658409208.8081095,886.0
1658409208.8268425,899.0
1658409208.8466852,901.0
1658409208.8648002,892.0
1658409208.8845406,896.0
1658409208.9045372,894.0
1658409208.92314,892.0
1658409208.9419305,885.0
1658409208.9627175,886.0
1658409208.9817688,887.0
1658409209.000163,881.0
1658409209.0200582,890.0
1658409209.039027,894.0
1658409209.0582619,889.0
1658409209.0782087,894.0
1658409209.0966277,891.0
1658409209.1164458,892.0
1658409209.1349943,895.0
1658409209.1549644,905.0
1658409209.1736069,895.0
1658409209.1936655,892.0
1658409209.2132192,892.0
1658409209.2316198,882.0
1658409209.250233,891.0
1658409209.270202,900.0
1658409209.2906008,894.0
1658409209.307888,880.0
1658409209.3280551,895.0
1658409209.3468132,900.0
1658409209.3669386,891.0
1658409209.3855565,886.0
1658409209.405288,889.0
1658409209.4247963,883.0
1658409209.4446273,904.0
1658409209.463419,895.0
1658409209.4826622,891.0
1658409209.5014837,896.0
1658409209.5199013,893.0
1658409209.5397623,886.0
1658409209.5601625,902.0
1658409209.578823,904.0
1658409209.597376,891.0
1658409209.6175554,886.0
1658409209.6363993,894.0
1658409209.655033,897.0
1658409209.6750607,897.0
1658409209.6941602,895.0
1658409209.713958,899.0
1658409209.7320683,888.0
1658409209.75155,898.0
1658409209.771702,884.0
1658409209.7913628,892.0
1658409209.809341,890.0
1658409209.8291755,887.0
1658409209.8477528,896.0
1658409209.8676605,897.0
1658409209.886397,887.0
1658409209.9055755,905.0
1658409209.9245415,888.0
1658409209.9450705,897.0
1658409209.9640174,909.0
1658409209.9827645,895.0
1658409210.0025868,901.0
1658409210.021426,886.0
1658409210.0402462,892.0
1658409210.0604854,891.0
1658409210.0791638,899.0
1658409210.0991588,886.0
1658409210.1179128,888.0
1658409210.1366441,895.0
1658409210.1563277,892.0
1658409210.1762686,896.0
1658409210.1952484,896.0
1658409210.2141137,891.0
1658409210.2339644,894.0
1658409210.2534115,897.0
1658409210.2718873,889.0
1658409210.2915425,893.0
1658409210.3104408,894.0
1658409210.3303776,892.0
1658409210.3489728,893.0
1658409210.3685606,883.0
1658409210.3871958,893.0
1658409210.4070706,887.0
1658409210.4257572,877.0
1658409210.445961,900.0
1658409210.4645672,889.0
1658409210.4844382,886.0
1658409210.5031178,892.0
1658409210.5231674,895.0
1658409210.541619,889.0
1658409210.5617871,899.0
1658409210.5804062,889.0
1658409210.599131,898.0
1658409210.619132,890.0
1658409210.638785,892.0
1658409210.6572878,882.0
1658409210.6771567,887.0
1658409210.6958628,892.0
1658409210.7157896,881.0
1658409210.7341845,898.0
1658409210.7540388,884.0
1658409210.7728028,879.0
1658409210.7927973,900.0
1658409210.8117902,896.0
1658409210.831506,890.0
1658409210.8508532,891.0
1658409210.869595,898.0
1658409210.8894758,891.0
1658409210.908487,887.0
1658409210.9273143,905.0
1658409210.9460416,898.0
1658409210.9659362,891.0
1658409210.984531,895.0
1658409211.00469,904.0
1658409211.023163,884.0
1658409211.0432312,907.0
1658409211.061831,904.0
1658409211.0817015,895.0
1658409211.100886,889.0
1658409211.119602,890.0
1658409211.1396158,891.0
1658409211.157961,893.0
1658409211.178294,893.0
1658409211.1972237,890.0
1658409211.2158887,898.0
1658409211.2359846,897.0
1658409211.2547038,896.0
1658409211.2745757,901.0
1658409211.2933939,895.0
1658409211.3122325,900.0
1658409211.3324285,890.0
1658409211.3506684,896.0
1658409211.3703935,887.0
1658409211.3892605,892.0
1658409211.4098287,901.0
1658409211.4285867,891.0
1658409211.4471633,884.0
1658409211.467533,886.0
1658409211.4860547,894.0
1658409211.5059717,890.0
1658409211.524771,892.0
1658409211.5432603,905.0
1658409211.5632443,892.0
1658409211.5819964,892.0
1658409211.602074,903.0
1658409211.6206288,892.0
1658409211.6405346,895.0
1658409211.6605945,900.0
1658409211.679164,887.0
1658409211.6980934,894.0
1658409211.7179265,903.0
1658409211.7360525,887.0
1658409211.755345,902.0
1658409211.77501,893.0
1658409211.794125,888.0
1658409211.8136322,899.0
1658409211.8328173,905.0
1658409211.8520691,898.0
1658409211.8713365,907.0
1658409211.8906941,890.0
1658409211.9107327,892.0
1658409211.9294221,894.0
1658409211.9484582,894.0
1658409211.967622,888.0
1658409211.9866865,900.0
1658409212.0058663,901.0
1658409212.0249927,890.0
1658409212.0444188,891.0
1658409212.0648062,894.0
1658409212.0837781,887.0
1658409212.1029475,896.0
1658409212.1221294,902.0
1658409212.141348,894.0
1658409212.1605604,892.0
1658409212.1798532,887.0
1658409212.1989186,887.0
1658409212.218337,897.0
1658409212.237342,891.0
1658409212.256398,891.0
1658409212.276827,899.0
1658409212.294849,894.0
1658409212.314282,890.0
1658409212.33349,903.0
1658409212.3538187,894.0
1658409212.3729887,889.0
1658409212.3921251,893.0
1658409212.411583,891.0
1658409212.430865,902.0
1658409212.4498484,885.0
1658409212.468983,890.0
1658409212.4880695,889.0
1658409212.507316,897.0
1658409212.5267315,891.0
1658409212.5459247,893.0
1658409212.5650508,886.0
1658409212.5840826,899.0
1658409212.6032274,889.0
1658409212.622471,903.0
1658409212.642969,900.0
1658409212.6610322,886.0
1658409212.681442,891.0
1658409212.7003596,885.0
1658409212.7191603,896.0
1658409212.7390876,892.0
1658409212.7576668,894.0
1658409212.7767859,893.0
1658409212.7969036,896.0
1658409212.8161132,888.0
1658409212.835168,893.0
1658409212.8546536,895.0
1658409212.8738077,897.0
1658409212.89308,900.0
1658409212.912821,903.0
1658409212.9319048,889.0
1658409212.9508743,904.0
1658409212.9700432,894.0
1658409212.9890723,901.0
1658409213.0083032,895.0
1658409213.0276752,895.0
1658409213.0468225,887.0
1658409213.0660164,889.0
1658409213.0850286,888.0
1658409213.1041481,885.0
1658409213.123387,884.0
1658409213.144102,892.0
1658409213.1632278,891.0
1658409213.1824114,902.0
1658409213.201623,892.0
1658409213.2198937,899.0
1658409213.2393992,900.0
1658409213.2584634,887.0
1658409213.2778232,892.0
1658409213.296968,895.0
1658409213.316141,887.0
1658409213.336518,900.0
1658409213.35576,890.0
1658409213.3747978,889.0
1658409213.3942068,891.0
1658409213.4137905,898.0
1658409213.4329367,894.0
1658409213.4520748,896.0
1658409213.4711084,894.0
1658409213.4902442,893.0
1658409213.5095894,893.0
1658409213.5289261,885.0
1658409213.5481462,882.0
1658409213.5674436,893.0
1658409213.586579,894.0
1658409213.6059117,891.0
1658409213.6252294,886.0
1658409213.644707,886.0
1658409213.6638265,891.0
1658409213.683034,902.0
1658409213.7022657,896.0
1658409213.7216873,897.0
1658409213.7408829,895.0
1658409213.7602525,899.0
1658409213.7799184,892.0
1658409213.799083,887.0
1658409213.8184896,891.0
1658409213.8364356,891.0
1658409213.8558092,887.0
1658409213.8750057,890.0
1658409213.8956492,903.0
1658409213.9136057,887.0
1658409213.9339921,893.0
1658409213.9531715,897.0
1658409213.9724438,897.0
1658409213.9916027,888.0
1658409214.0111694,899.0
1658409214.030317,898.0
1658409214.0494828,905.0
1658409214.068469,886.0
1658409214.0876143,886.0
1658409214.1067753,889.0
1658409214.1261914,890.0
1658409214.1457734,892.0
1658409214.165144,902.0
1658409214.1842601,890.0
1658409214.2032223,892.0
1658409214.2225804,892.0
1658409214.2416894,894.0
1658409214.2610774,896.0
1658409214.280241,878.0
1658409214.2994878,898.0
1658409214.318922,876.0
1658409214.3380663,895.0
1658409214.357225,879.0
1658409214.3765688,892.0
1658409214.3959723,888.0
1658409214.4152336,900.0
1658409214.4344544,887.0
1658409214.4536304,896.0
1658409214.4728916,890.0
1658409214.4920485,898.0
1658409214.5115173,884.0
1658409214.5307276,888.0
1658409214.550017,898.0
1658409214.5693588,895.0
1658409214.5886154,887.0
1658409214.6084414,887.0
1658409214.6268907,891.0
1658409214.6463606,890.0
1658409214.6655738,898.0
1658409214.6852403,890.0
1658409214.704692,891.0
1658409214.7231662,891.0
1658409214.7425458,897.0
1658409214.7618022,897.0
1658409214.7814543,886.0
1658409214.8014398,894.0
1658409214.8195624,906.0
1658409214.8399327,895.0
1658409214.857809,892.0
1658409214.877502,892.0
1658409214.8969884,899.0
1658409214.9163575,897.0
1658409214.9356184,889.0
1658409214.954771,898.0
1658409214.9738786,885.0
1658409214.9937222,890.0
1658409215.0131633,891.0
1658409215.0312157,899.0
1658409215.0516262,904.0
1658409215.0708632,890.0
1658409215.0899525,895.0
1658409215.1090286,889.0
1658409215.1285686,900.0
1658409215.1478102,885.0
1658409215.1668317,885.0
1658409215.1858685,894.0
1658409215.2049656,884.0
1658409215.2242854,890.0
1658409215.2439709,890.0
1658409215.263114,890.0
1658409215.282186,895.0
1658409215.3014956,901.0
1658409215.3207831,897.0
1658409215.3399732,891.0
1658409215.3590574,899.0
1658409215.3787634,892.0
1658409215.3978474,887.0
1658409215.4171767,895.0
1658409215.4364653,899.0
1658409215.4556477,889.0
1658409215.4748027,892.0
1658409215.4941149,893.0
1658409215.5134969,898.0
1658409215.532689,889.0
1658409215.551825,884.0
1658409215.5709763,892.0
1658409215.5900621,888.0
1658409215.6107779,893.0
1658409215.6290987,886.0
1658409215.6482666,885.0
1658409215.6673532,900.0
1658409215.6866083,892.0
1658409215.7056231,889.0
1658409215.72501,896.0
1658409215.7445405,889.0
1658409215.7638366,899.0
1658409215.7833636,902.0
1658409215.8024461,900.0
1658409215.8218975,888.0
1658409215.8410394,890.0
1658409215.86056,892.0
1658409215.8797085,888.0
1658409215.8991575,894.0
1658409215.9186718,895.0
1658409215.9378061,886.0
1658409215.9569476,888.0
1658409215.9761531,887.0
1658409215.995547,895.0
1658409216.0151215,899.0
1658409216.0344586,888.0
1658409216.0536218,882.0
1658409216.072808,891.0
1658409216.0920005,889.0
1658409216.1113803,890.0
1658409216.1305091,894.0
1658409216.1495209,890.0
1658409216.168534,904.0
1658409216.187604,896.0
1658409216.2067463,907.0
1658409216.2263787,895.0
1658409216.2457364,900.0
1658409216.264839,897.0
1658409216.2837732,891.0
1658409216.304118,893.0
1658409216.3234766,889.0
1658409216.3426743,888.0
1658409216.3619988,880.0
1658409216.3810062,889.0
1658409216.40004,891.0
1658409216.4194548,893.0
1658409216.4388282,902.0
1658409216.4579954,896.0
1658409216.4775116,892.0
1658409216.4966617,895.0
1658409216.5158625,879.0
1658409216.5353918,893.0
1658409216.5544147,890.0
1658409216.5734622,898.0
1658409216.592714,892.0
1658409216.6121416,896.0
1658409216.6314847,890.0
1658409216.650607,899.0
1658409216.6697323,880.0
1658409216.6887538,895.0
1658409216.7077389,893.0
1658409216.727136,897.0
1658409216.746433,897.0
1658409216.7658713,893.0
1658409216.785076,882.0
1658409216.8041906,893.0
1658409216.8236423,885.0
1658409216.8427927,890.0
1658409216.862207,902.0
1658409216.881196,897.0
1658409216.9015887,896.0
1658409216.9208896,893.0
1658409216.9399896,882.0
1658409216.959157,895.0
1658409216.9784203,899.0
1658409216.997609,896.0
1658409217.01685,894.0
1658409217.0360599,895.0
1658409217.0551949,896.0
1658409217.0742114,894.0
1658409217.0935023,903.0
1658409217.1127882,900.0
1658409217.1320305,889.0
1658409217.1510677,890.0
1658409217.1714492,885.0
1658409217.190439,899.0
1658409217.2095602,890.0
1658409217.2291634,897.0
1658409217.2482667,896.0
1658409217.2673042,897.0
1658409217.2864082,901.0
1658409217.3054924,885.0
1658409217.3248188,889.0
1658409217.3441372,885.0
1658409217.3633597,904.0
1658409217.3824904,899.0
1658409217.4015458,892.0
1658409217.4210203,896.0
1658409217.4402065,894.0
1658409217.4593136,890.0
1658409217.4787378,897.0
1658409217.497835,889.0
1658409217.517057,904.0
1658409217.5364382,899.0
1658409217.5556293,893.0
1658409217.576254,891.0
1658409217.5954843,906.0
1658409217.6135345,896.0
1658409217.633028,891.0
1658409217.652267,892.0
1658409217.671463,892.0
1658409217.6906712,885.0
1658409217.7098868,891.0
1658409217.7293134,889.0
1658409217.7485774,908.0
1658409217.767993,891.0
1658409217.7871447,888.0
1658409217.8063157,890.0
1658409217.825662,884.0
1658409217.8450832,895.0
1658409217.864469,889.0
1658409217.8836024,903.0
1658409217.9029393,892.0
1658409217.9221509,888.0
1658409217.9414778,905.0
1658409217.9606261,897.0
1658409217.9798093,897.0
1658409217.9989903,903.0
1658409218.0181253,906.0
1658409218.037557,899.0
1658409218.0566893,890.0
1658409218.0773633,895.0
1658409218.095217,889.0
1658409218.1145074,901.0
1658409218.1338596,890.0
1658409218.1529922,893.0
1658409218.1721845,885.0
1658409218.1915567,889.0
1658409218.2109926,901.0
1658409218.2304137,893.0
1658409218.24952,890.0
1658409218.2688487,884.0
1658409218.2888882,889.0
1658409218.308021,895.0
1658409218.3270955,891.0
1658409218.3459742,895.0
1658409218.3661556,895.0
1658409218.3849423,884.0
1658409218.403795,872.0
1658409218.422847,887.0
1658409218.4423482,891.0
1658409218.4616852,894.0
1658409218.4808726,897.0
1658409218.4999516,899.0
1658409218.5194616,888.0
1658409218.538788,895.0
1658409218.5578923,889.0
1658409218.5771594,891.0
1658409218.5964205,888.0
1658409218.6158643,896.0
1658409218.6352966,892.0
1658409218.6544373,891.0
1658409218.6736982,887.0
1658409218.6929598,893.0
1658409218.7123587,894.0
1658409218.7319133,892.0
1658409218.7511895,899.0
1658409218.7707229,887.0
1658409218.7899003,894.0
1658409218.8092937,892.0
1658409218.8274903,903.0
1658409218.8467364,897.0
1658409218.8660192,895.0
1658409218.8864832,894.0
1658409218.9044347,909.0
1658409218.9250112,892.0
1658409218.9430773,897.0
1658409218.9624102,890.0
1658409218.981641,901.0
1658409219.0008743,885.0
1658409219.0213344,889.0
1658409219.0406327,895.0
1658409219.0599,888.0
1658409219.0792735,892.0
1658409219.098426,900.0
1658409219.1175418,898.0
1658409219.1368032,889.0
1658409219.156152,896.0
1658409219.175412,901.0
1658409219.1948779,889.0
1658409219.212836,897.0
1658409219.2321653,898.0
1658409219.2512975,898.0
1658409219.2717962,896.0
1658409219.2909024,899.0
1658409219.3103223,896.0
1658409219.3296342,897.0
1658409219.3488479,899.0
1658409219.3680246,901.0
1658409219.3873305,899.0
1658409219.4064045,890.0
1658409219.425877,896.0
1658409219.4452245,896.0
1658409219.4644337,889.0
1658409219.4834614,882.0
1658409219.5026667,892.0
1658409219.521787,889.0
1658409219.5410926,893.0
1658409219.5605662,898.0
1658409219.5798821,887.0
1658409219.5991335,894.0
1658409219.6184187,897.0
1658409219.63769,886.0
1658409219.6569505,892.0
1658409219.676057,894.0
1658409219.6953723,890.0
1658409219.7147398,893.0
1658409219.734068,893.0
1658409219.7533967,893.0
1658409219.7717278,891.0
1658409219.7910175,889.0
1658409219.8102853,900.0
1658409219.8298032,888.0
1658409219.8492274,891.0
1658409219.8683634,886.0
1658409219.887478,891.0
1658409219.9067829,899.0
1658409219.9261606,888.0
1658409219.9457808,900.0
1658409219.965086,896.0
1658409219.9843836,900.0
1658409220.0035574,886.0
1658409220.0227714,888.0
1658409220.0421739,900.0
1658409220.0617294,901.0
1658409220.0808918,892.0
1658409220.1000493,896.0
1658409220.119172,882.0
1658409220.1385076,885.0
1658409220.157653,886.0
1658409220.176912,887.0
1658409220.1962802,902.0
1658409220.2154458,883.0
1658409220.2349274,892.0
1658409220.2541149,892.0
1658409220.273177,884.0
1658409220.2921517,886.0
1658409220.311386,900.0
1658409220.3306615,896.0
1658409220.3497276,890.0
1658409220.369079,894.0
1658409220.3881435,898.0
1658409220.4084942,895.0
1658409220.428017,897.0
1658409220.4459817,890.0
1658409220.4663632,887.0
1658409220.4854474,895.0
1658409220.5044978,892.0
1658409220.5235102,895.0
1658409220.5428317,889.0
1658409220.5623326,883.0
1658409220.581413,894.0
1658409220.6004739,893.0
1658409220.619518,895.0
1658409220.6387365,895.0
1658409220.659156,894.0
1658409220.678514,895.0
1658409220.69764,900.0
1658409220.7167277,886.0
1658409220.7359848,891.0
1658409220.7550688,903.0
1658409220.7744484,896.0
1658409220.7936015,886.0
1658409220.8127854,881.0
1658409220.8320062,882.0
1658409220.8511887,897.0
1658409220.8702526,896.0
1658409220.8891509,887.0
1658409220.9084892,895.0
1658409220.9278874,902.0
1658409220.9472654,889.0
1658409220.9663932,883.0
1658409220.9854763,899.0
1658409221.005885,891.0
1658409221.0249817,896.0
1658409221.0443957,887.0
1658409221.0636954,883.0
1658409221.0826392,898.0
1658409221.1016257,896.0
1658409221.12077,895.0
1658409221.1398683,892.0
1658409221.158966,892.0
1658409221.1782413,897.0
1658409221.1985588,898.0
1658409221.2176123,893.0
1658409221.2368622,893.0
1658409221.2559552,893.0
1658409221.275111,901.0
1658409221.2943099,895.0
1658409221.3136797,903.0
1658409221.332851,888.0
1658409221.352052,896.0
1658409221.3711886,896.0
1658409221.3902817,894.0
1658409221.4107108,886.0
1658409221.428717,893.0
1658409221.4478693,895.0
1658409221.4683957,890.0
1658409221.4874635,890.0
1658409221.5064883,889.0
1658409221.5256019,901.0
1658409221.5450897,891.0
1658409221.5644512,894.0
1658409221.5837457,897.0
1658409221.6028235,885.0
1658409221.6220732,907.0
1658409221.6414015,900.0
1658409221.6608553,895.0
1658409221.6801748,890.0
1658409221.6992452,890.0
1658409221.7183437,896.0
1658409221.7376535,898.0
1658409221.7568817,890.0
1658409221.776543,887.0
1658409221.7957983,888.0
1658409221.814939,898.0
1658409221.8342812,890.0
1658409221.8535132,896.0
1658409221.8725338,891.0
1658409221.8915873,886.0
1658409221.9112134,889.0
1658409221.9304304,900.0
1658409221.9497638,888.0
1658409221.9692209,891.0
1658409221.9883325,897.0
1658409222.0073307,892.0
1658409222.026779,897.0
1658409222.046444,896.0
1658409222.0655994,895.0
1658409222.0849197,895.0
1658409222.104029,883.0
1658409222.1230302,897.0
1658409222.1425412,890.0
1658409222.1620333,892.0
1658409222.181313,892.0
1658409222.2004776,897.0
1658409222.2196538,900.0
1658409222.2389417,894.0
1658409222.2581968,890.0
1658409222.2773912,892.0
1658409222.2966914,903.0
1658409222.3157742,901.0
1658409222.335066,884.0
1658409222.3543146,896.0
1658409222.3734543,887.0
1658409222.392612,895.0
1658409222.412129,901.0
1658409222.431231,891.0
1658409222.450601,899.0
1658409222.4697254,895.0
1658409222.4889417,894.0
1658409222.5080268,891.0
1658409222.5274649,888.0
1658409222.5467587,888.0
1658409222.5659292,890.0
1658409222.5851204,887.0
1658409222.6041987,897.0
1658409222.623299,898.0
1658409222.642568,893.0
1658409222.6620965,897.0
1658409222.681287,886.0
1658409222.7003672,897.0
1658409222.720853,903.0
1658409222.7401006,895.0
1658409222.7590902,894.0
1658409222.778947,894.0
1658409222.7979376,889.0
1658409222.8172495,893.0
1658409222.8363266,903.0
1658409222.855774,889.0
1658409222.8750777,889.0
1658409222.894476,890.0
1658409222.912325,897.0
1658409222.9329011,890.0
1658409222.9509106,901.0
1658409222.971375,894.0
1658409222.9907112,891.0
1658409223.0098913,890.0
1658409223.0292263,893.0
1658409223.0484967,885.0
1658409223.0676785,886.0
1658409223.086952,898.0
1658409223.1061532,888.0
1658409223.1254256,895.0
1658409223.1448848,897.0
1658409223.164073,888.0
1658409223.1831498,881.0
1658409223.2023506,890.0
1658409223.2216778,895.0
1658409223.2408516,890.0
1658409223.2601373,892.0
1658409223.2795384,899.0
1658409223.2985756,890.0
1658409223.31765,896.0
1658409223.3367019,892.0
1658409223.356411,896.0
1658409223.3756995,886.0
1658409223.3949275,884.0
1658409223.4143245,892.0
1658409223.433433,902.0
1658409223.4527278,889.0
1658409223.4718986,899.0
1658409223.4910362,895.0
1658409223.51014,888.0
1658409223.5294936,889.0
1658409223.5488622,899.0
1658409223.5679595,882.0
1658409223.5870876,901.0
1658409223.6062849,889.0
1658409223.6254776,896.0
1658409223.6451993,885.0
1658409223.6644354,896.0
1658409223.683684,889.0
1658409223.7029312,896.0
1658409223.7220528,906.0
1658409223.7414463,896.0
1658409223.7608814,891.0
1658409223.7804174,884.0
1658409223.799516,903.0
1658409223.8187258,894.0
1658409223.8378053,892.0
1658409223.8574975,895.0
1658409223.8767662,898.0
1658409223.8959892,899.0
1658409223.9152265,892.0
1658409223.9342794,894.0
1658409223.9533749,895.0
1658409223.9726257,898.0
1658409223.9917421,889.0
1658409224.01107,891.0
1658409224.0304227,896.0
1658409224.04969,894.0
1658409224.0688727,885.0
1658409224.088055,899.0
1658409224.107254,894.0
1658409224.1266763,892.0
1658409224.146285,895.0
1658409224.1655433,895.0
1658409224.1846097,895.0
1658409224.2036104,901.0
1658409224.2227504,895.0
1658409224.241958,887.0
1658409224.2613544,901.0
1658409224.2804806,900.0
1658409224.299622,894.0
1658409224.320214,887.0
1658409224.3381088,889.0
1658409224.3574493,901.0
1658409224.3780332,893.0
1658409224.3959434,901.0
1658409224.4154122,904.0
1658409224.4357994,899.0
1658409224.4549687,892.0
1658409224.4741273,903.0
1658409224.4931536,901.0
1658409224.5124865,897.0
1658409224.5316706,895.0
1658409224.5508826,898.0
1658409224.570016,892.0
1658409224.5891557,897.0
1658409224.6081042,899.0
1658409224.6272407,895.0
1658409224.6467333,904.0
1658409224.6666489,889.0
1658409224.6858153,895.0
1658409224.7049,892.0
1658409224.7239828,887.0
1658409224.743065,884.0
1658409224.762551,894.0
1658409224.782051,890.0
1658409224.8010116,897.0
1658409224.8201573,901.0
1658409224.8391764,892.0
1658409224.8585367,890.0
1658409224.8777096,903.0
1658409224.8981087,896.0
1658409224.917326,895.0
1658409224.9366028,888.0
1658409224.9558277,894.0
1658409224.974981,896.0
1658409224.9944026,894.0
1658409225.013477,892.0
1658409225.0325174,897.0
1658409225.0518262,889.0
1658409225.0710373,896.0
1658409225.0901856,903.0
1658409225.1092706,893.0
1658409225.128809,887.0
1658409225.1479006,901.0
1658409225.1671658,899.0
1658409225.1862447,889.0
1658409225.2053394,889.0
1658409225.2244327,896.0
1658409225.2451448,897.0
1658409225.2632174,897.0
1658409225.2823362,890.0
1658409225.3026922,901.0
1658409225.321755,901.0
1658409225.340868,895.0
1658409225.3604505,889.0
1658409225.3798661,894.0
1658409225.3990078,902.0
1658409225.418179,883.0
1658409225.4372895,890.0
1658409225.4565403,887.0
1658409225.4756184,897.0
1658409225.4948688,894.0
1658409225.5140078,895.0
1658409225.5330648,901.0
1658409225.5522957,896.0
1658409225.5715108,880.0
1658409225.590531,903.0
1658409225.611169,883.0
1658409225.629193,886.0
1658409225.649707,892.0
1658409225.6689322,891.0
1658409225.6879268,905.0
1658409225.707055,900.0
1658409225.7264183,894.0
1658409225.7458143,889.0
1658409225.7639816,907.0
1658409225.7840474,891.0
1658409225.8036625,888.0
1658409225.8219104,901.0
1658409225.8414173,888.0
1658409225.8620093,898.0
1658409225.8803287,889.0
1658409225.9000053,897.0
1658409225.918226,898.0
1658409225.9379017,887.0
1658409225.9576478,890.0
1658409225.9778345,889.0
1658409225.996212,896.0
1658409226.0146642,899.0
1658409226.0343316,902.0
1658409226.05416,886.0
1658409226.0724409,894.0
1658409226.092343,894.0
1658409226.1122293,890.0
1658409226.1304266,893.0
1658409226.1501503,890.0
1658409226.169826,888.0
1658409226.1881216,902.0
1658409226.2077572,894.0
1658409226.2277133,892.0
1658409226.2462,891.0
1658409226.2649686,894.0
1658409226.2846847,896.0
1658409226.3041613,897.0
1658409226.3236542,892.0
1658409226.3434637,900.0
1658409226.3624887,890.0
1658409226.3807027,895.0
1658409226.400309,896.0
1658409226.4198205,902.0
1658409226.4393866,897.0
1658409226.457899,904.0
1658409226.4780915,885.0
1658409226.496609,894.0
1658409226.5161715,894.0
1658409226.5360272,894.0
1658409226.5544734,896.0
1658409226.5743442,891.0
1658409226.594127,900.0
1658409226.6128466,898.0
1658409226.6310983,895.0
1658409226.6509342,890.0
1658409226.6706457,894.0
1658409226.6901002,898.0
1658409226.7084792,891.0
1658409226.7290325,890.0
1658409226.747286,898.0
1658409226.7660258,889.0
1658409226.7860668,896.0
1658409226.8056564,892.0
1658409226.8240888,884.0
1658409226.8438396,892.0
1658409226.8625374,891.0
1658409226.8822932,891.0
1658409226.9020684,896.0
1658409226.9200613,894.0
1658409226.939434,891.0
1658409226.95921,894.0
1658409226.9790962,881.0
1658409226.9975286,879.0
1658409227.0168817,891.0
1658409227.0360975,880.0
1658409227.0559678,892.0
1658409227.0741622,895.0
1658409227.0939064,898.0
1658409227.1137645,882.0
1658409227.1320715,889.0
1658409227.151861,891.0
1658409227.1715045,900.0
1658409227.1909955,905.0
1658409227.2095165,883.0
1658409227.2294958,883.0
1658409227.2476804,890.0
1658409227.2677238,885.0
1658409227.2872403,893.0
1658409227.3056471,892.0
1658409227.325113,889.0
1658409227.3451207,883.0
1658409227.3634222,891.0
1658409227.3831925,888.0
1658409227.4027991,901.0
1658409227.4210875,893.0
1658409227.4406564,901.0
1658409227.4608896,895.0
1658409227.479327,892.0
1658409227.499129,896.0
1658409227.5185003,889.0
1658409227.5368047,898.0
1658409227.5563443,889.0
1658409227.576414,885.0
1658409227.5949583,896.0
1658409227.6145515,900.0
1658409227.6337965,891.0
1658409227.6533337,898.0
1658409227.6716003,895.0
1658409227.6911304,894.0
1658409227.7111433,890.0
1658409227.7292309,884.0
1658409227.7487772,898.0
1658409227.7685516,881.0
1658409227.7873154,889.0
1658409227.806964,893.0
1658409227.826993,890.0
1658409227.845924,888.0
1658409227.8642914,887.0
1658409227.883975,892.0
1658409227.9036987,903.0
1658409227.9219217,888.0
1658409227.9414678,899.0
1658409227.9618378,901.0
1658409227.9801447,901.0
1658409227.99985,896.0
1658409228.0194635,896.0
1658409228.0386903,897.0
1658409228.0569623,897.0
1658409228.0769262,896.0
1658409228.095683,890.0
1658409228.1154788,897.0
1658409228.133809,900.0
1658409228.1534307,896.0
1658409228.1733065,894.0
1658409228.1929326,897.0
1658409228.2113976,891.0
1658409228.23104,898.0
1658409228.2494845,897.0
1658409228.269299,898.0
1658409228.2886217,897.0
1658409228.3081543,888.0
1658409228.326895,891.0
1658409228.3466904,906.0
1658409228.3650267,891.0
1658409228.3845527,890.0
1658409228.4041035,894.0
1658409228.4235911,885.0
1658409228.442134,899.0
1658409228.4624043,890.0
1658409228.481179,896.0
1658409228.5007026,893.0
1658409228.5205028,892.0
1658409228.5388842,886.0
1658409228.5586498,897.0
1658409228.5776162,896.0
1658409228.5971045,888.0
1658409228.6155033,896.0
1658409228.6349092,889.0
1658409228.6545427,893.0
1658409228.6744666,886.0
1658409228.6927783,886.0
1658409228.7128408,895.0
1658409228.7314267,897.0
1658409228.751241,901.0
1658409228.7697763,891.0
1658409228.7895257,887.0
1658409228.8094702,893.0
1658409228.827635,890.0
1658409228.8469765,892.0
1658409228.8664188,894.0
1658409228.886183,883.0
1658409228.9056268,900.0
1658409228.9248738,884.0
1658409228.9443095,890.0
1658409228.9624624,896.0
1658409228.9818404,896.0
1658409229.0011833,888.0
1658409229.0205731,894.0
1658409229.0398567,895.0
1658409229.0591512,900.0
1658409229.079041,885.0
1658409229.0982728,896.0
1658409229.1176577,886.0
1658409229.1367974,888.0
1658409229.1560776,887.0
1658409229.1744857,889.0
1658409229.1938896,897.0
1658409229.2132974,898.0
1658409229.2325227,883.0
1658409229.2517638,893.0
1658409229.2714012,881.0
1658409229.2906353,897.0
1658409229.310165,883.0
1658409229.3295712,892.0
1658409229.3489685,890.0
1658409229.3673155,895.0
1658409229.3868487,896.0
1658409229.4062347,894.0
1658409229.4254344,901.0
1658409229.4449222,902.0
1658409229.4643474,892.0
1658409229.4837654,888.0
1658409229.503007,898.0
1658409229.5222783,903.0
1658409229.541617,895.0
1658409229.5611682,900.0
1658409229.5797338,892.0
1658409229.5990524,896.0
1658409229.6183693,896.0
1658409229.6375644,888.0
1658409229.656847,889.0
1658409229.6754832,892.0
1658409229.6957443,888.0
1658409229.7138207,896.0
1658409229.73307,892.0
1658409229.7523477,892.0
1658409229.7721272,896.0
1658409229.791703,895.0
1658409229.8111372,890.0
1658409229.8305094,892.0
1658409229.8498137,895.0
1658409229.8692155,887.0
1658409229.8872626,892.0
1658409229.9067636,905.0
1658409229.926031,897.0
1658409229.945654,891.0
1658409229.9651103,902.0
1658409229.984512,892.0
1658409230.0037324,883.0
1658409230.023072,891.0
1658409230.0423849,891.0
1658409230.0619648,887.0
1658409230.0801032,894.0
1658409230.0993369,893.0
1658409230.1186614,885.0
1658409230.1378903,895.0
1658409230.1571183,901.0
1658409230.1769931,891.0
1658409230.1965404,899.0
1658409230.2147615,885.0
1658409230.2341108,883.0
1658409230.2534666,895.0
1658409230.2729778,885.0
1658409230.2922966,884.0
1658409230.3119957,898.0
1658409230.3313468,894.0
1658409230.3507826,895.0
1658409230.3701932,895.0
1658409230.3883111,901.0
1658409230.407721,893.0
1658409230.4271312,898.0
1658409230.4466374,899.0
1658409230.4659686,893.0
1658409230.4856553,889.0
1658409230.5049543,896.0
1658409230.5229943,902.0
1658409230.5422847,896.0
1658409230.5619342,890.0
1658409230.5814867,903.0
1658409230.6007156,893.0
1658409230.6201475,889.0
1658409230.6394157,897.0
1658409230.6586657,899.0
1658409230.678375,889.0
1658409230.697681,887.0
1658409230.716994,902.0
1658409230.735042,897.0
1658409230.7543597,906.0
1658409230.773779,888.0
1658409230.793545,902.0
1658409230.8130925,886.0
1658409230.8323138,890.0
1658409230.8516393,894.0
1658409230.871147,886.0
1658409230.8893135,892.0
1658409230.909008,900.0
1658409230.9285831,890.0
1658409230.9479325,894.0
1658409230.967346,882.0
1658409230.986675,891.0
1658409231.006012,886.0
1658409231.025436,893.0
1658409231.0450943,893.0
1658409231.0630226,896.0
1658409231.082666,888.0
1658409231.1019676,885.0
1658409231.1210887,892.0
1658409231.1400397,896.0
1658409231.1597056,890.0
1658409231.1799655,893.0
1658409231.1982446,889.0
1658409231.217896,897.0
1658409231.236612,883.0
1658409231.256309,899.0
1658409231.275181,888.0
1658409231.2940972,894.0
1658409231.313886,901.0
1658409231.3333259,889.0
1658409231.3517995,887.0
1658409231.3715465,897.0
1658409231.391233,898.0
1658409231.409667,905.0
1658409231.4292629,905.0
1658409231.448566,894.0
1658409231.467888,894.0
1658409231.4875925,886.0
1658409231.506985,889.0
1658409231.5250564,900.0
1658409231.5447173,898.0
1658409231.5641825,887.0
1658409231.5838196,896.0
1658409231.6030934,896.0
1658409231.622507,898.0
1658409231.6416862,892.0
1658409231.6613374,884.0
1658409231.6797454,892.0
1658409231.699059,880.0
1658409231.7183762,897.0
1658409231.737577,891.0
1658409231.7568426,896.0
1658409231.7761626,898.0
1658409231.7948952,890.0
1658409231.814391,901.0
1658409231.8336859,895.0
1658409231.8529885,888.0
1658409231.872579,898.0
1658409231.8923252,893.0
1658409231.9106448,892.0
1658409231.9300902,883.0
1658409231.9494004,890.0
1658409231.9686713,903.0
1658409231.9882698,889.0
1658409232.0075963,905.0
1658409232.0270505,901.0
1658409232.0465677,888.0
1658409232.0658104,895.0
1658409232.0841076,897.0
1658409232.1033533,904.0
1658409232.12272,889.0
1658409232.1419961,893.0
1658409232.1616704,901.0
1658409232.1813872,884.0
1658409232.2006123,890.0
1658409232.2198331,899.0
1658409232.2390912,906.0
1658409232.2583063,883.0
1658409232.2765346,905.0
1658409232.2962716,898.0
1658409232.315581,893.0
1658409232.3349118,894.0
1658409232.3542864,890.0
1658409232.3737411,897.0
1658409232.3920374,886.0
1658409232.4116848,899.0
1658409232.4310458,891.0
1658409232.450284,892.0
1658409232.469509,891.0
1658409232.4890313,902.0
1658409232.5082705,899.0
1658409232.5277522,894.0
1658409232.547129,882.0
1658409232.566554,897.0
1658409232.5848238,898.0
1658409232.6040888,891.0
1658409232.6233833,882.0
1658409232.6427147,901.0
1658409232.6623328,900.0
1658409232.681771,900.0
1658409232.7010312,901.0
1658409232.720451,891.0
1658409232.739699,882.0
1658409232.7590215,896.0
1658409232.778683,889.0
1658409232.7972143,898.0
1658409232.8165574,896.0
1658409232.8358495,890.0
1658409232.8557768,895.0
1658409232.8750627,900.0
1658409232.8930047,885.0
1658409232.9127674,891.0
1658409232.9321089,893.0
1658409232.9513433,893.0
1658409232.9706259,888.0
1658409232.990018,893.0
1658409233.0093489,894.0
1658409233.0289428,897.0
1658409233.0482244,886.0
1658409233.0675037,899.0
1658409233.0869563,891.0
1658409233.1049633,893.0
1658409233.1243408,900.0
1658409233.1438253,889.0
1658409233.1632571,895.0
1658409233.182935,894.0
1658409233.202223,883.0
1658409233.221779,891.0
1658409233.2410178,896.0
1658409233.2604604,896.0
1658409233.2786899,892.0
1658409233.2981598,900.0
1658409233.3174982,901.0
1658409233.3368216,888.0
1658409233.356186,886.0
1658409233.3757684,895.0
1658409233.3954291,899.0
1658409233.4134932,887.0
1658409233.4328449,911.0
1658409233.4521396,893.0
1658409233.4714336,889.0
1658409233.4908044,894.0
1658409233.510271,897.0
1658409233.5298438,890.0
1658409233.5491884,900.0
1658409233.568421,892.0
1658409233.5877705,894.0
1658409233.6070986,893.0
1658409233.6263967,893.0
1658409233.645922,887.0
1658409233.6639295,884.0
1658409233.6834161,890.0
1658409233.7026663,903.0
1658409233.7218854,891.0
1658409233.7411063,910.0
1658409233.76064,899.0
1658409233.7802804,888.0
1658409233.798639,891.0
1658409233.8181233,905.0
1658409233.8373504,898.0
1658409233.8566775,887.0
1658409233.8760395,900.0
1658409233.895951,901.0
1658409233.915498,897.0
1658409233.9338005,904.0
1658409233.9533515,895.0
1658409233.9730754,889.0
1658409233.991711,896.0
1658409234.011971,893.0
1658409234.0303519,890.0
1658409234.0500352,897.0
1658409234.0683978,891.0
1658409234.0879424,899.0
1658409234.1071978,894.0
1658409234.1264558,906.0
1658409234.1459022,889.0
1658409234.1651816,883.0
1658409234.1849568,890.0
1658409234.2042527,886.0
1658409234.223462,899.0
1658409234.2427163,897.0
1658409234.2622766,894.0
1658409234.2805102,889.0
1658409234.2998183,887.0
1658409234.3190594,893.0
1658409234.3383582,887.0
1658409234.3575966,895.0
1658409234.377089,900.0
1658409234.3968372,896.0
1658409234.41509,899.0
1658409234.4343345,899.0
1658409234.4536448,896.0
1658409234.473107,897.0
1658409234.4924445,881.0
1658409234.5130143,891.0
1658409234.5313544,896.0
1658409234.5508757,894.0
1658409234.5705013,894.0
1658409234.5890806,894.0
1658409234.6087945,905.0
1658409234.6281521,899.0
1658409234.646459,885.0
1658409234.666138,888.0
1658409234.6849825,892.0
1658409234.7047055,903.0
1658409234.7244086,887.0
1658409234.7440202,897.0
1658409234.7624905,892.0
1658409234.7823498,904.0
1658409234.8009195,889.0
1658409234.8205838,890.0
1658409234.8400323,896.0
1658409234.8584652,887.0
1658409234.878773,888.0
1658409234.897405,903.0
1658409234.917183,890.0
1658409234.9353814,895.0
1658409234.9550223,888.0
1658409234.9746923,900.0
1658409234.9942446,892.0
1658409235.012658,910.0
1658409235.032335,894.0
1658409235.051986,890.0
1658409235.0704195,894.0
1658409235.0905678,887.0
1658409235.1090357,892.0
1658409235.1289053,901.0
1658409235.147327,896.0
1658409235.1669517,898.0
1658409235.1860025,887.0
1658409235.2058055,894.0
1658409235.225015,898.0
1658409235.244034,886.0
1658409235.2637172,891.0
1658409235.2822201,889.0
1658409235.3018942,892.0
1658409235.3208966,905.0
1658409235.3411324,895.0
1658409235.3604856,906.0
1658409235.3799403,902.0
1658409235.3982232,891.0
1658409235.417583,887.0
1658409235.437069,896.0
1658409235.4565644,888.0
1658409235.4759898,897.0
1658409235.4945223,890.0
1658409235.514097,902.0
1658409235.5336199,884.0
1658409235.5530567,897.0
1658409235.571065,899.0
1658409235.5905695,890.0
1658409235.6099477,894.0
1658409235.629652,894.0
1658409235.6489615,889.0
1658409235.6682658,886.0
1658409235.6877902,893.0
1658409235.7071338,895.0
1658409235.7264786,902.0
1658409235.7447286,899.0
1658409235.7641256,886.0
1658409235.783659,899.0
1658409235.8033392,894.0
1658409235.8227544,889.0
1658409235.8420928,892.0
1658409235.8602974,883.0
1658409235.879806,893.0
1658409235.8992746,900.0
1658409235.9188309,899.0
1658409235.9384036,892.0
1658409235.956388,891.0
1658409235.9757676,893.0
1658409235.9956603,895.0
1658409236.0150855,890.0
1658409236.0345602,896.0
1658409236.0538986,898.0
1658409236.0732074,896.0
1658409236.0916517,901.0
1658409236.1111226,879.0
1658409236.1306593,886.0
1658409236.149992,892.0
1658409236.16938,881.0
1658409236.187605,900.0
1658409236.206975,889.0
1658409236.2263296,890.0
1658409236.2459664,890.0
1658409236.2652395,897.0
1658409236.2846138,884.0
1658409236.3042924,894.0
1658409236.3236861,897.0
1658409236.3417838,896.0
1658409236.3614292,897.0
1658409236.3808599,892.0
1658409236.4003973,886.0
1658409236.4198997,899.0
1658409236.4392853,902.0
1658409236.4574444,894.0
1658409236.4768097,897.0
1658409236.4966917,891.0
1658409236.5160913,901.0
1658409236.535375,901.0
1658409236.554727,895.0
1658409236.5739932,897.0
1658409236.5921636,894.0
1658409236.6117098,893.0
1658409236.6310134,898.0
1658409236.6502023,888.0
1658409236.6695106,888.0
1658409236.689094,893.0
1658409236.7082915,894.0
1658409236.727821,892.0
1658409236.7471511,897.0
1658409236.7665577,890.0
1658409236.7860239,883.0
1658409236.8043537,894.0
1658409236.8236606,889.0
1658409236.8429186,896.0
1658409236.862477,901.0
1658409236.8817298,896.0
1658409236.9011536,896.0
1658409236.920521,895.0
1658409236.9398715,882.0
1658409236.959211,901.0
1658409236.9787571,893.0
1658409236.9971714,899.0
1658409237.016476,888.0
1658409237.0358522,891.0
1658409237.0553129,894.0
1658409237.0746121,892.0
1658409237.0942738,893.0
1658409237.1138473,892.0
1658409237.1318536,881.0
1658409237.1511912,898.0
1658409237.1703804,889.0
1658409237.1896875,891.0
1658409237.2090456,892.0
1658409237.2285068,889.0
1658409237.2478306,898.0
1658409237.267174,881.0
1658409237.2864976,899.0
1658409237.3059993,885.0
1658409237.3253455,893.0
1658409237.3448658,887.0
1658409237.363053,897.0
1658409237.3822925,900.0
1658409237.4020503,898.0
1658409237.4208927,889.0
1658409237.4400866,904.0
1658409237.4592943,890.0
1658409237.4787385,897.0
1658409237.498753,889.0
1658409237.5182507,893.0
1658409237.5363834,889.0
1658409237.5557566,885.0
1658409237.5752373,892.0
1658409237.5943284,888.0
1658409237.613819,895.0
1658409237.6332498,888.0
1658409237.6525993,890.0
1658409237.6718905,888.0
1658409237.6914456,903.0
1658409237.711155,893.0
1658409237.7301712,895.0
1658409237.749335,893.0
1658409237.7677767,896.0
1658409237.7872756,893.0
1658409237.807105,898.0
1658409237.8253276,898.0
1658409237.8451807,893.0
1658409237.8650753,888.0
1658409237.8832633,890.0
1658409237.903371,893.0
1658409237.921757,898.0
1658409237.941658,885.0
1658409237.9616876,902.0
1658409237.9797325,903.0
1658409237.99933,897.0
1658409238.018663,889.0
1658409238.0380523,893.0
1658409238.057407,891.0
1658409238.0767555,890.0
1658409238.096735,895.0
1658409238.1149578,895.0
1658409238.1348088,892.0
1658409238.1533484,889.0
1658409238.1729352,896.0
1658409238.1913826,899.0
1658409238.2117782,898.0
1658409238.230373,887.0
1658409238.2502966,884.0
1658409238.2688756,890.0
1658409238.288599,889.0
1658409238.307071,892.0
1658409238.3270779,904.0
1658409238.3468492,895.0
1658409238.3653893,882.0
1658409238.3850503,894.0
1658409238.4034462,883.0
1658409238.4234958,898.0
1658409238.442112,890.0
1658409238.4622858,890.0
1658409238.4808748,909.0
1658409238.5004292,894.0
1658409238.5201578,889.0
1658409238.5386257,905.0
1658409238.5583355,889.0
1658409238.5771198,897.0
1658409238.5959382,895.0
1658409238.6157506,890.0
1658409238.6354368,891.0
1658409238.6537292,893.0
1658409238.673402,885.0
1658409238.6941113,896.0
1658409238.7126405,899.0
1658409238.7309875,890.0
1658409238.7504303,894.0
1658409238.7700384,896.0
1658409238.7896907,895.0
1658409238.8085852,904.0
1658409238.829091,892.0
1658409238.846361,895.0
1658409238.866414,891.0
1658409238.8849163,901.0
1658409238.9047494,901.0
1658409238.924338,893.0
1658409238.94301,900.0
1658409238.962948,899.0
1658409238.982453,894.0
1658409239.001251,890.0
1658409239.020797,897.0
1658409239.0393097,897.0
1658409239.0588202,894.0
1658409239.079058,893.0
1658409239.0978942,895.0
1658409239.1163728,894.0
1658409239.1359944,886.0
1658409239.1555014,884.0
1658409239.1740227,888.0
1658409239.1938524,901.0
1658409239.2132962,897.0
1658409239.2325974,902.0
1658409239.2518938,896.0
1658409239.2710812,897.0
1658409239.2904131,893.0
1658409239.3101344,900.0
1658409239.3280778,904.0
1658409239.347255,905.0
1658409239.366513,894.0
1658409239.3859377,895.0
1658409239.4058156,897.0
1658409239.4251726,894.0
1658409239.4445386,890.0
1658409239.4638379,886.0
1658409239.4831047,884.0
1658409239.5016396,892.0
1658409239.5208566,886.0
1658409239.5399632,894.0
1658409239.559237,897.0
1658409239.5787156,889.0
1658409239.5980635,894.0
1658409239.6172848,888.0
1658409239.636377,902.0
1658409239.6555943,890.0
1658409239.676069,895.0
1658409239.6956596,890.0
1658409239.7135963,886.0
1658409239.7327552,895.0
1658409239.7519557,890.0
1658409239.7723768,894.0
1658409239.7916188,890.0
1658409239.8102524,890.0
1658409239.829811,896.0
1658409239.8489401,897.0
1658409239.868108,886.0
1658409239.887033,896.0
1658409239.9072094,892.0
1658409239.925385,901.0
1658409239.9449031,879.0
1658409239.964691,897.0
1658409239.983962,894.0
1658409240.0024989,891.0
1658409240.021886,898.0
1658409240.0414503,886.0
1658409240.0613256,893.0
1658409240.079876,896.0
1658409240.0992765,894.0
1658409240.1191802,891.0
1658409240.1371748,887.0
1658409240.157127,892.0
1658409240.1764178,891.0
1658409240.196236,902.0
1658409240.214338,884.0
1658409240.2341464,890.0
1658409240.2536504,889.0
1658409240.2731738,895.0
1658409240.2923198,896.0
1658409240.311833,902.0
1658409240.330161,890.0
1658409240.349239,891.0
1658409240.3683972,898.0
1658409240.3876812,891.0
1658409240.4071047,897.0
1658409240.4268217,892.0
1658409240.4462204,901.0
1658409240.4657943,887.0
1658409240.484082,889.0
1658409240.5034,892.0
1658409240.5230002,896.0
1658409240.5423183,894.0
1658409240.5619915,895.0
1658409240.5813284,894.0
1658409240.6004992,890.0
1658409240.6197624,898.0
1658409240.6394083,899.0
1658409240.6586573,902.0
1658409240.6770837,889.0
1658409240.6966343,889.0
1658409240.7159703,902.0
1658409240.7354798,892.0
1658409240.7546914,893.0
1658409240.774136,895.0
1658409240.7935379,898.0
1658409240.8120644,888.0
1658409240.831665,892.0
1658409240.8510418,889.0
1658409240.870328,886.0
1658409240.8896263,894.0
1658409240.908843,898.0
1658409240.9273915,897.0
1658409240.9467552,895.0
1658409240.9662895,903.0
1658409240.9856825,894.0
1658409241.0055032,884.0
1658409241.024646,890.0
1658409241.0430264,890.0
1658409241.0626488,888.0
1658409241.0816278,894.0
1658409241.1006851,891.0
1658409241.1207337,891.0
1658409241.1395035,887.0
1658409241.159427,889.0
1658409241.1787515,887.0
1658409241.1978757,905.0
1658409241.2171128,886.0
1658409241.2362537,898.0
1658409241.2553022,887.0
1658409241.2744665,892.0
1658409241.2935808,898.0
1658409241.313048,895.0
1658409241.3322031,891.0
1658409241.3514352,898.0
1658409241.3707356,886.0
1658409241.3898273,901.0
1658409241.409121,889.0
1658409241.4284577,892.0
1658409241.4474385,888.0
1658409241.4668221,884.0
1658409241.4861488,898.0
1658409241.5053205,894.0
1658409241.5245397,889.0
1658409241.5438833,894.0
1658409241.5632792,884.0
1658409241.5828588,899.0
1658409241.6014044,883.0
1658409241.6210003,892.0
1658409241.640883,891.0
1658409241.6606612,895.0
1658409241.680172,893.0
1658409241.6979034,887.0
1658409241.7170465,894.0
1658409241.7375872,887.0
1658409241.7566178,886.0
1658409241.775175,891.0
1658409241.7959208,898.0
1658409241.813323,891.0
1658409241.8330429,891.0
1658409241.8529496,888.0
1658409241.8714166,897.0
1658409241.8912086,888.0
1658409241.9099116,877.0
1658409241.9302983,894.0
1658409241.9488554,891.0
1658409241.968647,888.0
1658409241.9869967,897.0
1658409242.0070744,897.0
1658409242.02584,897.0
1658409242.0448241,902.0
1658409242.0644994,895.0
1658409242.084289,890.0
1658409242.1028075,904.0
1658409242.1227837,894.0
1658409242.1410666,897.0
1658409242.1604552,892.0
1658409242.1798997,889.0
1658409242.199456,900.0
1658409242.219023,885.0
1658409242.238258,889.0
1658409242.2575977,887.0
1658409242.275834,891.0
1658409242.295729,895.0
1658409242.31545,894.0
1658409242.3347824,900.0
1658409242.3529243,898.0
1658409242.3722696,891.0
1658409242.39168,896.0
1658409242.4115083,904.0
1658409242.4310722,893.0
1658409242.4504561,909.0
1658409242.468569,894.0
1658409242.4879267,885.0
1658409242.507532,895.0
1658409242.5271373,896.0
1658409242.546712,890.0
1658409242.564764,891.0
1658409242.5839822,905.0
1658409242.603332,890.0
1658409242.6227508,900.0
1658409242.6419852,893.0
1658409242.6617243,888.0
1658409242.681122,893.0
1658409242.7006145,889.0
1658409242.7189162,901.0
1658409242.7382715,901.0
1658409242.7575731,884.0
1658409242.7769928,895.0
1658409242.7967143,889.0
1658409242.8152783,889.0
1658409242.8347046,890.0
1658409242.8541086,895.0
1658409242.8735123,883.0
1658409242.8928401,906.0
1658409242.912824,893.0
1658409242.9310515,897.0
1658409242.95037,902.0
1658409242.9697273,898.0
1658409242.9890916,886.0
1658409243.008679,884.0
1658409243.0283363,886.0
1658409243.0463243,891.0
1658409243.065682,892.0
1658409243.0850167,896.0
1658409243.1045568,890.0
1658409243.124323,888.0
1658409243.1435912,897.0
1658409243.163191,889.0
1658409243.1818824,890.0
1658409243.200518,890.0
1658409243.2204854,894.0
1658409243.2401438,889.0
1658409243.2584808,891.0
1658409243.2788594,896.0
1658409243.2972476,900.0
1658409243.3169417,898.0
1658409243.3365505,889.0
1658409243.3549562,897.0
1658409243.3745193,885.0
1658409243.3949294,897.0
1658409243.4133565,879.0
1658409243.43164,887.0
1658409243.451231,887.0
1658409243.4713697,896.0
1658409243.4898353,887.0
1658409243.5101216,892.0
1658409243.528899,899.0
1658409243.5473661,885.0
1658409243.567203,889.0
1658409243.586877,890.0
1658409243.6049783,905.0
1658409243.6243608,902.0
1658409243.6435707,881.0
1658409243.662818,881.0
1658409243.6833541,885.0
1658409243.702501,893.0
1658409243.7218602,883.0
1658409243.7410197,899.0
1658409243.760251,893.0
1658409243.779573,889.0
1658409243.7989187,885.0
1658409243.8171976,894.0
1658409243.8369887,900.0
1658409243.856732,880.0
1658409243.8748827,892.0
1658409243.8952658,887.0
1658409243.914312,903.0
1658409243.9333744,898.0
1658409243.952457,902.0
1658409243.9717507,901.0
1658409243.9914446,902.0
1658409244.0098305,892.0
1658409244.0297825,891.0
1658409244.0492198,887.0
1658409244.0684934,881.0
1658409244.0869985,894.0
1658409244.106823,899.0
1658409244.125579,899.0
1658409244.145431,892.0
1658409244.1647558,896.0
1658409244.1832004,887.0
1658409244.2028468,890.0
1658409244.2226896,897.0
1658409244.2408936,898.0
1658409244.2606688,891.0
1658409244.28031,892.0
1658409244.299739,887.0
1658409244.3179834,889.0
1658409244.33744,880.0
1658409244.3572571,892.0
1658409244.3768322,894.0
1658409244.3956516,898.0
1658409244.4143887,900.0
1658409244.4333842,903.0
1658409244.4533007,907.0
1658409244.4719915,898.0
1658409244.4914727,889.0
1658409244.5123866,897.0
1658409244.5309207,897.0
1658409244.549026,891.0
1658409244.5686839,895.0
1658409244.5884917,897.0
1658409244.6070533,888.0
1658409244.6266685,892.0
1658409244.6462147,886.0
1658409244.6648426,899.0
1658409244.685044,879.0
1658409244.703957,900.0
1658409244.7230394,888.0
1658409244.742588,891.0
1658409244.7616446,890.0
1658409244.7808664,888.0
1658409244.8001626,891.0
1658409244.8197672,899.0
1658409244.8380795,888.0
1658409244.8573809,893.0
1658409244.8770955,882.0
1658409244.8962731,889.0
1658409244.9153893,896.0
1658409244.9349074,896.0
1658409244.9540205,892.0
1658409244.973163,889.0
1658409244.9921544,902.0
1658409245.0115604,893.0
1658409245.030721,898.0
1658409245.0509546,892.0
1658409245.0700166,889.0
1658409245.088847,891.0
1658409245.1086936,891.0
1658409245.127334,898.0
1658409245.1462986,901.0
1658409245.1664965,901.0
1658409245.1855292,895.0
1658409245.2046168,884.0
1658409245.2241952,884.0
1658409245.2430105,896.0
1658409245.2621338,887.0
1658409245.281689,890.0
1658409245.3009033,892.0
1658409245.3200064,893.0
1658409245.33947,894.0
1658409245.3584316,897.0
1658409245.3775723,893.0
1658409245.396596,893.0
1658409245.4161255,883.0
1658409245.4351368,897.0
1658409245.4553792,889.0
1658409245.474476,893.0
1658409245.4940119,879.0
1658409245.5138795,889.0
1658409245.53188,897.0
1658409245.5509846,889.0
1658409245.5712423,888.0
1658409245.5898094,896.0
1658409245.6088884,891.0
1658409245.6290739,886.0
1658409245.6481323,888.0
1658409245.6674058,892.0
1658409245.685601,880.0
1658409245.7054296,895.0
1658409245.7249727,884.0
1658409245.7439435,893.0
1658409245.7638838,889.0
1658409245.7824824,895.0
1658409245.8019233,896.0
1658409245.8210876,899.0
1658409245.8408628,892.0
1658409245.8604343,887.0
1658409245.878822,894.0
1658409245.8982198,890.0
1658409245.9179657,895.0
1658409245.9361725,892.0
1658409245.9556131,887.0
1658409245.9754689,894.0
1658409245.9952126,892.0
1658409246.0135734,892.0
1658409246.0333064,891.0
1658409246.0527334,893.0
1658409246.072176,884.0
1658409246.0902822,894.0
1658409246.1108708,894.0
1658409246.1294432,891.0
1658409246.1491327,892.0
1658409246.1676457,894.0
1658409246.1872807,885.0
1658409246.2058063,895.0
1658409246.22618,884.0
1658409246.2448025,904.0
1658409246.2637527,898.0
1658409246.2836745,895.0
1658409246.3020914,903.0
1658409246.3217762,894.0
1658409246.341658,894.0
1658409246.3607302,886.0
1658409246.3795578,892.0
1658409246.399565,891.0
1658409246.41803,900.0
1658409246.437993,900.0
1658409246.456456,889.0
1658409246.4762566,894.0
1658409246.4953048,887.0
1658409246.5153904,891.0
1658409246.5338457,889.0
1658409246.553695,895.0
1658409246.5721824,894.0
1658409246.5919104,896.0
1658409246.6108937,896.0
1658409246.629816,899.0
1658409246.6494465,904.0
1658409246.6690433,903.0
1658409246.687826,895.0
1658409246.7073836,894.0
1658409246.7262607,892.0
1658409246.7465222,891.0
1658409246.7649488,896.0
1658409246.7850006,896.0
1658409246.803362,888.0
1658409246.8222916,891.0
1658409246.842284,886.0
1658409246.8615935,895.0
1658409246.8802927,890.0
1658409246.9000971,888.0
1658409246.9198585,887.0
1658409246.938365,895.0
1658409246.958115,888.0
1658409246.9765992,898.0
1658409246.9969451,893.0
1658409247.0155904,895.0
1658409247.0355036,896.0
1658409247.0536888,890.0
1658409247.0735385,892.0
1658409247.0922751,888.0
1658409247.1128829,890.0
1658409247.1316748,879.0
1658409247.150029,890.0
1658409247.169779,896.0
1658409247.1896923,891.0
1658409247.2080603,886.0
1658409247.2285185,899.0
1658409247.24702,897.0
1658409247.266683,885.0
1658409247.2850692,899.0
1658409247.304779,885.0
1658409247.3232563,900.0
1658409247.3431456,887.0
1658409247.3624432,897.0
1658409247.382122,887.0
1658409247.4003315,890.0
1658409247.4205835,893.0
1658409247.4391413,893.0
1658409247.4591029,900.0
1658409247.479232,900.0
1658409247.497814,896.0
1658409247.5164585,898.0
1658409247.5351813,896.0
1658409247.5546606,900.0
1658409247.574682,904.0
1658409247.5937877,889.0
1658409247.612711,895.0
1658409247.6315541,901.0
1658409247.651203,892.0
1658409247.6709366,889.0
1658409247.6907136,893.0
1658409247.7096314,899.0
1658409247.7284913,897.0
1658409247.7484674,892.0
1658409247.7669988,893.0
1658409247.7869282,893.0
1658409247.8052893,887.0
1658409247.8254158,896.0
1658409247.8447523,911.0
1658409247.86348,891.0
1658409247.883088,895.0
1658409247.9016373,905.0
1658409247.9213786,876.0
1658409247.9400494,890.0
1658409247.960172,887.0
1658409247.9790018,896.0
1658409247.998752,888.0
1658409248.0170536,899.0
1658409248.037051,889.0
1658409248.0554633,893.0
1658409248.0750964,899.0
1658409248.095409,889.0
1658409248.1137347,892.0
1658409248.1338363,889.0
1658409248.152162,894.0
1658409248.171675,895.0
1658409248.1913369,884.0
1658409248.211007,893.0
1658409248.2302878,899.0
1658409248.248718,896.0
1658409248.2679641,891.0
1658409248.2876534,890.0
1658409248.3066518,892.0
1658409248.3251822,899.0
1658409248.3455982,898.0
1658409248.3638783,889.0
1658409248.3834848,890.0
1658409248.4034398,888.0
1658409248.4218085,884.0
1658409248.4416323,901.0
1658409248.4617007,887.0
1658409248.4802482,889.0
1658409248.4985805,895.0
1658409248.5185132,896.0
1658409248.5382466,892.0
1658409248.5565438,893.0
1658409248.57648,887.0
1658409248.596642,892.0
1658409248.6151357,897.0
1658409248.6338162,892.0
1658409248.653484,890.0
1658409248.6730797,895.0
1658409248.691416,900.0
1658409248.711945,902.0
1658409248.7304406,883.0
1658409248.7501073,894.0
1658409248.7683523,895.0
1658409248.7883215,891.0
1658409248.806819,882.0
1658409248.8267937,881.0
1658409248.8462474,894.0
1658409248.8654857,898.0
1658409248.8846917,893.0
1658409248.9038188,891.0
1658409248.9232414,884.0
1658409248.942471,895.0
1658409248.9618614,884.0
1658409248.981077,889.0
1658409249.000294,892.0
1658409249.019472,890.0
1658409249.038817,899.0
1658409249.057974,892.0
1658409249.0772982,891.0
1658409249.0967183,892.0
1658409249.115868,892.0
1658409249.1352243,894.0
1658409249.1544588,892.0
1658409249.1737096,890.0
1658409249.1930482,889.0
1658409249.2124088,887.0
1658409249.231692,901.0
1658409249.2508833,893.0
1658409249.2700078,895.0
1658409249.289167,889.0
1658409249.3083243,897.0
1658409249.3278515,894.0
1658409249.3471653,899.0
1658409249.366336,894.0
1658409249.3855042,889.0
1658409249.4046745,884.0
1658409249.4240518,879.0
1658409249.4441779,898.0
1658409249.4628158,891.0
1658409249.482418,899.0
1658409249.5008554,893.0
1658409249.5204678,897.0
1658409249.5391343,888.0
1658409249.5587447,895.0
1658409249.5790899,899.0
1658409249.5972216,889.0
1658409249.617193,892.0
1658409249.6356878,889.0
1658409249.655577,892.0
1658409249.6751168,898.0
1658409249.6943223,904.0
1658409249.7130551,899.0
1658409249.7328184,901.0
1658409249.7510166,896.0
1658409249.7707179,897.0
1658409249.7904406,896.0
1658409249.808959,893.0
1658409249.8297572,897.0
1658409249.848185,887.0
1658409249.8669474,893.0
1658409249.8867471,895.0
1658409249.9051788,898.0
1658409249.925128,908.0
1658409249.9439478,895.0
1658409249.9638736,902.0
1658409249.9821444,905.0
1658409250.0017252,899.0
1658409250.0216393,892.0
1658409250.0404077,891.0
1658409250.060553,890.0
1658409250.0786402,897.0
1658409250.0985985,884.0
1658409250.1172202,887.0
1658409250.1369257,897.0
1658409250.157181,899.0
1658409250.1752534,892.0
1658409250.1956172,899.0
1658409250.2133577,897.0
1658409250.2334473,889.0
1658409250.252762,889.0
1658409250.2720463,899.0
1658409250.2909894,906.0
1658409250.3104544,882.0
1658409250.3308477,896.0
1658409250.3483899,892.0
1658409250.3680427,890.0
1658409250.3876717,890.0
1658409250.4065259,892.0
1658409250.4254453,897.0
1658409250.4453857,894.0
1658409250.464836,885.0
1658409250.4840226,894.0
1658409250.503465,891.0
1658409250.5220835,892.0
1658409250.5421703,897.0
1658409250.5603752,898.0
1658409250.5800385,891.0
1658409250.5998523,884.0
1658409250.6184459,903.0
1658409250.6383603,890.0
1658409250.6569228,899.0
1658409250.6768284,888.0
1658409250.695842,881.0
1658409250.7143495,897.0
1658409250.7343993,898.0
1658409250.7528808,897.0
1658409250.7726588,893.0
1658409250.792557,896.0
1658409250.811227,884.0
1658409250.8301234,892.0
1658409250.8499482,893.0
1658409250.8697546,900.0
1658409250.8881097,901.0
1658409250.908236,894.0
1658409250.9268198,895.0
1658409250.9469156,898.0
1658409250.9652495,900.0
1658409250.9851263,900.0
1658409251.0037344,883.0
1658409251.0235453,899.0
1658409251.0421846,892.0
1658409251.0622282,889.0
1658409251.0806377,892.0
1658409251.099763,896.0
1658409251.1193495,890.0
1658409251.1394742,894.0
1658409251.1580067,886.0
1658409251.1769078,894.0
1658409251.1972969,899.0
1658409251.2159178,892.0
1658409251.234659,888.0
1658409251.2546353,890.0
1658409251.2733083,891.0
1658409251.2930758,891.0
1658409251.3125198,884.0
1658409251.3312166,894.0
1658409251.351252,891.0
1658409251.369596,891.0
1658409251.3895946,892.0
1658409251.4083877,885.0
1658409251.4281242,899.0
1658409251.4466772,898.0
1658409251.4656522,898.0
1658409251.4857814,891.0
1658409251.504695,896.0
1658409251.5246665,894.0
1658409251.5433772,900.0
1658409251.5634387,884.0
1658409251.5817614,891.0
1658409251.6010659,890.0
1658409251.6207964,889.0
1658409251.6391573,900.0
1658409251.6590748,889.0
1658409251.6787596,896.0
1658409251.6972988,886.0
1658409251.7171295,896.0
1658409251.7367826,897.0
1658409251.7548528,884.0
1658409251.7746692,893.0
1658409251.7944853,894.0
1658409251.812806,907.0
1658409251.832554,902.0
1658409251.8511422,898.0
1658409251.8710935,901.0
1658409251.8904612,907.0
1658409251.9100974,894.0
1658409251.9285796,892.0
1658409251.9487042,898.0
1658409251.9669845,890.0
1658409251.9864986,896.0
1658409252.0061886,893.0
1658409252.0256524,883.0
1658409252.044013,892.0
1658409252.063824,888.0
1658409252.0833902,887.0
1658409252.1018326,890.0
1658409252.1210537,887.0
1658409252.1409986,882.0
1658409252.1607282,902.0
1658409252.1787353,890.0
1658409252.1984756,890.0
1658409252.2179697,894.0
1658409252.2362916,877.0
1658409252.2558374,895.0
1658409252.2756765,896.0
1658409252.2944877,901.0
1658409252.3142226,897.0
1658409252.33365,892.0
1658409252.352158,903.0
1658409252.3715067,888.0
1658409252.3906367,891.0
1658409252.4098542,893.0
1658409252.4292495,899.0
1658409252.448537,899.0
1658409252.4676862,888.0
1658409252.4869134,890.0
1658409252.5062373,902.0
1658409252.5253687,892.0
1658409252.5446613,893.0
1658409252.5640204,895.0
1658409252.583165,891.0
1658409252.6024604,894.0
1658409252.6215878,887.0
1658409252.6421428,889.0
1658409252.6603045,887.0
1658409252.6797457,896.0
1658409252.6989617,892.0
1658409252.7181203,895.0
1658409252.7374473,881.0
1658409252.7567632,897.0
1658409252.7759683,889.0
1658409252.7953463,891.0
1658409252.8147154,893.0
1658409252.8345733,891.0
1658409252.8530047,887.0
1658409252.8722978,893.0
1658409252.8929791,886.0
1658409252.9108791,895.0
1658409252.9308121,890.0
1658409252.95033,901.0
1658409252.969529,888.0
1658409252.9883332,890.0
1658409253.007103,892.0
1658409253.0264475,899.0
1658409253.046414,903.0
1658409253.065041,895.0
1658409253.0846102,887.0
1658409253.103789,891.0
1658409253.1233692,898.0
1658409253.143189,884.0
1658409253.1615748,894.0
1658409253.1817346,899.0
1658409253.2003102,882.0
1658409253.2198048,892.0
1658409253.2380233,888.0
1658409253.2579627,899.0
1658409253.2776423,887.0
1658409253.2961154,893.0
1658409253.3157876,883.0
1658409253.3353634,898.0
1658409253.3539197,879.0
1658409253.3733544,898.0
1658409253.3934011,897.0
1658409253.4119709,898.0
1658409253.431796,893.0
1658409253.4501002,894.0
1658409253.4699817,888.0
1658409253.4888635,899.0
1658409253.5084224,879.0
1658409253.5280657,897.0
1658409253.5467012,903.0
1658409253.5665083,896.0
1658409253.5850418,897.0
1658409253.6046593,894.0
1658409253.6240695,904.0
1658409253.6437051,902.0
1658409253.6624467,888.0
1658409253.682111,901.0
1658409253.7016268,881.0
1658409253.7198274,895.0
1658409253.7393959,901.0
1658409253.7590175,896.0
1658409253.7787488,881.0
1658409253.7972524,891.0
1658409253.8170722,890.0
1658409253.8354223,893.0
1658409253.8551266,891.0
1658409253.8745975,899.0
1658409253.8945436,888.0
1658409253.9130185,893.0
1658409253.9328516,885.0
1658409253.951095,890.0
1658409253.9707012,892.0
1658409253.9905345,899.0
1658409254.0086713,895.0
1658409254.0285466,894.0
1658409254.0483449,893.0
1658409254.0667365,898.0
1658409254.0864537,888.0
1658409254.1060276,900.0
1658409254.1243598,897.0
1658409254.1438677,892.0
1658409254.1639926,895.0
1658409254.18204,890.0
1658409254.2014077,889.0
1658409254.2210479,895.0
1658409254.2404938,874.0
1658409254.2601666,895.0
1658409254.2799323,893.0
1658409254.2984047,892.0
1658409254.3169177,889.0
1658409254.3370802,895.0
1658409254.355917,905.0
1658409254.3757675,900.0
1658409254.3952196,894.0
1658409254.4140573,885.0
1658409254.432647,908.0
1658409254.452466,894.0
1658409254.4711988,901.0
1658409254.490429,890.0
1658409254.5109007,878.0
1658409254.5298843,894.0
1658409254.5487728,884.0
1658409254.56775,897.0
1658409254.5880015,893.0
1658409254.606765,895.0
1658409254.626638,896.0
1658409254.6460261,894.0
1658409254.6637316,891.0
1658409254.6837928,899.0
1658409254.7024531,890.0
1658409254.7224576,896.0
1658409254.7408571,900.0
1658409254.7619011,882.0
1658409254.780558,899.0
1658409254.7992625,891.0
1658409254.8180957,897.0
1658409254.837139,892.0
1658409254.8575375,899.0
1658409254.8767707,895.0
1658409254.8959255,893.0
1658409254.9144974,892.0
1658409254.9344876,900.0
1658409254.9535723,889.0
1658409254.972395,903.0
1658409254.9916584,899.0
1658409255.0124242,886.0
1658409255.0310118,892.0
1658409255.0497005,890.0
1658409255.0689669,890.0
1658409255.0880232,901.0
1658409255.106782,899.0
1658409255.1269903,894.0
1658409255.1463013,890.0
1658409255.1654613,891.0
1658409255.1841366,892.0
1658409255.2031507,892.0
1658409255.223436,888.0
1658409255.2421923,904.0
1658409255.2619529,890.0
1658409255.2807944,893.0
1658409255.300187,895.0
1658409255.318746,889.0
1658409255.33894,894.0
1658409255.3574626,892.0
1658409255.3784702,892.0
1658409255.3958354,888.0
1658409255.4159522,895.0
1658409255.4346664,894.0
1658409255.453657,904.0
1658409255.4739869,882.0
1658409255.4936137,899.0
1658409255.5125914,878.0
1658409255.5314834,890.0
1658409255.550542,895.0
1658409255.569528,892.0
1658409255.5896297,889.0
1658409255.6083708,906.0
1658409255.6286519,889.0
1658409255.6472487,887.0
1658409255.6660287,889.0
1658409255.685837,890.0
1658409255.7047415,897.0
1658409255.72341,893.0
1658409255.7438924,900.0
1658409255.7626898,900.0
1658409255.781296,896.0
1658409255.801468,897.0
1658409255.820149,911.0
1658409255.8389783,899.0
1658409255.8592663,890.0
1658409255.8790653,891.0
1658409255.897803,893.0
1658409255.9162865,895.0
1658409255.936304,896.0
1658409255.955187,894.0
1658409255.9740107,895.0
1658409255.9954798,902.0
1658409256.012743,885.0
1658409256.0327432,891.0
1658409256.05167,894.0
1658409256.0705662,889.0
1658409256.0892386,890.0
1658409256.1093035,894.0
1658409256.1294603,888.0
1658409256.1471071,886.0
1658409256.1672263,891.0
1658409256.1857855,894.0
1658409256.2060354,897.0
1658409256.224363,895.0
1658409256.2448153,899.0
1658409256.2640965,896.0
1658409256.282806,897.0
1658409256.3016956,897.0
1658409256.3216903,902.0
1658409256.3408506,893.0
1658409256.359106,892.0
1658409256.3790622,891.0
1658409256.3983626,876.0
1658409256.4177177,899.0
1658409256.4369745,885.0
1658409256.4563525,893.0
1658409256.4757605,885.0
1658409256.4939637,890.0
1658409256.513814,905.0
1658409256.5332885,885.0
1658409256.5527935,896.0
1658409256.5719972,897.0
1658409256.5910187,894.0
1658409256.6103902,902.0
1658409256.6297936,890.0
1658409256.6490624,895.0
1658409256.6682365,895.0
1658409256.687325,898.0
1658409256.7064917,898.0
1658409256.7258837,895.0
1658409256.7456174,894.0
1658409256.7637131,891.0
1658409256.7830787,897.0
1658409256.8023171,896.0
1658409256.8218071,887.0
1658409256.841071,893.0
1658409256.8604605,896.0
1658409256.880254,888.0
1658409256.8984122,896.0
1658409256.9176965,886.0
1658409256.9371688,891.0
1658409256.9565473,884.0
1658409256.9760559,886.0
1658409256.9956844,894.0
1658409257.015271,891.0
1658409257.0331798,900.0
1658409257.0526576,891.0
1658409257.0721416,893.0
1658409257.0914176,896.0
1658409257.111107,893.0
1658409257.130503,899.0
1658409257.1498506,898.0
1658409257.1691856,904.0
1658409257.1885269,903.0
1658409257.206671,889.0
1658409257.226059,897.0
1658409257.2456696,890.0
1658409257.2650747,898.0
1658409257.284422,899.0
1658409257.303623,896.0
1658409257.3231583,886.0
1658409257.342407,893.0
1658409257.3619576,903.0
1658409257.3801432,898.0
1658409257.3994048,901.0
1658409257.4189894,883.0
1658409257.4382274,892.0
1658409257.4577036,898.0
1658409257.477246,888.0
1658409257.4969687,895.0
1658409257.5151246,896.0
1658409257.5344968,888.0
1658409257.5540915,882.0
1658409257.573452,900.0
1658409257.5927918,891.0
1658409257.6125789,890.0
1658409257.6304893,897.0
1658409257.6496797,894.0
1658409257.6702776,896.0
1658409257.6894753,902.0
1658409257.7074718,883.0
1658409257.7270627,895.0
1658409257.7465003,889.0
1658409257.7660348,898.0
1658409257.7853522,889.0
1658409257.8048766,885.0
1658409257.824337,894.0
1658409257.8422887,897.0
1658409257.8620203,896.0
1658409257.8814435,899.0
1658409257.9006348,898.0
1658409257.9200022,895.0
1658409257.9394314,880.0
1658409257.9586751,894.0
1658409257.9783201,895.0
1658409257.997729,891.0
1658409258.0158124,893.0
1658409258.0352488,889.0
1658409258.0544734,886.0
1658409258.0737898,892.0
1658409258.0931625,900.0
1658409258.113062,889.0
1658409258.13245,893.0
1658409258.1517274,890.0
1658409258.1710315,881.0
1658409258.1903803,892.0
1658409258.209668,893.0
1658409258.2277622,901.0
1658409258.2473829,898.0
1658409258.2669542,902.0
1658409258.2863083,889.0
1658409258.3056276,893.0
1658409258.325077,893.0
1658409258.3444736,890.0
1658409258.3626475,901.0
1658409258.3820074,901.0
1658409258.4012625,883.0
1658409258.4207726,888.0
1658409258.4401193,894.0
1658409258.4594738,892.0
1658409258.479074,901.0
1658409258.498438,892.0
1658409258.5166156,888.0
1658409258.536078,898.0
1658409258.5554757,896.0
1658409258.5747614,894.0
1658409258.5941567,882.0
1658409258.6138325,891.0
1658409258.6332138,892.0
1658409258.6525812,886.0
1658409258.6706858,894.0
1658409258.6900332,888.0
1658409258.7093277,888.0
1658409258.7294335,895.0
1658409258.7485723,880.0
1658409258.7679453,890.0
1658409258.787462,894.0
1658409258.805621,890.0
1658409258.8252902,902.0
1658409258.844992,897.0
1658409258.8643253,896.0
1658409258.883683,899.0
1658409258.9031086,897.0
1658409258.9212031,892.0
1658409258.9405575,893.0
1658409258.9600894,899.0
1658409258.9797835,901.0
1658409258.999078,892.0
1658409259.0186052,895.0
1658409259.0378726,893.0
1658409259.057297,894.0
1658409259.075385,897.0
1658409259.0948112,886.0
1658409259.1144357,887.0
1658409259.1336513,884.0
1658409259.152964,894.0
1658409259.1724606,892.0
1658409259.1917973,890.0
1658409259.211715,887.0
1658409259.2297854,898.0
1658409259.2492623,892.0
1658409259.268477,885.0
1658409259.2876906,895.0
1658409259.3071647,897.0
1658409259.3264601,896.0
1658409259.3463767,884.0
1658409259.364479,897.0
1658409259.3839815,892.0
1658409259.4036186,892.0
1658409259.4221122,887.0
1658409259.441921,893.0
1658409259.4620311,894.0
1658409259.4806576,904.0
1658409259.5002162,894.0
1658409259.518667,900.0
1658409259.5378852,893.0
1658409259.557176,899.0
1658409259.5763896,893.0
1658409259.5958397,894.0
1658409259.6150231,899.0
1658409259.6343067,898.0
1658409259.653531,893.0
1658409259.672819,893.0
1658409259.692044,897.0
1658409259.7114325,890.0
1658409259.7310326,903.0
1658409259.7501853,893.0
1658409259.76929,898.0
1658409259.7884884,895.0
1658409259.807679,897.0
1658409259.8271477,889.0
1658409259.8464997,894.0
1658409259.8657753,896.0
1658409259.8849857,887.0
1658409259.9041328,896.0
1658409259.923366,898.0
1658409259.9425952,895.0
1658409259.962118,895.0
1658409259.9814866,892.0
1658409260.0005922,889.0
1658409260.019843,896.0
1658409260.0390992,882.0
1658409260.0583575,895.0
1658409260.077593,895.0
1658409260.0969305,896.0
1658409260.1162305,895.0
1658409260.1353853,893.0
1658409260.1544945,892.0
1658409260.173742,895.0
1658409260.1929955,895.0
1658409260.212348,891.0
1658409260.2316535,895.0
1658409260.2507458,892.0
1658409260.2699027,894.0
1658409260.289108,897.0
1658409260.3082716,892.0
1658409260.3279064,895.0
1658409260.3479075,889.0
1658409260.3664975,892.0
1658409260.38643,896.0
1658409260.404867,896.0
1658409260.4246438,891.0
1658409260.4438612,892.0
1658409260.4633284,892.0
1658409260.482686,904.0
1658409260.5018377,903.0
1658409260.521145,892.0
1658409260.5403373,889.0
1658409260.559563,889.0
1658409260.5789087,891.0
1658409260.5982237,889.0
1658409260.6173613,889.0
1658409260.6364903,885.0
1658409260.6556177,893.0
1658409260.674931,889.0
1658409260.6942697,897.0
1658409260.7135634,886.0
1658409260.732876,896.0
1658409260.7520278,903.0
1658409260.7712996,894.0
1658409260.7904289,887.0
1658409260.8094969,885.0
1658409260.8289702,881.0
1658409260.8483336,896.0
1658409260.8677301,895.0
1658409260.886983,909.0
1658409260.9061625,890.0
1658409260.9254897,891.0
1658409260.9447875,896.0
1658409260.9641411,898.0
1658409260.983351,899.0
1658409261.0024788,902.0
1658409261.021743,892.0
1658409261.0409336,898.0
1658409261.0601194,887.0
1658409261.079385,905.0
1658409261.0985572,902.0
1658409261.1176932,896.0
1658409261.1369295,885.0
1658409261.1560366,890.0
1658409261.17535,886.0
1658409261.1947439,896.0
1658409261.2138977,896.0
1658409261.2331965,886.0
1658409261.252548,885.0
1658409261.271717,901.0
1658409261.2908976,890.0
1658409261.3100863,897.0
1658409261.3295052,895.0
1658409261.3486993,895.0
1658409261.367932,896.0
1658409261.387223,900.0
1658409261.40644,888.0
1658409261.4257648,894.0
1658409261.4451933,898.0
1658409261.4644523,895.0
1658409261.4837112,892.0
1658409261.502881,899.0
1658409261.522159,896.0
1658409261.5414598,891.0
1658409261.5607846,894.0
1658409261.580144,893.0
1658409261.599312,895.0
1658409261.6185682,896.0
1658409261.6376867,886.0
1658409261.6568112,902.0
1658409261.675991,884.0
1658409261.695363,894.0
1658409261.7145936,900.0
1658409261.7338772,900.0
1658409261.753126,895.0
1658409261.77245,897.0
1658409261.7915418,894.0
1658409261.8121884,893.0
1658409261.8302035,901.0
1658409261.8503096,889.0
1658409261.8691404,895.0
1658409261.887892,889.0
1658409261.9079633,905.0
1658409261.9270575,892.0
1658409261.9464848,883.0
1658409261.9657164,896.0
1658409261.9850414,894.0
1658409262.0042005,890.0
1658409262.0234394,891.0
1658409262.0426521,894.0
1658409262.0620801,894.0
1658409262.0812888,894.0
1658409262.1004314,905.0
1658409262.1195872,897.0
1658409262.1387877,888.0
1658409262.1581674,887.0
1658409262.177484,882.0
1658409262.1967523,898.0
1658409262.2159283,888.0
1658409262.2352169,897.0
1658409262.2543616,894.0
1658409262.2736082,895.0
1658409262.2927287,893.0
1658409262.3120768,889.0
1658409262.3313298,889.0
1658409262.3505597,897.0
1658409262.3697891,884.0
1658409262.3889785,883.0
1658409262.4081533,892.0
1658409262.4274278,887.0
1658409262.4468813,892.0
1658409262.4661288,902.0
1658409262.4853346,898.0
1658409262.5046237,897.0
1658409262.5239134,887.0
1658409262.543037,883.0
1658409262.5625198,878.0
1658409262.5816374,886.0
1658409262.6008444,889.0
1658409262.6199281,894.0
1658409262.6391947,895.0
1658409262.6597445,899.0
1658409262.6791632,884.0
1658409262.6970227,893.0
1658409262.717489,892.0
1658409262.7355545,890.0
1658409262.7548113,887.0
1658409262.775373,901.0
1658409262.7932925,895.0
1658409262.8138947,896.0
1658409262.8321557,903.0
1658409262.851465,900.0
1658409262.8708723,892.0
1658409262.8900568,891.0
1658409262.9091594,903.0
1658409262.928694,896.0
1658409262.947924,893.0
1658409262.9680855,894.0
1658409262.9865847,895.0
1658409263.0056334,899.0
1658409263.0248277,897.0
1658409263.0437663,908.0
1658409263.0643828,892.0
1658409263.0835264,895.0
1658409263.1027253,898.0
1658409263.1219156,889.0
1658409263.1410947,892.0
1658409263.1603343,894.0
1658409263.179636,896.0
1658409263.1988313,896.0
1658409263.217925,892.0
1658409263.2371361,894.0
1658409263.2562542,892.0
1658409263.2759511,897.0
1658409263.2954514,895.0
1658409263.3147047,900.0
1658409263.3340557,898.0
1658409263.353346,900.0
1658409263.3713067,888.0
1658409263.3918738,896.0
1658409263.4111514,896.0
1658409263.4304311,899.0
1658409263.4495816,894.0
1658409263.4687424,897.0
1658409263.4879472,895.0
1658409263.5071685,889.0
1658409263.5263984,892.0
1658409263.5459113,895.0
1658409263.565106,889.0
1658409263.5843275,898.0
1658409263.6035364,889.0
1658409263.6227062,898.0
1658409263.6418412,889.0
1658409263.6610882,892.0
1658409263.6803842,898.0
1658409263.6995835,890.0
1658409263.7186894,900.0
1658409263.7378526,896.0
1658409263.7570894,896.0
1658409263.77628,891.0
1658409263.7957227,882.0
1658409263.8148682,891.0
1658409263.8348713,881.0
1658409263.8533037,898.0
1658409263.8732064,888.0
1658409263.8915195,890.0
1658409263.9114683,898.0
1658409263.931337,892.0
1658409263.9493904,891.0
1658409263.9691737,899.0
1658409263.9887335,888.0
1658409264.008323,896.0
1658409264.0266528,892.0
1658409264.04675,897.0
1658409264.0651956,894.0
1658409264.0845978,898.0
1658409264.1042662,893.0
1658409264.1237144,889.0
1658409264.1420293,890.0
1658409264.161673,887.0
1658409264.1813657,902.0
1658409264.2008545,894.0
1658409264.2191691,893.0
1658409264.239115,892.0
1658409264.2574255,879.0
1658409264.2771416,895.0
1658409264.2970695,884.0
1658409264.3155072,894.0
1658409264.335014,898.0
1658409264.3548625,894.0
1658409264.373125,890.0
1658409264.3925297,888.0
1658409264.4122777,900.0
1658409264.431887,890.0
1658409264.4503336,897.0
1658409264.4699996,893.0
1658409264.4894335,901.0
1658409264.5089974,886.0
1658409264.528065,891.0
1658409264.546779,885.0
1658409264.566941,904.0
1658409264.5858412,895.0
1658409264.6055844,893.0
1658409264.6236923,889.0
1658409264.643082,898.0
1658409264.663019,884.0
1658409264.6813228,895.0
1658409264.7009852,893.0
1658409264.7202263,918.0
1658409264.740209,894.0
1658409264.7598782,893.0
1658409264.7782233,901.0
1658409264.7979188,900.0
1658409264.8161812,892.0
1658409264.83615,891.0
1658409264.8547192,894.0
1658409264.8742757,887.0
1658409264.8939874,896.0
1658409264.9137695,893.0
1658409264.9320095,891.0
1658409264.9516823,893.0
1658409264.9714754,889.0
1658409264.989659,890.0
1658409265.009327,891.0
1658409265.029171,897.0
1658409265.0488591,895.0
1658409265.0667264,893.0
1658409265.0865433,893.0
1658409265.106332,890.0
1658409265.1256828,892.0
1658409265.1441023,894.0
1658409265.1642087,889.0
1658409265.1835623,886.0
1658409265.201436,890.0
1658409265.2211099,891.0
1658409265.240855,892.0
1658409265.260497,895.0
1658409265.278902,890.0
1658409265.2984567,879.0
1658409265.3178883,897.0
1658409265.3374972,886.0
1658409265.3571095,893.0
1658409265.3753452,888.0
1658409265.3958097,891.0
1658409265.4143653,895.0
1658409265.432844,895.0
1658409265.4527109,905.0
1658409265.4714577,878.0
1658409265.491137,892.0
1658409265.5098612,898.0
1658409265.530575,892.0
1658409265.5490153,891.0
1658409265.5676088,899.0
1658409265.5876648,902.0
1658409265.606311,882.0
