1658411340.8256013,510.0
1658411340.8431168,500.0
1658411340.8617702,507.0
1658411340.880676,502.0
1658411340.8995407,508.0
1658411340.9193685,506.0
1658411340.938149,497.0
1658411340.958034,502.0
1658411340.9765048,510.0
1658411340.9959483,504.0
1658411341.015052,507.0
1658411341.0350168,501.0
1658411341.0533273,507.0
1658411341.0731292,504.0
1658411341.0915005,500.0
1658411341.1110623,509.0
1658411341.130523,509.0
1658411341.1492496,507.0
1658411341.16896,507.0
1658411341.1884935,504.0
1658411341.2071443,506.0
1658411341.226969,503.0
1658411341.2466547,504.0
1658411341.2651372,507.0
1658411341.2845695,504.0
1658411341.3043315,508.0
1658411341.3236034,494.0
1658411341.3419838,507.0
1658411341.3611023,502.0
1658411341.380567,504.0
1658411341.4004436,499.0
1658411341.4205203,499.0
1658411341.4391298,503.0
1658411341.4576483,508.0
1658411341.4775882,512.0
1658411341.4971445,504.0
1658411341.5153558,501.0
1658411341.5353384,501.0
1658411341.554147,504.0
1658411341.5736902,505.0
1658411341.5931401,504.0
1658411341.6126764,502.0
1658411341.6310666,502.0
1658411341.650867,507.0
1658411341.6694639,514.0
1658411341.6890779,509.0
1658411341.708693,501.0
1658411341.7283154,501.0
1658411341.747282,511.0
1658411341.7657244,504.0
1658411341.7853947,512.0
1658411341.8052843,503.0
1658411341.8234127,506.0
1658411341.8436859,508.0
1658411341.8631568,509.0
1658411341.8812249,502.0
1658411341.9005926,506.0
1658411341.9203029,506.0
1658411341.9404514,506.0
1658411341.9589083,499.0
1658411341.9786108,498.0
1658411341.996869,504.0
1658411342.0164971,510.0
1658411342.0365543,510.0
1658411342.0551264,508.0
1658411342.0747721,503.0
1658411342.092949,503.0
1658411342.112531,505.0
1658411342.1320193,515.0
1658411342.1507506,502.0
1658411342.1707802,507.0
1658411342.1900935,507.0
1658411342.2096627,502.0
1658411342.2278316,505.0
1658411342.2480404,500.0
1658411342.266289,500.0
1658411342.2859943,505.0
1658411342.305473,507.0
1658411342.324992,505.0
1658411342.3436701,509.0
1658411342.3632588,499.0
1658411342.3828096,506.0
1658411342.4024794,506.0
1658411342.420353,504.0
1658411342.439816,503.0
1658411342.4594858,506.0
1658411342.4786496,506.0
1658411342.4977064,512.0
1658411342.5167606,502.0
1658411342.5366635,504.0
1658411342.5551357,501.0
1658411342.5748491,508.0
1658411342.5944188,505.0
1658411342.6138341,508.0
1658411342.6332183,510.0
1658411342.651959,507.0
1658411342.6715016,508.0
1658411342.6910403,514.0
1658411342.7092903,511.0
1658411342.7288313,508.0
1658411342.7477684,502.0
1658411342.768401,504.0
1658411342.7867613,502.0
1658411342.8056848,512.0
1658411342.8249588,501.0
1658411342.8449204,508.0
1658411342.8640354,508.0
1658411342.8830876,505.0
1658411342.9022796,503.0
1658411342.9214315,507.0
1658411342.9411657,512.0
1658411342.9600494,507.0
1658411342.9796054,508.0
1658411342.9991462,504.0
1658411343.0187223,500.0
1658411343.0368268,504.0
1658411343.05693,511.0
1658411343.0751493,502.0
1658411343.0945559,507.0
1658411343.1139312,501.0
1658411343.1336706,505.0
1658411343.1524935,502.0
1658411343.1716871,507.0
1658411343.1917973,499.0
1658411343.2100053,501.0
1658411343.2293904,506.0
1658411343.248832,503.0
1658411343.267916,503.0
1658411343.2870207,503.0
1658411343.3071723,506.0
1658411343.3265128,506.0
1658411343.345233,504.0
1658411343.3649411,500.0
1658411343.3832407,507.0
1658411343.4029355,500.0
1658411343.4223828,504.0
1658411343.4411943,509.0
1658411343.460763,508.0
1658411343.480053,501.0
1658411343.4990876,504.0
1658411343.5183303,504.0
1658411343.537966,505.0
1658411343.5576947,511.0
1658411343.5758126,504.0
1658411343.5951736,505.0
1658411343.6147065,504.0
1658411343.6342132,510.0
1658411343.6529255,503.0
1658411343.6726096,501.0
1658411343.6921027,504.0
1658411343.7116787,508.0
1658411343.7310836,507.0
1658411343.7498734,498.0
1658411343.7685413,505.0
1658411343.7884965,506.0
1658411343.8080022,503.0
1658411343.8262243,512.0
1658411343.8458245,504.0
1658411343.8656118,503.0
1658411343.884068,504.0
1658411343.9036992,509.0
1658411343.9230933,510.0
1658411343.942794,499.0
1658411343.961942,513.0
1658411343.9810922,501.0
1658411344.0008748,501.0
1658411344.0193937,505.0
1658411344.0391793,509.0
1658411344.0573251,506.0
1658411344.0784302,510.0
1658411344.09753,507.0
1658411344.1155863,507.0
1658411344.1350367,517.0
1658411344.1543014,510.0
1658411344.173633,505.0
1658411344.1922896,511.0
1658411344.2123077,504.0
1658411344.2314935,504.0
1658411344.2506325,510.0
1658411344.2694654,508.0
1658411344.2887821,503.0
1658411344.3076146,505.0
1658411344.3284693,509.0
1658411344.347318,505.0
1658411344.366437,508.0
1658411344.3848996,507.0
1658411344.4038424,511.0
1658411344.4242449,502.0
1658411344.4436758,506.0
1658411344.463193,512.0
1658411344.482547,511.0
1658411344.5009222,513.0
1658411344.5198753,502.0
1658411344.539401,511.0
1658411344.5590281,509.0
1658411344.5784261,507.0
1658411344.5964885,513.0
1658411344.6164103,508.0
1658411344.636086,515.0
1658411344.6551204,511.0
1658411344.6741483,508.0
1658411344.6930506,516.0
1658411344.7121577,514.0
1658411344.732642,514.0
1658411344.7511978,506.0
1658411344.7710268,513.0
1658411344.7895567,514.0
1658411344.8090594,513.0
1658411344.8286154,510.0
1658411344.8479252,513.0
1658411344.8671339,510.0
1658411344.8863845,511.0
1658411344.905447,510.0
1658411344.924551,515.0
1658411344.9441693,512.0
1658411344.9637287,511.0
1658411344.9817195,515.0
1658411345.0011747,519.0
1658411345.020981,506.0
1658411345.0397062,507.0
1658411345.059578,511.0
1658411345.0780818,518.0
1658411345.098035,520.0
1658411345.1181333,515.0
1658411345.1367106,516.0
1658411345.1554897,517.0
1658411345.175532,520.0
1658411345.1939068,518.0
1658411345.213498,508.0
1658411345.2329676,516.0
1658411345.252868,518.0
1658411345.2713838,514.0
1658411345.2898388,511.0
1658411345.3097644,508.0
1658411345.329302,506.0
1658411345.3478153,507.0
1658411345.3677342,511.0
1658411345.387346,513.0
1658411345.405363,508.0
1658411345.4248197,508.0
1658411345.4444535,516.0
1658411345.4642913,516.0
1658411345.48254,512.0
1658411345.5020964,510.0
1658411345.5215561,516.0
1658411345.541137,514.0
1658411345.5595922,519.0
1658411345.5790656,516.0
1658411345.5987046,509.0
1658411345.6183717,512.0
1658411345.6370966,505.0
1658411345.6569118,516.0
1658411345.6753187,511.0
1658411345.694811,508.0
1658411345.7141461,507.0
1658411345.7338064,507.0
1658411345.7531066,504.0
1658411345.7721543,508.0
1658411345.7914305,507.0
1658411345.8108697,504.0
1658411345.8300931,508.0
1658411345.848724,509.0
1658411345.8687632,508.0
1658411345.8882782,510.0
1658411345.9065073,510.0
1658411345.9261181,509.0
1658411345.9457457,509.0
1658411345.964488,500.0
1658411345.9840226,505.0
1658411346.0038962,507.0
1658411346.022068,506.0
1658411346.0418875,509.0
1658411346.0604756,507.0
1658411346.080102,508.0
1658411346.0997329,510.0
1658411346.1194673,505.0
1658411346.1374369,505.0
1658411346.1575713,505.0
1658411346.175863,503.0
1658411346.1954422,506.0
1658411346.2149558,507.0
1658411346.234768,505.0
1658411346.2528908,506.0
1658411346.2726226,502.0
1658411346.2923057,499.0
1658411346.3117855,503.0
1658411346.3310935,504.0
1658411346.349508,497.0
1658411346.3698962,503.0
1658411346.388267,510.0
1658411346.4075043,503.0
1658411346.426908,509.0
1658411346.446378,505.0
1658411346.465061,503.0
1658411346.4850016,507.0
1658411346.5045767,503.0
1658411346.5226948,510.0
1658411346.5422459,506.0
1658411346.562547,504.0
1658411346.5811698,506.0
1658411346.6007712,502.0
1658411346.6193662,497.0
1658411346.638262,501.0
1658411346.657773,500.0
1658411346.6767576,510.0
1658411346.6964257,501.0
1658411346.7163672,501.0
1658411346.7361777,510.0
1658411346.7537713,501.0
1658411346.7731066,502.0
1658411346.792615,505.0
1658411346.8116472,502.0
1658411346.8309326,496.0
1658411346.8515334,500.0
1658411346.8703294,507.0
1658411346.8887496,503.0
1658411346.9080603,509.0
1658411346.92742,500.0
1658411346.9467938,507.0
1658411346.966056,507.0
1658411346.9855084,506.0
1658411347.004304,507.0
1658411347.023586,507.0
1658411347.0434146,504.0
1658411347.0620465,508.0
1658411347.0815191,504.0
1658411347.101843,502.0
1658411347.1199906,503.0
1658411347.139813,502.0
1658411347.158317,506.0
1658411347.178172,505.0
1658411347.1977684,509.0
1658411347.2193768,502.0
1658411347.2352962,506.0
1658411347.2551467,504.0
1658411347.2744277,509.0
1658411347.2943206,503.0
1658411347.3130631,504.0
1658411347.3339212,494.0
1658411347.351705,503.0
1658411347.3699431,500.0
1658411347.3893404,507.0
1658411347.4095972,506.0
1658411347.427847,506.0
1658411347.4478605,510.0
1658411347.467748,505.0
1658411347.4868355,512.0
1658411347.504696,503.0
1658411347.5248842,508.0
1658411347.543842,500.0
1658411347.5637226,500.0
1658411347.5824413,509.0
1658411347.6027927,504.0
1658411347.6214905,504.0
1658411347.6404066,508.0
1658411347.6594076,505.0
1658411347.678985,500.0
1658411347.6975868,502.0
1658411347.7179153,513.0
1658411347.7367828,511.0
1658411347.7556288,510.0
1658411347.7747705,504.0
1658411347.7944129,509.0
1658411347.8129454,517.0
1658411347.8333876,509.0
1658411347.8528545,511.0
1658411347.8718069,510.0
1658411347.8907034,511.0
1658411347.9094818,514.0
1658411347.9296594,511.0
1658411347.9485714,499.0
1658411347.9679852,509.0
1658411347.9868228,500.0
1658411348.0065525,508.0
1658411348.0254297,508.0
1658411348.0442939,509.0
1658411348.0633104,506.0
1658411348.0824316,513.0
1658411348.1024418,511.0
1658411348.1210327,514.0
1658411348.1413765,509.0
1658411348.1600802,513.0
1658411348.179123,510.0
1658411348.1993053,516.0
1658411348.2185292,511.0
1658411348.2373755,510.0
1658411348.2560217,517.0
1658411348.275217,508.0
1658411348.2953813,509.0
1658411348.3141723,511.0
1658411348.3335905,516.0
1658411348.3523805,516.0
1658411348.3728774,515.0
1658411348.391409,510.0
1658411348.4108803,508.0
1658411348.4290798,509.0
1658411348.449991,512.0
1658411348.4695027,512.0
1658411348.4881139,510.0
1658411348.5065053,515.0
1658411348.526395,511.0
1658411348.5454354,515.0
1658411348.5643392,519.0
1658411348.5838358,518.0
1658411348.6031032,518.0
1658411348.6229515,519.0
1658411348.6417296,516.0
1658411348.6604142,510.0
1658411348.6798055,508.0
1658411348.7003014,520.0
1658411348.7182963,515.0
1658411348.7385364,517.0
1658411348.757219,515.0
1658411348.777059,517.0
1658411348.7958426,513.0
1658411348.8147292,520.0
1658411348.8337262,512.0
1658411348.8540385,511.0
1658411348.8729236,514.0
1658411348.891793,519.0
1658411348.9117148,518.0
1658411348.9305313,515.0
1658411348.9496894,516.0
1658411348.969199,516.0
1658411348.988131,522.0
1658411349.008347,512.0
1658411349.0271602,518.0
1658411349.0459797,519.0
1658411349.0657144,517.0
1658411349.0851276,520.0
1658411349.103415,515.0
1658411349.1228268,514.0
1658411349.1425385,515.0
1658411349.1621225,509.0
1658411349.1805634,514.0
1658411349.2005916,515.0
1658411349.2188306,509.0
1658411349.2384775,519.0
1658411349.2587283,512.0
1658411349.277459,511.0
1658411349.296292,521.0
1658411349.315822,516.0
1658411349.3347135,514.0
1658411349.354741,516.0
1658411349.3738146,516.0
1658411349.3931882,510.0
1658411349.4118974,506.0
1658411349.4312644,514.0
1658411349.450446,518.0
1658411349.4696293,509.0
1658411349.4888985,512.0
1658411349.5081625,514.0
1658411349.5272367,517.0
1658411349.5473857,509.0
1658411349.5665252,508.0
1658411349.5855246,517.0
1658411349.604679,507.0
1658411349.624401,512.0
1658411349.6430798,505.0
1658411349.6630974,510.0
1658411349.6815434,505.0
1658411349.7017617,505.0
1658411349.7202497,508.0
1658411349.73908,504.0
1658411349.7589905,509.0
1658411349.777541,511.0
1658411349.7978127,494.0
1658411349.8167992,509.0
1658411349.8357482,501.0
1658411349.8554416,506.0
1658411349.8736584,505.0
1658411349.8931296,505.0
1658411349.9126964,507.0
1658411349.9323196,509.0
1658411349.9521074,513.0
1658411349.970072,503.0
1658411349.9898326,507.0
1658411350.0093753,504.0
1658411350.028763,511.0
1658411350.0470262,506.0
1658411350.0673218,501.0
1658411350.0857627,512.0
1658411350.1057196,501.0
1658411350.1242898,506.0
1658411350.1442878,511.0
1658411350.1627812,507.0
1658411350.1826777,508.0
1658411350.2015297,505.0
1658411350.2213542,502.0
1658411350.2400694,506.0
1658411350.2588441,502.0
1658411350.2788422,509.0
1658411350.29776,500.0
1658411350.318235,501.0
1658411350.336719,505.0
1658411350.355435,506.0
1658411350.3753612,513.0
1658411350.3938346,507.0
1658411350.4138772,502.0
1658411350.4329047,500.0
1658411350.4521754,507.0
1658411350.471242,506.0
1658411350.4908893,504.0
1658411350.5095527,505.0
1658411350.5291572,507.0
1658411350.5490117,507.0
1658411350.5688615,506.0
1658411350.5873375,505.0
1658411350.6058967,501.0
1658411350.6257832,507.0
1658411350.6446495,504.0
1658411350.6641076,503.0
1658411350.6837049,503.0
1658411350.7036276,501.0
1658411350.7218578,510.0
1658411350.7412405,511.0
1658411350.7603927,506.0
1658411350.7793713,505.0
1658411350.7986672,508.0
1658411350.8177736,504.0
1658411350.8379655,504.0
1658411350.856772,508.0
1658411350.8753402,514.0
1658411350.8953075,500.0
1658411350.9142766,500.0
1658411350.9329736,502.0
1658411350.9531527,509.0
1658411350.9719408,504.0
1658411350.9919684,507.0
1658411351.010676,504.0
1658411351.0292902,506.0
1658411351.0496469,504.0
1658411351.0687692,512.0
1658411351.08759,507.0
1658411351.107607,498.0
1658411351.125866,498.0
1658411351.1457868,512.0
1658411351.1648152,502.0
1658411351.184109,510.0
1658411351.2031524,509.0
1658411351.2218938,507.0
1658411351.2418811,506.0
1658411351.2604084,505.0
1658411351.280499,506.0
1658411351.299766,505.0
1658411351.3188841,503.0
1658411351.33789,500.0
1658411351.3567302,501.0
1658411351.3767931,509.0
1658411351.395347,511.0
1658411351.4143226,504.0
1658411351.4345946,507.0
1658411351.453727,504.0
1658411351.4726813,499.0
1658411351.4914496,501.0
1658411351.5114806,506.0
1658411351.5297637,498.0
1658411351.549761,502.0
1658411351.5682468,503.0
1658411351.5880427,504.0
1658411351.6080596,500.0
1658411351.626924,501.0
1658411351.6463625,502.0
1658411351.6650372,505.0
1658411351.6843693,506.0
1658411351.703017,505.0
1658411351.7224152,511.0
1658411351.7417526,501.0
1658411351.7608893,505.0
1658411351.781088,506.0
1658411351.7993064,505.0
1658411351.8190432,503.0
1658411351.838108,505.0
1658411351.857681,507.0
1658411351.8771856,506.0
1658411351.8964741,503.0
1658411351.9158168,506.0
1658411351.9353876,505.0
1658411351.953535,504.0
1658411351.9725995,501.0
1658411351.9930027,503.0
1658411352.011435,502.0
1658411352.0305443,510.0
1658411352.050296,502.0
1658411352.0697613,502.0
1658411352.0880992,504.0
1658411352.1082647,500.0
1658411352.128032,504.0
1658411352.1472476,506.0
1658411352.1657205,510.0
1658411352.1855593,510.0
1658411352.2048752,507.0
1658411352.222846,506.0
1658411352.24321,505.0
1658411352.26247,499.0
1658411352.2814407,512.0
1658411352.300736,502.0
1658411352.3202014,503.0
1658411352.3396378,505.0
1658411352.357832,499.0
1658411352.3770926,509.0
1658411352.396817,511.0
1658411352.4173946,505.0
1658411352.4357393,504.0
1658411352.4551604,501.0
1658411352.4735997,509.0
1658411352.4937155,503.0
1658411352.5131507,509.0
1658411352.5320394,502.0
1658411352.5504572,504.0
1658411352.570538,509.0
1658411352.5896056,508.0
1658411352.6083844,506.0
1658411352.6287956,506.0
1658411352.6483407,504.0
1658411352.666795,504.0
1658411352.686011,509.0
1658411352.705478,501.0
1658411352.7244601,501.0
1658411352.7431543,505.0
1658411352.7627492,506.0
1658411352.782842,505.0
1658411352.8014145,501.0
1658411352.8197908,505.0
1658411352.8394012,499.0
1658411352.8593786,507.0
1658411352.8781095,508.0
1658411352.8970063,509.0
1658411352.9162598,500.0
1658411352.9362757,500.0
1658411352.955265,502.0
1658411352.9741702,504.0
1658411352.9943626,507.0
1658411353.0130324,504.0
1658411353.031745,507.0
1658411353.051083,506.0
1658411353.0713499,511.0
1658411353.0900686,505.0
1658411353.109105,500.0
1658411353.1281402,506.0
1658411353.1485739,505.0
1658411353.1675093,507.0
1658411353.1871567,505.0
1658411353.204949,503.0
1658411353.2243192,500.0
1658411353.2437358,504.0
1658411353.262775,512.0
1658411353.2832937,506.0
1658411353.3022664,505.0
1658411353.321307,510.0
1658411353.3404427,514.0
1658411353.3601513,504.0
1658411353.3784685,505.0
1658411353.39794,506.0
1658411353.4184284,506.0
1658411353.4371018,494.0
1658411353.45533,504.0
1658411353.474745,502.0
1658411353.494295,505.0
1658411353.5137649,507.0
1658411353.533552,503.0
1658411353.5517044,510.0
1658411353.5720284,509.0
1658411353.5910413,512.0
1658411353.6093833,495.0
1658411353.6289496,507.0
1658411353.6484752,504.0
1658411353.6680193,501.0
1658411353.6872032,504.0
1658411353.7066095,510.0
1658411353.7262409,502.0
1658411353.7446082,511.0
1658411353.7655084,504.0
1658411353.7832308,508.0
1658411353.8026164,500.0
1658411353.8216097,507.0
1658411353.8408468,500.0
1658411353.8608725,502.0
1658411353.879776,507.0
1658411353.8987978,507.0
1658411353.9179878,506.0
1658411353.9380429,501.0
1658411353.9566667,502.0
1658411353.975788,509.0
1658411353.995479,503.0
1658411354.0147345,503.0
1658411354.0340595,507.0
1658411354.0533543,510.0
1658411354.0717514,498.0
1658411354.0913599,512.0
1658411354.1102273,502.0
1658411354.1296625,512.0
1658411354.1491747,504.0
1658411354.1689556,510.0
1658411354.1872344,510.0
1658411354.2067702,501.0
1658411354.226513,505.0
1658411354.2449756,511.0
1658411354.2645838,498.0
1658411354.2843692,503.0
1658411354.3039312,503.0
1658411354.322353,506.0
1658411354.3420196,502.0
1658411354.3616605,507.0
1658411354.380702,502.0
1658411354.4001923,503.0
1658411354.419408,503.0
1658411354.4386249,507.0
1658411354.4579623,502.0
1658411354.476274,503.0
1658411354.4959397,500.0
1658411354.5157518,502.0
1658411354.5339944,507.0
1658411354.5538046,508.0
1658411354.5734708,498.0
1658411354.5916991,506.0
1658411354.6118119,509.0
1658411354.630144,507.0
1658411354.649984,508.0
1658411354.6696045,504.0
1658411354.6883304,501.0
1658411354.707872,501.0
1658411354.7263682,500.0
1658411354.7460766,496.0
1658411354.7659287,506.0
1658411354.7842185,506.0
1658411354.80419,506.0
1658411354.823888,507.0
1658411354.842093,504.0
1658411354.8617613,509.0
1658411354.8808587,501.0
1658411354.9001546,505.0
1658411354.9193566,510.0
1658411354.938517,497.0
1658411354.9578176,499.0
1658411354.9774141,503.0
1658411354.9970596,498.0
1658411355.0159826,502.0
1658411355.035923,507.0
1658411355.054102,505.0
1658411355.0737677,501.0
1658411355.0933726,504.0
1658411355.1117055,503.0
1658411355.1315742,508.0
1658411355.1501846,498.0
1658411355.1692467,504.0
1658411355.1884475,503.0
1658411355.2089126,502.0
1658411355.2281075,493.0
1658411355.2474291,499.0
1658411355.265782,500.0
1658411355.2855232,501.0
1658411355.3049948,498.0
1658411355.3234038,503.0
1658411355.342991,499.0
1658411355.3626912,503.0
1658411355.3824275,510.0
1658411355.4008877,502.0
1658411355.4204745,499.0
1658411355.440071,497.0
1658411355.4584231,509.0
1658411355.4780087,504.0
1658411355.4976225,503.0
1658411355.5161421,505.0
1658411355.535865,504.0
1658411355.5554109,502.0
1658411355.5737145,504.0
1658411355.59326,503.0
1658411355.6132424,501.0
1658411355.6317174,505.0
1658411355.6516993,502.0
1658411355.6707501,506.0
1658411355.6898577,509.0
1658411355.7090404,502.0
1658411355.7282543,505.0
1658411355.747354,505.0
1658411355.766996,505.0
1658411355.7866166,504.0
1658411355.8051789,503.0
1658411355.8252006,507.0
1658411355.843403,502.0
1658411355.8630395,504.0
1658411355.8826969,507.0
1658411355.9010215,506.0
1658411355.9206817,503.0
1658411355.9403927,506.0
1658411355.9599514,506.0
1658411355.9783309,506.0
1658411355.9979322,502.0
1658411356.0178504,506.0
1658411356.0372818,504.0
1658411356.056185,505.0
1658411356.0744798,508.0
1658411356.0943046,504.0
1658411356.1128356,501.0
1658411356.1335645,506.0
1658411356.1527896,504.0
1658411356.1708522,509.0
1658411356.1902645,500.0
1658411356.2093964,505.0
1658411356.2286172,504.0
1658411356.2484472,506.0
1658411356.2684288,502.0
1658411356.2862406,504.0
1658411356.3052695,503.0
1658411356.3249948,505.0
1658411356.344235,503.0
1658411356.3639388,507.0
1658411356.3831644,506.0
1658411356.402587,502.0
1658411356.42212,498.0
1658411356.4411302,508.0
1658411356.4604747,497.0
1658411356.4794474,500.0
1658411356.4981332,504.0
1658411356.518162,504.0
1658411356.5366375,505.0
1658411356.5568347,500.0
1658411356.5757384,506.0
1658411356.5944188,499.0
1658411356.6133718,505.0
1658411356.6338265,499.0
1658411356.6524024,502.0
1658411356.6720426,499.0
1658411356.6903298,502.0
1658411356.7102067,502.0
1658411356.729981,496.0
1658411356.7484376,499.0
1658411356.7682323,497.0
1658411356.7878,499.0
1658411356.8064773,502.0
1658411356.825252,501.0
1658411356.8451376,500.0
1658411356.8645985,499.0
1658411356.8839195,499.0
1658411356.9029388,500.0
1658411356.9219534,504.0
1658411356.9407148,492.0
1658411356.9599762,494.0
1658411356.979547,495.0
1658411356.999073,496.0
1658411357.0188494,497.0
1658411357.0370095,491.0
1658411357.057267,495.0
1658411357.0756657,494.0
1658411357.095489,493.0
1658411357.1142216,491.0
1658411357.1342213,494.0
1658411357.1537206,488.0
1658411357.1723244,488.0
1658411357.1911001,490.0
1658411357.2108998,491.0
1658411357.230571,495.0
1658411357.249457,488.0
1658411357.2688773,486.0
1658411357.2882187,492.0
1658411357.3070648,480.0
1658411357.3268533,486.0
1658411357.3456428,484.0
1658411357.3653307,486.0
1658411357.3844156,481.0
1658411357.403143,487.0
1658411357.4221914,487.0
1658411357.442439,485.0
1658411357.4613342,474.0
1658411357.4800005,479.0
1658411357.4996498,477.0
1658411357.5183756,478.0
1658411357.5385475,485.0
1658411357.5575502,479.0
1658411357.576184,475.0
1658411357.5965385,483.0
1658411357.6155524,477.0
1658411357.6344564,475.0
1658411357.6544726,472.0
1658411357.6730711,474.0
1658411357.6917772,473.0
1658411357.7119052,465.0
1658411357.7306385,453.0
1658411357.7496738,471.0
1658411357.7698522,460.0
1658411357.7886825,466.0
1658411357.8079805,469.0
1658411357.8270345,467.0
1658411357.8469706,467.0
1658411357.865857,463.0
1658411357.884915,468.0
1658411357.9036815,475.0
1658411357.9241486,468.0
1658411357.9428163,470.0
1658411357.961661,471.0
1658411357.9820013,469.0
1658411358.0006027,468.0
1658411358.0194948,480.0
1658411358.039501,474.0
1658411358.0584555,475.0
1658411358.0772357,480.0
1658411358.0972977,485.0
1658411358.116418,482.0
1658411358.135141,490.0
1658411358.1540916,492.0
1658411358.17457,489.0
1658411358.1929991,492.0
1658411358.2122266,486.0
1658411358.2319243,497.0
1658411358.2511435,500.0
1658411358.2699971,489.0
1658411358.2886002,494.0
1658411358.3083959,497.0
1658411358.328389,501.0
1658411358.34699,497.0
1658411358.366302,495.0
1658411358.3857112,498.0
1658411358.4048624,495.0
1658411358.4239035,497.0
1658411358.4428165,501.0
1658411358.4630694,502.0
1658411358.484288,497.0
1658411358.5023663,499.0
1658411358.5201173,502.0
1658411358.539173,499.0
1658411358.558981,506.0
1658411358.5787861,500.0
1658411358.597284,507.0
1658411358.616263,505.0
1658411358.636163,504.0
1658411358.655631,504.0
1658411358.6738174,508.0
1658411358.693991,501.0
1658411358.712678,506.0
1658411358.732971,503.0
1658411358.7522886,504.0
1658411358.771406,505.0
1658411358.7901118,507.0
1658411358.808708,504.0
1658411358.8283746,506.0
1658411358.8470974,502.0
1658411358.8672726,506.0
1658411358.8858047,506.0
1658411358.9056544,509.0
1658411358.9244258,502.0
1658411358.9445362,502.0
1658411358.9630425,505.0
1658411358.9819682,510.0
1658411359.002092,510.0
1658411359.0211303,504.0
1658411359.0407257,505.0
1658411359.0594718,510.0
1658411359.0781581,510.0
1658411359.0984578,509.0
1658411359.1176693,508.0
1658411359.1363099,507.0
1658411359.1555564,503.0
1658411359.175173,509.0
1658411359.1944463,503.0
1658411359.2146995,507.0
1658411359.2334247,505.0
1658411359.2516527,505.0
1658411359.270988,507.0
1658411359.2909544,506.0
1658411359.3101203,509.0
1658411359.3288097,505.0
1658411359.3485615,500.0
1658411359.3680782,508.0
1658411359.3871808,507.0
1658411359.4063518,505.0
1658411359.4253478,504.0
1658411359.4440935,505.0
1658411359.4636176,511.0
1658411359.4837668,508.0
1658411359.5028007,508.0
1658411359.5217633,509.0
1658411359.5411074,511.0
1658411359.559833,512.0
1658411359.5796297,503.0
1658411359.598167,512.0
1658411359.6179364,502.0
1658411359.636964,505.0
1658411359.6564374,507.0
1658411359.674979,515.0
1658411359.6944041,509.0
1658411359.7156124,509.0
1658411359.7330678,504.0
1658411359.7533085,508.0
1658411359.772086,506.0
1658411359.7908885,507.0
1658411359.8110836,510.0
1658411359.8292685,511.0
1658411359.8487837,507.0
1658411359.8680396,506.0
1658411359.8868313,508.0
1658411359.905973,505.0
1658411359.9259326,504.0
1658411359.9447641,511.0
1658411359.9650853,515.0
1658411359.9833298,505.0
1658411360.0019703,509.0
1658411360.0216982,512.0
1658411360.041386,511.0
1658411360.0602238,509.0
1658411360.0790122,504.0
1658411360.0993676,507.0
1658411360.1176634,513.0
1658411360.1377797,507.0
1658411360.156497,505.0
1658411360.176141,505.0
1658411360.1950428,510.0
1658411360.2150557,508.0
1658411360.2332714,508.0
1658411360.2530327,509.0
1658411360.2725105,508.0
1658411360.2919903,508.0
1658411360.3102293,503.0
1658411360.3297758,509.0
1658411360.3486915,501.0
1658411360.3681822,504.0
1658411360.3875535,503.0
1658411360.4075274,509.0
1658411360.4257362,507.0
1658411360.4459283,510.0
1658411360.4653614,506.0
1658411360.4836426,505.0
1658411360.5036433,510.0
1658411360.52259,514.0
1658411360.5420206,503.0
1658411360.5609684,510.0
1658411360.5799456,508.0
1658411360.6000369,503.0
1658411360.6191974,505.0
1658411360.6377976,504.0
1658411360.6582088,508.0
1658411360.6774807,505.0
1658411360.6952956,506.0
1658411360.7157376,504.0
1658411360.7354727,505.0
1658411360.753094,513.0
1658411360.7732697,502.0
1658411360.7926288,506.0
1658411360.811941,510.0
1658411360.8305664,509.0
1658411360.8495715,513.0
1658411360.8695383,501.0
1658411360.8886387,506.0
1658411360.907407,506.0
1658411360.927777,510.0
1658411360.9465308,508.0
1658411360.9666193,509.0
1658411360.9848757,510.0
1658411361.0046031,500.0
1658411361.022661,511.0
1658411361.0430074,498.0
1658411361.061959,510.0
1658411361.0808535,504.0
1658411361.1006198,504.0
1658411361.1192405,504.0
1658411361.1393282,508.0
1658411361.158525,506.0
1658411361.1779103,509.0
1658411361.1963649,505.0
1658411361.216137,504.0
1658411361.2355492,505.0
1658411361.255007,506.0
1658411361.273191,508.0
1658411361.2927382,508.0
1658411361.3124132,502.0
1658411361.3321579,505.0
1658411361.3510387,506.0
1658411361.3696585,501.0
1658411361.3892877,501.0
1658411361.4079707,502.0
1658411361.4275854,501.0
1658411361.4463456,506.0
1658411361.4663491,503.0
1658411361.4858198,506.0
1658411361.504164,504.0
1658411361.5237586,506.0
1658411361.5427806,500.0
1658411361.5625727,502.0
1658411361.5827062,501.0
1658411361.601475,505.0
1658411361.6197715,501.0
1658411361.639698,504.0
1658411361.6580157,501.0
1658411361.6776793,506.0
1658411361.6968386,500.0
1658411361.716006,502.0
1658411361.736375,503.0
1658411361.7544205,507.0
1658411361.7740269,501.0
1658411361.7941809,501.0
1658411361.8127677,508.0
1658411361.8336046,504.0
1658411361.8520248,510.0
1658411361.8705552,501.0
1658411361.889391,504.0
1658411361.9091961,512.0
1658411361.928275,505.0
1658411361.9477446,503.0
1658411361.9674342,505.0
1658411361.9856794,503.0
1658411362.0046852,509.0
1658411362.0247283,509.0
1658411362.0436258,504.0
1658411362.0641177,504.0
1658411362.0823138,506.0
1658411362.102577,507.0
1658411362.1208913,505.0
1658411362.1410584,505.0
1658411362.1586876,503.0
1658411362.1784818,504.0
1658411362.19856,503.0
1658411362.2170136,510.0
1658411362.2364523,496.0
1658411362.255238,502.0
1658411362.275275,500.0
1658411362.294433,508.0
1658411362.3139155,504.0
1658411362.3331182,505.0
1658411362.3537257,505.0
1658411362.3716788,505.0
1658411362.3904715,504.0
1658411362.4093535,499.0
1658411362.4288225,505.0
1658411362.448004,504.0
1658411362.4677901,506.0
1658411362.4866133,500.0
1658411362.5054467,504.0
1658411362.5251465,512.0
1658411362.544455,509.0
1658411362.5650153,504.0
1658411362.5838852,509.0
1658411362.6027696,504.0
1658411362.6211512,506.0
1658411362.6418717,506.0
1658411362.6607938,506.0
1658411362.6786423,503.0
1658411362.6996808,502.0
1658411362.7182884,504.0
1658411362.7370117,503.0
1658411362.7564151,499.0
1658411362.775664,501.0
1658411362.7952259,498.0
1658411362.813714,501.0
1658411362.8330321,504.0
1658411362.8527462,507.0
1658411362.8727307,504.0
1658411362.8908658,506.0
1658411362.9098358,504.0
1658411362.9303374,501.0
1658411362.949428,509.0
1658411362.96796,505.0
1658411362.9869936,506.0
1658411363.0071168,505.0
1658411363.0261345,503.0
1658411363.045505,504.0
1658411363.0641084,507.0
1658411363.0837324,504.0
1658411363.10333,507.0
1658411363.1227093,505.0
1658411363.1418533,501.0
1658411363.1613088,510.0
1658411363.1803055,507.0
1658411363.200152,506.0
1658411363.2198317,502.0
1658411363.2372653,505.0
1658411363.2570899,508.0
1658411363.2756567,502.0
1658411363.2961073,506.0
1658411363.3156824,498.0
1658411363.3337662,502.0
1658411363.3533728,503.0
1658411363.3731008,502.0
1658411363.3914013,497.0
1658411363.411389,504.0
1658411363.4302447,497.0
1658411363.4490566,498.0
1658411363.4680986,499.0
1658411363.4879084,498.0
1658411363.5079021,507.0
1658411363.5261652,499.0
1658411363.5452206,508.0
1658411363.5650089,507.0
1658411363.5843499,502.0
1658411363.6031091,497.0
1658411363.622956,499.0
1658411363.6413977,500.0
1658411363.661809,498.0
1658411363.6807964,502.0
1658411363.699925,494.0
1658411363.7190528,497.0
1658411363.7378402,503.0
1658411363.7585824,495.0
1658411363.7765412,497.0
1658411363.795803,504.0
1658411363.815945,501.0
1658411363.8349774,503.0
1658411363.8540244,497.0
1658411363.8724694,505.0
1658411363.8915522,497.0
1658411363.9119935,500.0
1658411363.9313362,499.0
1658411363.95049,499.0
1658411363.9695983,500.0
1658411363.9887953,499.0
1658411364.0085807,498.0
1658411364.0267372,499.0
1658411364.0463486,496.0
1658411364.0662782,499.0
1658411364.0851805,495.0
1658411364.1042938,497.0
1658411364.1234393,501.0
1658411364.1432252,498.0
1658411364.1616504,505.0
1658411364.1815739,495.0
1658411364.2001839,500.0
1658411364.2190237,498.0
1658411364.2393124,495.0
1658411364.2581809,497.0
1658411364.2768705,497.0
1658411364.2962997,493.0
1658411364.3156986,503.0
1658411364.33524,498.0
1658411364.354228,506.0
1658411364.3739789,499.0
1658411364.3924093,505.0
1658411364.4113665,501.0
1658411364.430918,501.0
1658411364.4505582,493.0
1658411364.4702597,497.0
1658411364.4886158,496.0
1658411364.5078413,492.0
1658411364.5280986,498.0
1658411364.5477848,498.0
1658411364.5657718,501.0
1658411364.5852795,495.0
1658411364.6041298,496.0
1658411364.6239579,498.0
1658411364.6437728,494.0
1658411364.6623158,497.0
1658411364.6815414,495.0
1658411364.700706,495.0
1658411364.7199306,498.0
1658411364.738782,496.0
1658411364.7582526,498.0
1658411364.7774186,494.0
1658411364.7970269,499.0
1658411364.8169296,491.0
1658411364.8361702,498.0
1658411364.855392,496.0
1658411364.8744476,497.0
1658411364.8929956,499.0
1658411364.912056,496.0
1658411364.932054,497.0
1658411364.9511237,498.0
1658411364.9701872,499.0
1658411364.9892056,493.0
1658411365.0084467,497.0
1658411365.02777,502.0
1658411365.048782,496.0
1658411365.066298,500.0
1658411365.0855322,498.0
1658411365.105577,498.0
1658411365.124473,498.0
1658411365.1436932,500.0
1658411365.1629806,495.0
1658411365.1820748,495.0
1658411365.2011163,494.0
1658411365.2210665,491.0
1658411365.2397823,495.0
1658411365.2592149,499.0
1658411365.278277,493.0
1658411365.299196,496.0
1658411365.3167133,500.0
1658411365.3358653,493.0
1658411365.355283,499.0
1658411365.374251,495.0
1658411365.3943045,499.0
1658411365.4139621,496.0
1658411365.4326758,501.0
1658411365.4516885,491.0
1658411365.4706452,498.0
1658411365.4895813,500.0
1658411365.5091856,497.0
1658411365.529373,494.0
1658411365.5481138,494.0
1658411365.568319,497.0
1658411365.58592,494.0
1658411365.6055033,501.0
1658411365.6253572,498.0
1658411365.6447804,496.0
1658411365.663287,490.0
1658411365.682734,495.0
1658411365.703084,494.0
1658411365.7212355,502.0
1658411365.7406154,507.0
1658411365.760224,495.0
1658411365.7795012,496.0
1658411365.798578,498.0
1658411365.8172832,499.0
1658411365.8370192,501.0
1658411365.856499,498.0
1658411365.875777,498.0
1658411365.8943741,505.0
1658411365.9141452,502.0
1658411365.933608,498.0
1658411365.9533844,499.0
1658411365.9714541,501.0
1658411365.990732,496.0
1658411366.0094435,500.0
1658411366.0296502,499.0
1658411366.0484781,495.0
1658411366.0676682,496.0
1658411366.0866215,505.0
1658411366.1063979,500.0
1658411366.1251576,502.0
1658411366.145364,503.0
1658411366.1642923,500.0
1658411366.1829245,501.0
1658411366.2027476,490.0
1658411366.2224631,497.0
1658411366.241232,496.0
1658411366.2606273,498.0
1658411366.2805192,506.0
1658411366.2994878,502.0
1658411366.3182611,502.0
1658411366.3368685,497.0
1658411366.3574371,499.0
1658411366.3758223,499.0
1658411366.395721,500.0
1658411366.4150739,503.0
1658411366.4341962,496.0
1658411366.4532626,498.0
1658411366.4715223,502.0
1658411366.4910603,508.0
1658411366.5109713,507.0
1658411366.5297515,501.0
1658411366.5497088,498.0
1658411366.5688238,502.0
1658411366.5870416,502.0
1658411366.6062922,505.0
1658411366.6258986,503.0
1658411366.6451435,502.0
1658411366.6651745,503.0
1658411366.6844878,502.0
1658411366.7027454,505.0
1658411366.7224429,502.0
1658411366.7418466,503.0
1658411366.7606525,507.0
1658411366.7807493,505.0
1658411366.7992728,506.0
1658411366.818865,500.0
1658411366.838219,502.0
1658411366.8575635,508.0
1658411366.877134,510.0
1658411366.8964083,501.0
1658411366.9153087,505.0
1658411366.9341502,500.0
1658411366.954117,515.0
1658411366.9722486,499.0
1658411366.9920988,504.0
1658411367.0118632,504.0
1658411367.0308578,506.0
1658411367.049375,504.0
1658411367.0683417,504.0
1658411367.0884564,503.0
1658411367.1074011,503.0
1658411367.127548,507.0
1658411367.1463447,507.0
1658411367.1659727,504.0
1658411367.1850436,506.0
1658411367.2032454,503.0
1658411367.2225897,509.0
1658411367.2419636,500.0
1658411367.262466,508.0
1658411367.2810884,499.0
1658411367.29961,509.0
1658411367.3195121,505.0
1658411367.3389962,506.0
1658411367.3570547,504.0
1658411367.3764498,501.0
1658411367.3966124,508.0
1658411367.4158845,505.0
1658411367.435043,502.0
1658411367.4544554,507.0
1658411367.4737234,505.0
1658411367.4929206,505.0
1658411367.512517,507.0
1658411367.53087,510.0
1658411367.5503166,507.0
1658411367.5697174,510.0
1658411367.589087,512.0
1658411367.6084,510.0
1658411367.6279576,505.0
1658411367.646706,508.0
1658411367.6653106,503.0
1658411367.6846066,508.0
1658411367.7039173,505.0
1658411367.7231355,499.0
1658411367.7434173,504.0
1658411367.7618046,505.0
1658411367.7816846,505.0
1658411367.8010116,506.0
1658411367.81999,514.0
1658411367.8393464,511.0
1658411367.858529,508.0
1658411367.8781123,505.0
1658411367.8977463,505.0
1658411367.9160995,498.0
1658411367.9359126,501.0
1658411367.9545357,512.0
1658411367.974472,507.0
1658411367.9941456,509.0
1658411368.014046,505.0
1658411368.0316951,508.0
1658411368.0508773,511.0
1658411368.0697954,505.0
1658411368.0902832,502.0
1658411368.1085649,506.0
1658411368.1286178,502.0
1658411368.1472847,505.0
1658411368.1662672,493.0
1658411368.1861973,505.0
1658411368.2058716,506.0
1658411368.2243574,505.0
1658411368.243051,500.0
1658411368.2647045,504.0
1658411368.2828472,507.0
1658411368.301962,504.0
1658411368.3212543,502.0
1658411368.3395097,501.0
1658411368.3590126,502.0
1658411368.3801436,510.0
1658411368.3979142,503.0
1658411368.4171042,505.0
1658411368.4360418,510.0
1658411368.4560406,501.0
1658411368.4749491,502.0
1658411368.4942718,503.0
1658411368.5136788,498.0
1658411368.5327277,507.0
1658411368.551226,506.0
1658411368.571446,510.0
1658411368.5896928,505.0
1658411368.6098711,504.0
1658411368.629682,499.0
1658411368.648581,503.0
1658411368.6679254,509.0
1658411368.6870246,503.0
1658411368.7054832,505.0
1658411368.7250676,505.0
1658411368.7446878,503.0
1658411368.7631714,509.0
1658411368.7830014,508.0
1658411368.8018887,504.0
1658411368.8211358,513.0
1658411368.8409324,502.0
1658411368.8593075,498.0
1658411368.879337,508.0
1658411368.898844,501.0
1658411368.9183903,504.0
1658411368.9370403,502.0
1658411368.9566169,503.0
1658411368.975057,503.0
1658411368.9949017,508.0
1658411369.015016,500.0
1658411369.0333993,502.0
1658411369.0531693,511.0
1658411369.0717547,507.0
1658411369.0915077,504.0
1658411369.1099865,504.0
1658411369.1300976,506.0
1658411369.148393,507.0
1658411369.1677244,509.0
1658411369.1872764,502.0
1658411369.206963,506.0
1658411369.2263353,506.0
1658411369.2446997,502.0
1658411369.2646642,507.0
1658411369.2831342,512.0
1658411369.3027532,512.0
1658411369.3223166,505.0
1658411369.3419123,505.0
1658411369.3601553,504.0
1658411369.3800042,508.0
1658411369.3997285,507.0
1658411369.4192834,508.0
1658411369.4373422,506.0
1658411369.4567544,505.0
1658411369.4764633,510.0
1658411369.4966347,510.0
1658411369.5148723,510.0
1658411369.534549,509.0
1658411369.552823,499.0
1658411369.5726597,512.0
1658411369.5921252,508.0
1658411369.610528,514.0
1658411369.6305325,510.0
1658411369.6502464,514.0
1658411369.6686075,510.0
1658411369.6885345,513.0
1658411369.7067652,503.0
1658411369.7263193,508.0
1658411369.7460964,518.0
1658411369.76578,510.0
1658411369.7842426,504.0
1658411369.8038225,506.0
1658411369.823565,509.0
1658411369.8417902,508.0
1658411369.8616617,513.0
1658411369.880282,505.0
1658411369.9000127,508.0
1658411369.9196985,508.0
1658411369.9381108,508.0
1658411369.95748,514.0
1658411369.9773154,515.0
1658411369.9972394,512.0
1658411370.0156693,522.0
1658411370.0353732,513.0
1658411370.0548558,511.0
1658411370.0728514,509.0
1658411370.0924304,521.0
1658411370.112565,513.0
1658411370.130961,515.0
1658411370.1504972,515.0
1658411370.1701427,511.0
1658411370.1884196,513.0
1658411370.2077534,515.0
1658411370.2276723,512.0
1658411370.2467606,517.0
1658411370.2655818,519.0
1658411370.2853868,508.0
1658411370.3053014,505.0
1658411370.3230753,514.0
1658411370.342551,512.0
1658411370.3620958,504.0
1658411370.3810914,513.0
1658411370.4009252,504.0
1658411370.4203186,513.0
1658411370.439729,509.0
1658411370.458826,512.0
1658411370.4774728,518.0
1658411370.4974804,510.0
1658411370.5166292,510.0
1658411370.5349715,510.0
1658411370.5543125,512.0
1658411370.5743876,514.0
1658411370.59298,509.0
1658411370.6132395,509.0
1658411370.6318543,508.0
1658411370.6513872,510.0
1658411370.670735,505.0
1658411370.689769,511.0
1658411370.7098482,512.0
1658411370.7276852,513.0
1658411370.7481098,503.0
1658411370.7662954,512.0
1658411370.7853932,511.0
1658411370.8054144,511.0
1658411370.825637,511.0
1658411370.845136,506.0
1658411370.8627014,508.0
1658411370.8819103,511.0
1658411370.9022017,501.0
1658411370.921105,503.0
1658411370.9399462,509.0
1658411370.9598446,507.0
1658411370.9786,502.0
1658411370.9973836,507.0
1658411371.0174253,495.0
1658411371.0361762,507.0
1658411371.0562668,504.0
1658411371.0745752,513.0
1658411371.0939214,511.0
1658411371.1147218,509.0
1658411371.1333444,512.0
1658411371.152444,505.0
1658411371.1712506,512.0
1658411371.1905758,506.0
1658411371.2093265,505.0
1658411371.2292466,501.0
1658411371.2485588,503.0
1658411371.267474,502.0
1658411371.286478,500.0
1658411371.306099,512.0
1658411371.3247755,512.0
1658411371.3457484,506.0
1658411371.3650327,507.0
1658411371.382988,507.0
1658411371.401663,508.0
1658411371.421531,504.0
1658411371.440706,507.0
1658411371.4597907,500.0
1658411371.4807913,502.0
1658411371.4983535,505.0
1658411371.5176506,503.0
1658411371.5373878,504.0
1658411371.5556805,511.0
1658411371.5750093,499.0
1658411371.594595,497.0
1658411371.614859,504.0
1658411371.6332922,507.0
1658411371.6520624,501.0
1658411371.672064,504.0
1658411371.6906297,507.0
1658411371.7107105,507.0
1658411371.7295027,502.0
1658411371.7493954,499.0
1658411371.767658,504.0
1658411371.7866843,501.0
1658411371.8065708,506.0
1658411371.8261714,496.0
1658411371.8458035,511.0
1658411371.8638403,501.0
1658411371.8830764,508.0
1658411371.902538,502.0
1658411371.9225724,500.0
1658411371.941003,508.0
1658411371.9609928,501.0
1658411371.9802418,500.0
1658411371.9998887,500.0
1658411372.0183382,503.0
1658411372.0372438,506.0
1658411372.0572908,503.0
1658411372.075712,503.0
1658411372.0958683,509.0
1658411372.1145105,503.0
1658411372.1334689,503.0
1658411372.1528296,506.0
1658411372.1722248,510.0
1658411372.1914716,508.0
1658411372.2113464,501.0
1658411372.2301195,505.0
1658411372.2498102,512.0
1658411372.2681465,505.0
1658411372.2881312,510.0
1658411372.3079283,513.0
1658411372.3265595,501.0
1658411372.3452826,502.0
1658411372.3652384,500.0
1658411372.3848834,505.0
1658411372.4034011,506.0
1658411372.4231286,499.0
1658411372.4426918,510.0
1658411372.4613345,505.0
1658411372.4812055,502.0
1658411372.4995449,502.0
1658411372.5193353,506.0
1658411372.5376794,505.0
1658411372.5573845,504.0
1658411372.5772216,504.0
1658411372.5956273,509.0
1658411372.6154118,505.0
1658411372.6350784,504.0
1658411372.653404,507.0
1658411372.6730566,501.0
1658411372.692694,507.0
1658411372.7114644,506.0
1658411372.731613,507.0
1658411372.7502193,504.0
1658411372.7698987,501.0
1658411372.7880957,513.0
1658411372.807492,512.0
1658411372.8270345,508.0
1658411372.846631,504.0
1658411372.8657646,507.0
1658411372.8851545,508.0
1658411372.9045248,504.0
1658411372.924083,507.0
1658411372.9424982,501.0
1658411372.9623904,507.0
1658411372.9809594,505.0
1658411373.0005212,506.0
1658411373.020313,498.0
1658411373.0387423,503.0
1658411373.0582287,506.0
1658411373.0782268,508.0
1658411373.096643,502.0
1658411373.1161065,511.0
1658411373.1353016,502.0
1658411373.1544933,509.0
1658411373.1735945,508.0
1658411373.1929536,500.0
1658411373.2129884,506.0
1658411373.2313626,508.0
1658411373.2509563,504.0
1658411373.2704852,503.0
1658411373.2899287,511.0
1658411373.308118,507.0
1658411373.3278613,509.0
1658411373.3475125,503.0
1658411373.3659315,508.0
1658411373.3856819,504.0
1658411373.405298,501.0
1658411373.4248676,507.0
1658411373.4429553,502.0
1658411373.4629383,507.0
1658411373.4825218,512.0
1658411373.5007987,504.0
1658411373.5205283,510.0
1658411373.5401623,505.0
1658411373.5583785,507.0
1658411373.5783904,514.0
1658411373.5973089,510.0
1658411373.617058,513.0
1658411373.6355588,508.0
1658411373.655151,507.0
1658411373.674846,503.0
1658411373.6932633,516.0
1658411373.7131329,508.0
1658411373.7327461,509.0
1658411373.7508667,509.0
1658411373.7702937,508.0
1658411373.7900565,511.0
1658411373.8094954,507.0
1658411373.8294013,514.0
1658411373.8477669,514.0
1658411373.8673427,513.0
1658411373.885773,510.0
1658411373.905414,520.0
1658411373.924905,509.0
1658411373.944869,510.0
1658411373.9630167,512.0
1658411373.9827213,520.0
1658411374.0023687,514.0
1658411374.0205243,519.0
1658411374.0401523,511.0
1658411374.059552,509.0
1658411374.079852,513.0
1658411374.0979657,518.0
1658411374.1173227,513.0
1658411374.1364572,520.0
1658411374.155586,517.0
1658411374.1748385,517.0
1658411374.1955256,512.0
1658411374.2133327,520.0
1658411374.232889,516.0
1658411374.2525628,520.0
1658411374.2720656,519.0
1658411374.2904336,513.0
1658411374.3101487,519.0
1658411374.3298135,523.0
1658411374.3481953,510.0
1658411374.3679008,521.0
1658411374.3875587,521.0
1658411374.4059486,517.0
1658411374.425668,523.0
1658411374.4456425,514.0
1658411374.463979,520.0
1658411374.4833581,524.0
1658411374.5033348,517.0
1658411374.5216672,509.0
1658411374.5413685,512.0
1658411374.5600188,524.0
1658411374.5800445,522.0
1658411374.599564,509.0
1658411374.6178453,517.0
1658411374.6369524,529.0
1658411374.656157,519.0
1658411374.6754396,526.0
1658411374.6951752,527.0
1658411374.7148404,520.0
1658411374.7333655,525.0
1658411374.7536402,524.0
1658411374.7725163,528.0
1658411374.7916424,517.0
1658411374.8110993,525.0
1658411374.8307061,512.0
1658411374.8490655,516.0
1658411374.8686168,526.0
1658411374.88833,532.0
1658411374.906918,522.0
1658411374.9270291,528.0
1658411374.9459624,526.0
1658411374.9657233,524.0
1658411374.983976,524.0
1658411375.003654,530.0
1658411375.0233388,526.0
1658411375.0416946,527.0
1658411375.0616937,530.0
1658411375.080133,530.0
1658411375.1002865,517.0
1658411375.1200516,525.0
1658411375.1384256,524.0
1658411375.158044,523.0
1658411375.177283,536.0
1658411375.196743,530.0
1658411375.2152126,527.0
1658411375.2352524,527.0
1658411375.253574,531.0
1658411375.2733707,539.0
1658411375.292668,532.0
1658411375.3114576,529.0
1658411375.3303847,532.0
1658411375.3505895,535.0
1658411375.3692112,531.0
1658411375.3890316,534.0
1658411375.408562,533.0
1658411375.4272025,526.0
1658411375.4471815,533.0
1658411375.465544,532.0
1658411375.4851437,533.0
1658411375.505149,535.0
1658411375.5233502,541.0
1658411375.5429633,538.0
1658411375.562884,533.0
1658411375.5814207,538.0
1658411375.5999143,529.0
1658411375.619513,541.0
1658411375.6393013,529.0
1658411375.658667,536.0
1658411375.677378,533.0
1658411375.6974733,536.0
1658411375.7157457,544.0
1658411375.7353668,543.0
1658411375.754908,536.0
1658411375.7746356,552.0
1658411375.7930045,535.0
1658411375.812966,539.0
1658411375.8318567,535.0
1658411375.8503149,542.0
1658411375.869877,535.0
1658411375.88948,529.0
1658411375.9090483,550.0
1658411375.928862,541.0
1658411375.947152,543.0
1658411375.9669986,537.0
1658411375.9853435,544.0
1658411376.00528,537.0
1658411376.025041,529.0
1658411376.0435374,539.0
1658411376.0634692,530.0
1658411376.0817497,528.0
1658411376.1014178,543.0
1658411376.1200907,533.0
1658411376.1396062,530.0
1658411376.1590848,536.0
1658411376.177895,540.0
1658411376.197718,537.0
1658411376.2173378,531.0
1658411376.2356613,525.0
1658411376.25546,532.0
1658411376.2751012,531.0
1658411376.2950063,532.0
1658411376.3132706,528.0
1658411376.3319128,535.0
1658411376.3515472,523.0
1658411376.3714416,531.0
1658411376.3898294,528.0
1658411376.4095523,532.0
1658411376.4282768,532.0
1658411376.4482381,525.0
1658411376.4666083,525.0
1658411376.486114,534.0
1658411376.5059378,515.0
1658411376.5255709,536.0
1658411376.5444028,521.0
1658411376.564072,526.0
1658411376.5823276,528.0
1658411376.6021414,528.0
1658411376.6217723,526.0
1658411376.6402612,524.0
1658411376.6600857,525.0
1658411376.6786127,521.0
1658411376.6986196,523.0
1658411376.7170055,523.0
1658411376.736715,523.0
1658411376.7564375,526.0
1658411376.7749457,519.0
1658411376.7951033,516.0
1658411376.8134074,524.0
1658411376.8335557,515.0
1658411376.8519058,519.0
1658411376.871638,521.0
1658411376.8913155,522.0
1658411376.9101205,518.0
1658411376.9295542,518.0
1658411376.9486496,516.0
1658411376.9679427,517.0
1658411376.9870858,515.0
1658411377.0067368,519.0
1658411377.0267324,518.0
1658411377.0450892,519.0
1658411377.0649674,511.0
1658411377.0834308,513.0
1658411377.1030252,517.0
1658411377.1225185,517.0
1658411377.1417158,508.0
1658411377.1614594,517.0
1658411377.179552,508.0
1658411377.1987317,516.0
1658411377.2181416,510.0
1658411377.2376263,515.0
1658411377.257367,508.0
1658411377.27585,511.0
1658411377.2963083,505.0
1658411377.3146079,512.0
1658411377.334367,510.0
1658411377.3527722,509.0
1658411377.37245,507.0
1658411377.392181,505.0
1658411377.4106688,515.0
1658411377.4305239,517.0
1658411377.4488854,510.0
1658411377.4686785,507.0
1658411377.4884613,513.0
1658411377.5066679,515.0
1658411377.5264757,510.0
1658411377.546275,510.0
1658411377.5657005,514.0
1658411377.5840933,508.0
1658411377.6038532,515.0
1658411377.6234062,516.0
1658411377.6416569,506.0
1658411377.661634,507.0
1658411377.6800075,513.0
1658411377.699432,506.0
1658411377.7188938,512.0
1658411377.7381728,508.0
1658411377.7575407,512.0
1658411377.7768493,513.0
1658411377.796271,505.0
1658411377.8156245,507.0
1658411377.8342497,506.0
1658411377.8538926,508.0
1658411377.8734584,502.0
1658411377.8918087,511.0
1658411377.9117346,502.0
1658411377.9309564,507.0
1658411377.9501112,509.0
1658411377.96906,512.0
1658411377.9881032,508.0
1658411378.0084922,506.0
1658411378.0268471,498.0
1658411378.0466955,504.0
1658411378.0664003,505.0
1658411378.0844457,509.0
1658411378.1039283,508.0
1658411378.1235695,506.0
1658411378.1433313,514.0
1658411378.1618893,512.0
1658411378.1814203,511.0
1658411378.2015238,503.0
1658411378.2193055,510.0
1658411378.2391222,506.0
1658411378.2579856,504.0
1658411378.2769284,509.0
1658411378.2972012,505.0
1658411378.3164072,505.0
1658411378.3357174,504.0
1658411378.35467,507.0
1658411378.3736033,510.0
1658411378.393041,508.0
1658411378.412977,506.0
1658411378.431325,511.0
1658411378.4514072,501.0
1658411378.4698741,505.0
1658411378.4896014,495.0
1658411378.5085206,506.0
1658411378.5287378,514.0
1658411378.5468466,506.0
1658411378.5658376,508.0
1658411378.5861366,509.0
1658411378.6056633,508.0
1658411378.6234746,510.0
1658411378.6436322,508.0
1658411378.663242,509.0
1658411378.6814792,508.0
1658411378.7011142,506.0
1658411378.7198093,506.0
1658411378.7405505,510.0
1658411378.7585545,509.0
1658411378.7789974,506.0
1658411378.7977138,505.0
1658411378.8166828,509.0
1658411378.8364909,508.0
1658411378.854771,505.0
1658411378.8743067,505.0
1658411378.8939996,499.0
1658411378.9135761,504.0
1658411378.932489,505.0
1658411378.951354,506.0
1658411378.9704335,500.0
1658411378.989724,506.0
1658411379.0088904,505.0
1658411379.028153,508.0
1658411379.048288,502.0
1658411379.06679,497.0
1658411379.0858557,507.0
1658411379.1056592,507.0
1658411379.1255705,509.0
1658411379.14496,505.0
1658411379.1635492,510.0
1658411379.1831622,507.0
1658411379.2013931,504.0
1658411379.2209616,500.0
1658411379.24087,507.0
1658411379.2602453,497.0
1658411379.2797668,508.0
1658411379.2974646,509.0
1658411379.3171403,505.0
1658411379.336852,506.0
1658411379.3552804,507.0
1658411379.374922,501.0
1658411379.3941135,508.0
1658411379.413497,511.0
1658411379.4327035,508.0
1658411379.4517303,513.0
1658411379.4720461,506.0
1658411379.4910989,497.0
1658411379.5102172,512.0
1658411379.5294485,503.0
1658411379.5490766,505.0
1658411379.568205,507.0
1658411379.5870485,505.0
1658411379.6056094,502.0
1658411379.6262286,510.0
1658411379.644781,504.0
1658411379.6637254,514.0
1658411379.6837988,502.0
1658411379.7027664,504.0
1658411379.72138,506.0
1658411379.7416704,507.0
1658411379.7609596,504.0
1658411379.7797508,504.0
1658411379.798988,509.0
1658411379.8187363,505.0
1658411379.8366864,507.0
1658411379.857074,506.0
1658411379.876388,510.0
1658411379.895766,506.0
1658411379.9137259,501.0
1658411379.9332027,503.0
1658411379.9528997,502.0
1658411379.9724834,504.0
1658411379.9907172,503.0
1658411380.0105689,501.0
1658411380.0302985,496.0
1658411380.0499086,501.0
1658411380.0680919,499.0
1658411380.0876825,504.0
1658411380.1072404,506.0
1658411380.1256928,501.0
1658411380.145382,495.0
1658411380.1650827,501.0
1658411380.1833591,495.0
1658411380.2031012,498.0
1658411380.2226503,500.0
1658411380.2417428,505.0
1658411380.2610285,500.0
1658411380.2802331,500.0
1658411380.2993848,503.0
1658411380.318523,503.0
1658411380.3380272,503.0
1658411380.3576481,501.0
1658411380.3761306,498.0
1658411380.395709,500.0
1658411380.4142876,504.0
1658411380.4337966,499.0
1658411380.4536116,499.0
1658411380.4731998,500.0
1658411380.4913952,495.0
1658411380.5113838,503.0
1658411380.5299275,501.0
1658411380.5495622,500.0
1658411380.5690873,498.0
1658411380.5886474,506.0
1658411380.6079516,491.0
1658411380.6261144,502.0
1658411380.6452656,499.0
1658411380.6658251,502.0
1658411380.6848412,495.0
1658411380.703942,500.0
1658411380.7231386,504.0
1658411380.7427325,505.0
1658411380.7613082,499.0
1658411380.7809012,500.0
1658411380.7992609,501.0
1658411380.8186674,498.0
1658411380.8383086,501.0
1658411380.8576374,499.0
1658411380.8773313,496.0
1658411380.8955998,506.0
1658411380.9152236,498.0
1658411380.9348104,494.0
1658411380.954318,497.0
1658411380.9739466,496.0
1658411380.9918933,500.0
1658411381.0120869,500.0
1658411381.030457,504.0
1658411381.0500162,506.0
1658411381.0695872,497.0
1658411381.0892081,491.0
1658411381.1074212,495.0
1658411381.1274998,503.0
1658411381.1470835,499.0
1658411381.165338,500.0
1658411381.1849306,497.0
1658411381.2043502,498.0
1658411381.224009,491.0
1658411381.2435274,498.0
1658411381.2617671,496.0
1658411381.2813594,505.0
1658411381.3009298,501.0
1658411381.319097,504.0
1658411381.3385723,506.0
1658411381.3579578,497.0
1658411381.3776233,494.0
1658411381.3971815,502.0
1658411381.415521,502.0
1658411381.435183,498.0
1658411381.4547808,502.0
1658411381.4743013,496.0
1658411381.492352,494.0
1658411381.5123773,502.0
1658411381.5312915,493.0
1658411381.5513434,498.0
1658411381.5696094,498.0
1658411381.589049,494.0
1658411381.608379,499.0
1658411381.6281831,499.0
1658411381.6463814,495.0
1658411381.6659281,501.0
1658411381.6853185,498.0
1658411381.7049057,502.0
1658411381.7245038,496.0
1658411381.7429066,503.0
1658411381.7618656,499.0
1658411381.782259,496.0
1658411381.801201,498.0
1658411381.8203216,497.0
1658411381.8390083,501.0
1658411381.8584542,498.0
1658411381.8781018,496.0
1658411381.8975124,498.0
1658411381.9169776,496.0
1658411381.935181,495.0
1658411381.9546697,492.0
1658411381.974175,501.0
1658411381.9939008,499.0
1658411382.0135868,498.0
1658411382.0313532,495.0
1658411382.0517035,500.0
1658411382.070806,496.0
1658411382.0897865,497.0
1658411382.1089199,497.0
1658411382.1284285,495.0
1658411382.1479285,490.0
1658411382.1673052,500.0
1658411382.1853435,494.0
1658411382.204676,496.0
1658411382.2243018,493.0
1658411382.24333,495.0
1658411382.2636275,492.0
1658411382.282382,499.0
1658411382.3012214,501.0
1658411382.3204226,499.0
1658411382.339867,494.0
1658411382.3595998,494.0
1658411382.3790667,499.0
1658411382.397192,497.0
1658411382.4166858,490.0
1658411382.4357154,496.0
1658411382.4555013,494.0
1658411382.474491,488.0
1658411382.493776,490.0
1658411382.5128171,487.0
1658411382.5326958,496.0
1658411382.5522578,494.0
1658411382.5711248,495.0
1658411382.5908446,490.0
1658411382.6094713,499.0
1658411382.6285245,492.0
1658411382.6485872,492.0
1658411382.667228,492.0
1658411382.6858947,489.0
1658411382.7060232,496.0
1658411382.7253387,492.0
1658411382.7441335,490.0
1658411382.763773,496.0
1658411382.7829158,496.0
1658411382.802372,495.0
1658411382.8216417,493.0
1658411382.840664,492.0
1658411382.8598497,493.0
1658411382.8792446,493.0
1658411382.8984277,494.0
1658411382.9174602,495.0
1658411382.9369712,494.0
1658411382.9556153,496.0
1658411382.9750285,498.0
1658411382.994452,492.0
1658411383.0136771,497.0
1658411383.0328684,498.0
1658411383.0523834,495.0
1658411383.0719814,497.0
1658411383.0902238,494.0
1658411383.1103826,490.0
1658411383.1288245,496.0
1658411383.1486533,490.0
1658411383.1683738,493.0
1658411383.1872349,496.0
1658411383.2066565,495.0
1658411383.225599,496.0
1658411383.2449946,489.0
1658411383.264233,497.0
1658411383.2834291,498.0
1658411383.3026729,497.0
1658411383.3217432,497.0
1658411383.341443,496.0
1658411383.3600075,494.0
1658411383.3789206,498.0
1658411383.3991494,495.0
1658411383.418085,496.0
1658411383.4368627,493.0
1658411383.4566562,494.0
1658411383.4766958,498.0
1658411383.4950414,495.0
1658411383.514854,497.0
1658411383.5340097,497.0
1658411383.5524633,501.0
1658411383.572382,495.0
1658411383.592254,498.0
1658411383.6106346,499.0
1658411383.6292846,499.0
1658411383.64916,501.0
1658411383.668821,496.0
1658411383.6873887,491.0
1658411383.7071395,496.0
1658411383.727367,493.0
1658411383.7457607,500.0
1658411383.764165,499.0
1658411383.783918,498.0
1658411383.8035257,501.0
1658411383.8222082,498.0
1658411383.8422124,499.0
1658411383.8616376,502.0
1658411383.8794343,492.0
1658411383.8991036,501.0
1658411383.9182703,501.0
1658411383.9379227,499.0
1658411383.9565752,494.0
1658411383.9768808,499.0
1658411383.9954484,500.0
1658411384.0151346,500.0
1658411384.0338955,507.0
1658411384.0536482,497.0
1658411384.0720153,500.0
1658411384.0917702,501.0
1658411384.112043,496.0
1658411384.1305704,500.0
1658411384.1491866,499.0
1658411384.168989,499.0
1658411384.1887136,505.0
1658411384.2071846,499.0
1658411384.2274737,503.0
1658411384.2455566,499.0
1658411384.2649364,500.0
1658411384.2842383,499.0
1658411384.303546,498.0
1658411384.3228033,499.0
1658411384.3436592,497.0
1658411384.3615096,496.0
1658411384.3803842,495.0
1658411384.399435,501.0
1658411384.4196415,501.0
1658411384.438312,501.0
1658411384.4571702,501.0
1658411384.4776397,497.0
1658411384.4971614,495.0
1658411384.5152996,502.0
1658411384.5342295,504.0
1658411384.5533426,504.0
1658411384.5726945,507.0
1658411384.5923173,507.0
1658411384.6117966,506.0
1658411384.6312196,503.0
1658411384.650085,501.0
1658411384.6689782,495.0
1658411384.6892178,508.0
1658411384.7081838,503.0
1658411384.7267582,497.0
1658411384.7466092,498.0
1658411384.7662377,502.0
1658411384.7855983,498.0
1658411384.804892,505.0
1658411384.823821,506.0
1658411384.842766,508.0
1658411384.8621151,502.0
1658411384.881954,504.0
1658411384.8999195,502.0
1658411384.9192476,510.0
1658411384.9390287,510.0
1658411384.9582639,507.0
1658411384.978238,500.0
1658411384.997242,500.0
1658411385.0158243,503.0
1658411385.0352464,499.0
1658411385.0541785,515.0
1658411385.073387,511.0
1658411385.0939991,507.0
1658411385.1130884,505.0
1658411385.132844,503.0
1658411385.1503162,499.0
1658411385.170847,500.0
1658411385.1900225,502.0
1658411385.2092679,508.0
1658411385.228673,508.0
1658411385.246693,505.0
1658411385.2665863,508.0
1658411385.2858818,506.0
1658411385.3050659,505.0
1658411385.3240008,509.0
1658411385.3436923,506.0
1658411385.363317,505.0
1658411385.3815293,505.0
1658411385.4018006,505.0
1658411385.4199698,506.0
1658411385.4400284,502.0
1658411385.458475,502.0
1658411385.4786472,506.0
1658411385.4974515,497.0
1658411385.516596,507.0
1658411385.5364425,494.0
1658411385.5557356,503.0
1658411385.574412,502.0
1658411385.594038,512.0
1658411385.6130862,504.0
1658411385.6316833,504.0
1658411385.6516993,510.0
1658411385.671419,508.0
1658411385.6900496,507.0
1658411385.7094336,508.0
1658411385.7291996,502.0
1658411385.7477398,508.0
1658411385.7665043,508.0
1658411385.7862167,511.0
1658411385.805473,509.0
1658411385.8244298,503.0
1658411385.8446841,501.0
1658411385.8639476,502.0
1658411385.8831398,505.0
1658411385.9020915,513.0
1658411385.921656,507.0
1658411385.9411664,506.0
1658411385.9599721,500.0
1658411385.9786735,507.0
1658411385.9976118,509.0
1658411386.016651,510.0
1658411386.037493,501.0
1658411386.055834,509.0
1658411386.0746348,510.0
1658411386.0947373,501.0
1658411386.11292,507.0
1658411386.132324,505.0
1658411386.1515245,509.0
1658411386.1718004,502.0
1658411386.1911163,506.0
1658411386.209928,505.0
1658411386.2293334,499.0
1658411386.2487962,507.0
1658411386.2677479,510.0
1658411386.2874134,511.0
1658411386.3055544,503.0
1658411386.3271942,506.0
1658411386.344896,505.0
1658411386.363677,504.0
1658411386.3835921,505.0
1658411386.4019127,505.0
1658411386.4221437,506.0
1658411386.4426706,508.0
1658411386.4618158,509.0
1658411386.4788892,508.0
1658411386.4989479,504.0
1658411386.5174978,505.0
1658411386.537614,498.0
1658411386.5569236,506.0
1658411386.5765598,508.0
1658411386.595275,508.0
1658411386.6140957,506.0
1658411386.6336613,513.0
1658411386.6521723,507.0
1658411386.6721976,503.0
1658411386.6909025,506.0
1658411386.7106326,501.0
1658411386.7302632,506.0
1658411386.749515,503.0
1658411386.7677915,506.0
1658411386.7876964,507.0
1658411386.8062596,515.0
1658411386.8270094,498.0
1658411386.845695,504.0
1658411386.8647583,510.0
1658411386.883884,508.0
1658411386.9027817,506.0
1658411386.9217064,506.0
1658411386.941432,508.0
1658411386.961105,504.0
1658411386.9804356,505.0
1658411386.9993544,505.0
1658411387.0183866,505.0
1658411387.0374472,503.0
1658411387.0576303,507.0
1658411387.0762556,508.0
1658411387.095809,505.0
1658411387.1153593,505.0
1658411387.134868,508.0
1658411387.1534495,505.0
1658411387.1731546,509.0
1658411387.191478,505.0
1658411387.211304,507.0
1658411387.230626,502.0
1658411387.2492862,508.0
1658411387.268761,504.0
1658411387.2887065,500.0
1658411387.306875,505.0
1658411387.3268545,506.0
1658411387.3465724,509.0
1658411387.3650112,511.0
1658411387.3843865,500.0
1658411387.4043558,510.0
1658411387.4229908,496.0
1658411387.4431717,506.0
1658411387.4619381,506.0
1658411387.481449,503.0
1658411387.50002,500.0
1658411387.5198932,507.0
1658411387.5386062,497.0
1658411387.557162,501.0
1658411387.5771623,498.0
1658411387.5963593,501.0
1658411387.6156373,510.0
1658411387.6349676,502.0
1658411387.654243,499.0
1658411387.6731021,501.0
1658411387.6934955,504.0
1658411387.7119215,497.0
1658411387.7318342,499.0
1658411387.7503178,507.0
1658411387.7693098,506.0
1658411387.7885826,503.0
1658411387.8087144,504.0
1658411387.8272827,503.0
1658411387.84719,502.0
1658411387.86564,500.0
1658411387.8860536,503.0
1658411387.9047465,507.0
1658411387.9243665,501.0
1658411387.944049,504.0
1658411387.9626968,499.0
1658411387.9812088,502.0
1658411388.0006135,500.0
1658411388.0203137,506.0
1658411388.0387468,500.0
1658411388.0589623,504.0
1658411388.0775836,503.0
1658411388.0973504,500.0
1658411388.1155756,507.0
1658411388.1352863,503.0
1658411388.1548398,498.0
1658411388.1745887,501.0
1658411388.192883,504.0
1658411388.2118661,500.0
1658411388.2315075,500.0
1658411388.2512057,503.0
1658411388.2705383,507.0
1658411388.2896729,502.0
1658411388.3104482,500.0
1658411388.3281572,503.0
1658411388.3464913,497.0
1658411388.36593,499.0
1658411388.3851273,509.0
1658411388.4052458,504.0
1658411388.4244258,502.0
1658411388.443497,501.0
1658411388.463391,502.0
1658411388.4813583,504.0
1658411388.5017908,504.0
1658411388.5207746,505.0
1658411388.5402982,499.0
1658411388.5592864,498.0
1658411388.5775986,500.0
1658411388.5974932,504.0
1658411388.6164536,497.0
1658411388.635537,505.0
1658411388.6547275,496.0
1658411388.6748254,498.0
1658411388.6941867,499.0
1658411388.7127526,502.0
1658411388.7316363,502.0
1658411388.7511394,498.0
1658411388.7704358,497.0
1658411388.7895374,503.0
1658411388.8087757,496.0
1658411388.8278925,504.0
1658411388.8476217,502.0
1658411388.8675547,501.0
1658411388.885942,507.0
1658411388.9054186,505.0
1658411388.9251378,503.0
1658411388.9434905,502.0
1658411388.9632936,501.0
1658411388.9830544,504.0
1658411389.001187,501.0
1658411389.020885,499.0
1658411389.0397956,497.0
1658411389.0603185,501.0
1658411389.0788877,495.0
1658411389.0976136,501.0
1658411389.1176305,500.0
1658411389.1362743,504.0
1658411389.1564872,500.0
1658411389.1752315,501.0
1658411389.1943076,502.0
1658411389.2142246,502.0
1658411389.2330577,499.0
1658411389.2516882,500.0
1658411389.2713654,498.0
1658411389.2903385,501.0
1658411389.3105395,501.0
1658411389.3284426,500.0
1658411389.348447,500.0
1658411389.3670332,502.0
1658411389.387308,501.0
1658411389.405799,502.0
1658411389.4262533,498.0
1658411389.4451222,497.0
1658411389.4638822,501.0
1658411389.482545,501.0
1658411389.5025868,502.0
1658411389.521084,500.0
1658411389.5411723,504.0
1658411389.5602818,502.0
1658411389.5791197,507.0
1658411389.5978932,500.0
1658411389.6177175,498.0
1658411389.636566,501.0
1658411389.656559,498.0
1658411389.6753905,498.0
1658411389.6943712,495.0
1658411389.71411,502.0
1658411389.7326868,499.0
1658411389.7524483,500.0
1658411389.7718408,502.0
1658411389.791408,500.0
1658411389.8109903,501.0
1658411389.8294563,507.0
1658411389.8493893,502.0
1658411389.8676574,502.0
1658411389.887425,503.0
1658411389.9071462,506.0
1658411389.9252818,495.0
1658411389.9449706,496.0
1658411389.9640186,500.0
1658411389.9829643,498.0
1658411390.0031478,502.0
1658411390.0219877,502.0
1658411390.0410185,500.0
1658411390.0607038,499.0
1658411390.0805452,497.0
1658411390.0986328,495.0
1658411390.1180406,497.0
1658411390.1374834,498.0
1658411390.1571302,499.0
1658411390.1766,501.0
1658411390.194836,505.0
1658411390.2141979,500.0
1658411390.2334669,502.0
1658411390.253044,501.0
1658411390.2724247,500.0
1658411390.292394,505.0
1658411390.310317,502.0
1658411390.3298535,505.0
1658411390.3493853,496.0
1658411390.3690002,505.0
1658411390.387217,501.0
1658411390.4065557,509.0
1658411390.4262075,501.0
1658411390.4458227,492.0
1658411390.4654047,506.0
1658411390.4837446,499.0
1658411390.5033784,500.0
1658411390.5228837,503.0
1658411390.5427878,504.0
1658411390.5609565,502.0
1658411390.580429,498.0
1658411390.6000514,497.0
1658411390.6182437,501.0
1658411390.6375542,503.0
1658411390.6571276,495.0
1658411390.6767018,501.0
1658411390.6964135,503.0
1658411390.7145455,507.0
1658411390.7340472,496.0
1658411390.7535498,500.0
1658411390.773036,499.0
1658411390.7928517,497.0
1658411390.8114276,502.0
1658411390.8311634,501.0
1658411390.8502712,497.0
1658411390.869154,499.0
1658411390.8881073,505.0
1658411390.9077885,504.0
1658411390.92724,497.0
1658411390.9465816,498.0
1658411390.964799,498.0
1658411390.984246,501.0
1658411391.0037625,501.0
1658411391.0232468,499.0
1658411391.0431871,505.0
1658411391.0623822,503.0
1658411391.0811765,497.0
1658411391.1003582,506.0
1658411391.1195006,504.0
1658411391.138392,504.0
1658411391.1580558,497.0
1658411391.1775768,500.0
1658411391.1969855,502.0
1658411391.2151144,505.0
1658411391.2347484,502.0
1658411391.2540302,502.0
1658411391.273117,500.0
1658411391.2925868,503.0
1658411391.311639,501.0
1658411391.3305357,503.0
1658411391.3510437,505.0
1658411391.369718,502.0
1658411391.38926,491.0
1658411391.409011,504.0
1658411391.4274275,502.0
1658411391.4470375,501.0
1658411391.4666805,504.0
1658411391.4848897,507.0
1658411391.504404,499.0
1658411391.523941,508.0
1658411391.543709,501.0
1658411391.5616388,500.0
1658411391.581874,496.0
1658411391.6010325,504.0
1658411391.6201284,507.0
1658411391.639397,504.0
1658411391.6590943,501.0
1658411391.6773167,506.0
1658411391.6970572,506.0
1658411391.71642,500.0
1658411391.735887,498.0
1658411391.7554622,499.0
1658411391.7738945,501.0
1658411391.7938058,504.0
1658411391.8119023,501.0
1658411391.831414,503.0
1658411391.8511083,505.0
1658411391.8702557,501.0
1658411391.889661,494.0
1658411391.9089997,508.0
1658411391.9282017,497.0
1658411391.9473574,501.0
1658411391.9686966,499.0
1658411391.985998,498.0
1658411392.0045617,502.0
1658411392.0255344,501.0
1658411392.0444198,504.0
1658411392.062251,505.0
1658411392.0820942,500.0
1658411392.10092,502.0
1658411392.1205413,502.0
1658411392.139228,504.0
1658411392.1600952,501.0
1658411392.17882,500.0
1658411392.197625,500.0
1658411392.217107,506.0
1658411392.2367172,506.0
1658411392.2553444,499.0
1658411392.2747977,506.0
1658411392.293447,499.0
1658411392.313454,498.0
1658411392.3318965,502.0
1658411392.3509424,507.0
1658411392.371293,504.0
1658411392.3905547,505.0
1658411392.4096258,508.0
1658411392.4285161,503.0
1658411392.4475758,508.0
1658411392.4675813,504.0
1658411392.4866705,503.0
1658411392.505547,497.0
1658411392.524451,509.0
1658411392.5446682,501.0
1658411392.5637243,510.0
1658411392.582804,509.0
1658411392.6015627,505.0
1658411392.6205018,509.0
1658411392.6407528,507.0
1658411392.65975,505.0
1658411392.6786823,503.0
1658411392.6975596,501.0
1658411392.7176123,506.0
1658411392.7365222,507.0
1658411392.7561195,503.0
1658411392.775424,501.0
1658411392.794639,507.0
1658411392.8135438,510.0
1658411392.832448,501.0
1658411392.8518538,507.0
1658411392.8715513,511.0
1658411392.8917058,502.0
1658411392.9103513,506.0
1658411392.9300556,507.0
1658411392.948237,508.0
1658411392.9680684,503.0
1658411392.987739,510.0
1658411393.0063193,504.0
1658411393.0263612,503.0
1658411393.044629,508.0
1658411393.0645416,505.0
1658411393.0827286,511.0
1658411393.102298,501.0
1658411393.1219742,501.0
1658411393.1406152,506.0
1658411393.160259,500.0
1658411393.179801,504.0
1658411393.1991546,509.0
1658411393.2183495,511.0
1658411393.2374718,506.0
1658411393.2563057,508.0
1658411393.2758627,504.0
1658411393.294807,502.0
1658411393.3141727,505.0
1658411393.333372,505.0
1658411393.3524606,507.0
1658411393.3728888,508.0
1658411393.3919668,503.0
1658411393.4102757,503.0
1658411393.4304135,503.0
1658411393.4491792,504.0
1658411393.4683163,503.0
1658411393.4872296,503.0
1658411393.507024,507.0
1658411393.526565,502.0
1658411393.5451434,501.0
1658411393.565172,503.0
1658411393.5833316,511.0
1658411393.602677,505.0
1658411393.6223462,496.0
1658411393.6422358,506.0
1658411393.6607413,505.0
1658411393.681097,504.0
1658411393.6993737,501.0
1658411393.718684,507.0
1658411393.7378607,502.0
1658411393.757084,503.0
1658411393.7762961,501.0
1658411393.7952995,506.0
1658411393.8155162,501.0
1658411393.8345337,500.0
1658411393.8543735,502.0
1658411393.8739493,505.0
1658411393.892902,504.0
1658411393.9118059,505.0
1658411393.9304981,500.0
1658411393.9495835,508.0
1658411393.9698448,506.0
1658411393.9880016,503.0
1658411394.0082967,505.0
1658411394.026737,505.0
1658411394.0462418,504.0
1658411394.0651195,503.0
1658411394.0840702,509.0
1658411394.104053,505.0
1658411394.1230066,507.0
1658411394.1422946,506.0
1658411394.1612442,500.0
1658411394.180798,501.0
1658411394.2001944,512.0
1658411394.2196875,508.0
1658411394.239807,507.0
1658411394.258166,502.0
1658411394.276754,501.0
1658411394.296456,503.0
1658411394.316106,507.0
1658411394.334729,509.0
1658411394.353975,510.0
1658411394.3747106,506.0
1658411394.3921964,511.0
1658411394.4122603,510.0
1658411394.4311168,498.0
1658411394.4512212,504.0
1658411394.4698873,514.0
1658411394.4888854,507.0
1658411394.5083795,511.0
1658411394.527337,511.0
1658411394.5473428,510.0
1658411394.5663116,517.0
1658411394.5861595,510.0
1658411394.6061585,511.0
1658411394.6242766,506.0
1658411394.6429772,508.0
1658411394.6627471,501.0
1658411394.681011,511.0
1658411394.701607,509.0
1658411394.7214856,509.0
1658411394.7396672,504.0
1658411394.7590582,504.0
1658411394.7773116,507.0
1658411394.7970204,507.0
1658411394.8158276,514.0
1658411394.8354294,503.0
1658411394.8554537,510.0
1658411394.8748186,512.0
1658411394.8934896,504.0
1658411394.9125397,505.0
1658411394.9323907,511.0
1658411394.9513705,506.0
1658411394.9716446,517.0
1658411394.9906332,514.0
1658411395.0093381,513.0
1658411395.0279217,508.0
1658411395.048263,500.0
1658411395.0664973,510.0
1658411395.0855985,510.0
1658411395.1050887,517.0
1658411395.1249042,512.0
1658411395.1436582,507.0
1658411395.1632686,505.0
1658411395.1820626,514.0
1658411395.2017052,510.0
1658411395.2209108,520.0
1658411395.2417164,516.0
1658411395.2595134,513.0
1658411395.2780182,507.0
1658411395.2975447,514.0
1658411395.3168597,519.0
1658411395.336303,516.0
1658411395.3562095,511.0
1658411395.3749933,514.0
1658411395.39407,516.0
1658411395.4134872,514.0
1658411395.4328332,513.0
1658411395.4519923,510.0
1658411395.4723053,507.0
1658411395.4916313,520.0
1658411395.5096328,508.0
1658411395.5294762,516.0
1658411395.5477924,513.0
1658411395.567372,512.0
1658411395.586737,507.0
1658411395.606843,506.0
1658411395.6255393,515.0
1658411395.645067,518.0
1658411395.6634202,514.0
1658411395.6834874,508.0
1658411395.7022946,510.0
1658411395.7211413,511.0
1658411395.741482,513.0
1658411395.760188,512.0
1658411395.7788544,509.0
1658411395.7987254,515.0
1658411395.8178153,510.0
1658411395.8366292,515.0
1658411395.8572965,510.0
1658411395.8760138,510.0
1658411395.8948772,517.0
1658411395.9135358,516.0
1658411395.9334261,512.0
1658411395.9522,512.0
1658411395.9739263,508.0
1658411395.9922736,512.0
1658411396.0111752,513.0
1658411396.029504,514.0
1658411396.0488393,525.0
1658411396.067862,511.0
1658411396.0880961,514.0
1658411396.1066742,512.0
1658411396.126588,507.0
1658411396.1447992,517.0
1658411396.1644197,511.0
1658411396.1832204,511.0
1658411396.2027988,511.0
1658411396.2223997,510.0
1658411396.2421696,504.0
1658411396.2603009,515.0
1658411396.2800066,512.0
1658411396.2991002,506.0
1658411396.3184388,511.0
1658411396.3375657,513.0
1658411396.3568225,511.0
1658411396.3763354,503.0
1658411396.39504,511.0
1658411396.4147892,507.0
1658411396.4344263,507.0
1658411396.4539301,511.0
1658411396.4720297,507.0
1658411396.4916635,506.0
1658411396.5107226,506.0
1658411396.5297995,509.0
1658411396.548961,504.0
1658411396.5685046,508.0
1658411396.5887504,504.0
1658411396.607181,501.0
1658411396.6271956,508.0
1658411396.6466143,506.0
1658411396.6649127,505.0
1658411396.684942,503.0
1658411396.703114,506.0
1658411396.7225556,508.0
1658411396.742325,510.0
1658411396.7617228,510.0
1658411396.7814882,507.0
1658411396.7998323,509.0
1658411396.8198466,506.0
1658411396.8387895,505.0
1658411396.8579066,502.0
1658411396.8780797,510.0
1658411396.8970692,505.0
1658411396.9154634,505.0
1658411396.935249,512.0
1658411396.9535618,509.0
1658411396.9734144,499.0
1658411396.9932463,510.0
1658411397.0114808,504.0
1658411397.0308542,510.0
1658411397.0501435,506.0
1658411397.0698512,506.0
1658411397.0887377,507.0
1658411397.109111,503.0
1658411397.1277175,501.0
1658411397.146785,503.0
1658411397.1665838,499.0
1658411397.1850128,505.0
1658411397.204253,499.0
1658411397.224374,504.0
1658411397.2430315,508.0
1658411397.2619903,504.0
1658411397.2827623,500.0
1658411397.3005676,506.0
1658411397.3192647,507.0
1658411397.3391018,504.0
1658411397.358083,504.0
1658411397.3786747,505.0
1658411397.3966174,504.0
1658411397.4157972,498.0
1658411397.4360375,497.0
1658411397.454905,504.0
1658411397.4740598,504.0
1658411397.4938424,508.0
1658411397.5128543,504.0
1658411397.5324268,505.0
1658411397.5512173,508.0
1658411397.569923,506.0
1658411397.589999,502.0
1658411397.6087377,480.0
1658411397.6290338,504.0
1658411397.6478164,507.0
1658411397.6665344,498.0
1658411397.6858683,500.0
1658411397.7047503,505.0
1658411397.7240517,505.0
1658411397.7440653,499.0
1658411397.7621822,500.0
1658411397.7821767,506.0
1658411397.8016672,509.0
1658411397.8210268,504.0
1658411397.8404973,507.0
1658411397.8587985,506.0
1658411397.8787956,509.0
1658411397.8973413,508.0
1658411397.9169874,506.0
1658411397.9365823,497.0
1658411397.9561534,507.0
1658411397.9743948,508.0
1658411397.9939158,506.0
1658411398.0136387,505.0
1658411398.0322545,509.0
1658411398.0522277,498.0
1658411398.0711014,507.0
1658411398.0899909,498.0
1658411398.1088607,503.0
1658411398.1292706,507.0
1658411398.147799,504.0
1658411398.1664488,503.0
1658411398.186929,512.0
1658411398.2054753,505.0
1658411398.2249818,508.0
1658411398.2435784,512.0
1658411398.2634528,506.0
1658411398.2821693,508.0
1658411398.301672,504.0
1658411398.321064,508.0
1658411398.3402412,508.0
1658411398.3599613,501.0
1658411398.3784504,512.0
1658411398.398655,502.0
1658411398.4171894,506.0
1658411398.436871,508.0
1658411398.456906,506.0
1658411398.4755056,506.0
1658411398.494346,506.0
1658411398.5133889,508.0
1658411398.5335739,507.0
1658411398.5527332,507.0
1658411398.5721335,514.0
1658411398.590863,501.0
1658411398.6104107,511.0
1658411398.6299062,512.0
1658411398.6481924,510.0
1658411398.6680458,506.0
1658411398.687086,505.0
1658411398.7064183,505.0
1658411398.7254846,509.0
1658411398.7442505,510.0
1658411398.7644305,510.0
1658411398.7831588,508.0
1658411398.8018968,510.0
1658411398.8222778,504.0
1658411398.8417766,506.0
1658411398.8607163,509.0
1658411398.8794985,507.0
1658411398.8992238,499.0
1658411398.9185627,506.0
1658411398.9380944,513.0
1658411398.957641,507.0
1658411398.9765255,517.0
1658411398.994582,512.0
1658411399.0143485,511.0
1658411399.0333714,509.0
1658411399.052762,508.0
1658411399.0725362,512.0
1658411399.092541,515.0
1658411399.110475,515.0
1658411399.129816,516.0
1658411399.149256,515.0
1658411399.1684723,513.0
1658411399.187346,518.0
1658411399.2068186,514.0
1658411399.227047,510.0
1658411399.245085,514.0
1658411399.264158,518.0
1658411399.2844543,518.0
1658411399.303517,509.0
1658411399.3225894,509.0
1658411399.341411,516.0
1658411399.3611705,514.0
1658411399.380532,514.0
1658411399.3992164,514.0
1658411399.4192882,517.0
1658411399.437398,513.0
1658411399.4592147,517.0
1658411399.4766881,517.0
1658411399.495531,514.0
1658411399.5145042,518.0
1658411399.5346467,517.0
1658411399.553422,519.0
1658411399.5731776,522.0
1658411399.5916216,524.0
1658411399.610983,522.0
1658411399.6307073,520.0
1658411399.650037,516.0
1658411399.6696637,524.0
1658411399.6889946,524.0
1658411399.7082734,527.0
1658411399.7268114,516.0
1658411399.7467315,524.0
1658411399.7654853,523.0
1658411399.7839928,530.0
1658411399.8035648,524.0
1658411399.8233824,524.0
1658411399.8421693,530.0
1658411399.8611815,523.0
1658411399.880941,517.0
1658411399.9006689,523.0
1658411399.919242,525.0
1658411399.9392715,514.0
1658411399.9578176,520.0
1658411399.9777446,525.0
1658411399.9962437,519.0
1658411400.015909,529.0
1658411400.034539,523.0
1658411400.054572,526.0
1658411400.0732834,527.0
1658411400.0928216,533.0
1658411400.112112,527.0
1658411400.1313717,527.0
1658411400.1505718,537.0
1658411400.1698318,526.0
1658411400.1886091,528.0
1658411400.2090466,532.0
1658411400.2274115,529.0
1658411400.2472126,523.0
1658411400.2654772,536.0
1658411400.285343,530.0
1658411400.3053155,534.0
1658411400.3239012,523.0
1658411400.343878,529.0
1658411400.362079,525.0
1658411400.3819168,528.0
1658411400.4004438,525.0
1658411400.4201016,526.0
1658411400.4401014,520.0
1658411400.4586105,523.0
1658411400.4782572,531.0
1658411400.496792,522.0
1658411400.5166228,520.0
1658411400.535147,530.0
1658411400.5553474,529.0
1658411400.5749788,532.0
1658411400.593139,530.0
1658411400.61247,530.0
1658411400.6318843,529.0
1658411400.651746,531.0
1658411400.6709218,536.0
1658411400.6898537,528.0
1658411400.7087665,528.0
1658411400.728373,536.0
1658411400.7481503,514.0
1658411400.76629,526.0
1658411400.7863617,527.0
1658411400.8053772,525.0
1658411400.8252711,528.0
1658411400.8438704,533.0
1658411400.8626485,520.0
1658411400.8825705,530.0
1658411400.9011872,527.0
1658411400.921069,524.0
1658411400.9397333,521.0
