1658409294.872893,891.0
1658409294.9053435,903.0
1658409294.9368992,900.0
1658409294.9693751,899.0
1658409295.0016057,886.0
1658409295.0331028,901.0
1658409295.0649648,889.0
1658409295.0973816,894.0
1658409295.1298754,892.0
1658409295.1618192,894.0
1658409295.1934214,901.0
1658409295.2255003,898.0
1658409295.2580976,890.0
1658409295.2896326,895.0
1658409295.3224347,892.0
1658409295.3535428,899.0
1658409295.386506,892.0
1658409295.4179091,890.0
1658409295.4501908,889.0
1658409295.4822857,892.0
1658409295.5134711,892.0
1658409295.5461338,893.0
1658409295.5781374,899.0
1658409295.610532,899.0
1658409295.642176,903.0
1658409295.6737998,897.0
1658409295.705765,893.0
1658409295.737564,892.0
1658409295.7703953,891.0
1658409295.8021352,892.0
1658409295.8341541,893.0
1658409295.865649,891.0
1658409295.8988588,891.0
1658409295.9308765,889.0
1658409295.962421,902.0
1658409295.9940143,895.0
1658409296.0268784,897.0
1658409296.058408,891.0
1658409296.0900207,899.0
1658409296.1230621,887.0
1658409296.1547155,892.0
1658409296.1865036,892.0
1658409296.218437,889.0
1658409296.2512019,895.0
1658409296.2830954,898.0
1658409296.3150892,898.0
1658409296.3467193,897.0
1658409296.3796873,893.0
1658409296.4101405,892.0
1658409296.4434028,887.0
1658409296.4749863,892.0
1658409296.5067904,901.0
1658409296.5383513,892.0
1658409296.5712135,896.0
1658409296.602977,897.0
1658409296.634551,884.0
1658409296.6673226,895.0
1658409296.6992435,897.0
1658409296.7311172,900.0
1658409296.7625873,885.0
1658409296.7956965,894.0
1658409296.8273864,897.0
1658409296.858901,897.0
1658409296.8906975,895.0
1658409296.9229481,893.0
1658409296.9546409,895.0
1658409296.9874687,895.0
1658409297.0189493,893.0
1658409297.0507436,894.0
1658409297.0837088,891.0
1658409297.115275,898.0
1658409297.147275,889.0
1658409297.1792903,894.0
1658409297.212432,891.0
1658409297.2441225,898.0
1658409297.2756598,891.0
1658409297.30729,896.0
1658409297.3389926,900.0
1658409297.372,889.0
1658409297.403779,895.0
1658409297.4353943,893.0
1658409297.4683316,898.0
1658409297.5004096,885.0
1658409297.5320697,898.0
1658409297.5635839,896.0
1658409297.5965898,888.0
1658409297.6281252,895.0
1658409297.6595984,891.0
1658409297.6914387,898.0
1658409297.7244103,898.0
1658409297.7558975,896.0
1658409297.7873542,892.0
1658409297.8204033,895.0
1658409297.8521347,889.0
1658409297.883615,901.0
1658409297.9155781,900.0
1658409297.9484174,896.0
1658409297.98007,895.0
1658409298.01295,898.0
1658409298.044525,894.0
1658409298.0759816,895.0
1658409298.107708,894.0
1658409298.1407204,889.0
1658409298.1723592,891.0
1658409298.20443,894.0
1658409298.2361283,893.0
1658409298.2677157,897.0
1658409298.3010542,893.0
1658409298.3327653,890.0
1658409298.3643775,901.0
1658409298.3973424,897.0
1658409298.4289935,886.0
1658409298.46042,894.0
1658409298.4923549,900.0
1658409298.524053,891.0
1658409298.5567868,889.0
1658409298.5882697,896.0
1658409298.621013,899.0
1658409298.652762,893.0
1658409298.6843338,886.0
1658409298.7173386,888.0
1658409298.7490964,898.0
1658409298.7808568,895.0
1658409298.8137326,891.0
1658409298.8456295,894.0
1658409298.8770614,887.0
1658409298.9091516,896.0
1658409298.9408028,885.0
1658409298.9723752,901.0
1658409299.0054064,901.0
1658409299.037259,898.0
1658409299.0686245,894.0
1658409299.1014483,889.0
1658409299.1329792,893.0
1658409299.165704,897.0
1658409299.1970417,890.0
1658409299.230192,891.0
1658409299.2612288,894.0
1658409299.292677,891.0
1658409299.3257031,889.0
1658409299.3572755,892.0
1658409299.3888202,891.0
1658409299.4217477,890.0
1658409299.4533522,892.0
1658409299.4850795,891.0
1658409299.5179348,895.0
1658409299.549582,898.0
1658409299.5810373,891.0
1658409299.613853,903.0
1658409299.6452389,893.0
1658409299.6782765,892.0
1658409299.7099261,894.0
1658409299.7414694,894.0
1658409299.773107,885.0
1658409299.8063166,898.0
1658409299.8380544,893.0
1658409299.8698447,900.0
1658409299.9015517,893.0
1658409299.933699,890.0
1658409299.9652705,896.0
1658409299.9983974,895.0
1658409300.030016,893.0
1658409300.0616357,900.0
1658409300.094389,893.0
1658409300.1257844,898.0
1658409300.1574395,893.0
1658409300.1903248,894.0
1658409300.2223492,884.0
1658409300.2543626,897.0
1658409300.2859857,883.0
1658409300.3178673,891.0
1658409300.3508685,895.0
1658409300.3824632,894.0
1658409300.414309,893.0
1658409300.4462266,896.0
1658409300.4778063,878.0
1658409300.5109837,897.0
1658409300.5423663,891.0
1658409300.5739412,893.0
1658409300.6069021,895.0
1658409300.6387553,894.0
1658409300.6702275,891.0
1658409300.7029693,900.0
1658409300.7348197,891.0
1658409300.766371,893.0
1658409300.7979696,895.0
1658409300.8308477,896.0
1658409300.8625515,885.0
1658409300.8940415,895.0
1658409300.927595,888.0
1658409300.9593015,888.0
1658409300.9909215,896.0
1658409301.0233467,899.0
1658409301.0551488,890.0
1658409301.0863125,896.0
1658409301.1191468,891.0
1658409301.1504016,892.0
1658409301.1821775,884.0
1658409301.2148793,894.0
1658409301.247427,895.0
1658409301.278676,895.0
1658409301.3114898,890.0
1658409301.3427656,892.0
1658409301.375293,899.0
1658409301.4068842,887.0
1658409301.4396017,881.0
1658409301.4709384,895.0
1658409301.503576,891.0
1658409301.535077,899.0
1658409301.566574,888.0
1658409301.5992694,894.0
1658409301.631679,894.0
1658409301.6631098,897.0
1658409301.6958594,889.0
1658409301.7268143,890.0
1658409301.7595067,893.0
1658409301.791265,892.0
1658409301.8235762,889.0
1658409301.856095,888.0
1658409301.8871684,897.0
1658409301.920058,895.0
1658409301.9515367,894.0
1658409301.9841602,886.0
1658409302.0156138,885.0
1658409302.0484054,895.0
1658409302.0796824,898.0
1658409302.1125162,894.0
1658409302.143732,892.0
1658409302.175252,897.0
1658409302.207879,890.0
1658409302.2392497,894.0
1658409302.2720008,900.0
1658409302.303406,902.0
1658409302.3362834,896.0
1658409302.3676474,892.0
1658409302.4003916,896.0
1658409302.4320018,891.0
1658409302.4648292,898.0
1658409302.4962373,896.0
1658409302.527549,897.0
1658409302.5602727,894.0
1658409302.5916133,899.0
1658409302.6243236,887.0
1658409302.6556108,885.0
1658409302.6881108,895.0
1658409302.7208579,892.0
1658409302.7520819,890.0
1658409302.7847388,895.0
1658409302.8159416,894.0
1658409302.8488665,899.0
1658409302.8800657,887.0
1658409302.9131172,899.0
1658409302.9443226,894.0
1658409302.9769397,895.0
1658409303.0084112,897.0
1658409303.0409238,893.0
1658409303.0722935,894.0
1658409303.104936,893.0
1658409303.136052,889.0
1658409303.1686687,893.0
1658409303.2006085,895.0
1658409303.2329822,893.0
1658409303.2648752,901.0
1658409303.296539,889.0
1658409303.3298767,891.0
1658409303.3608713,890.0
1658409303.3928063,893.0
1658409303.4249692,897.0
1658409303.4572544,895.0
1658409303.4891458,890.0
1658409303.521806,900.0
1658409303.5530453,890.0
1658409303.584463,897.0
1658409303.6170187,895.0
1658409303.6495388,895.0
1658409303.681635,891.0
1658409303.713874,897.0
1658409303.7453918,895.0
1658409303.7778833,895.0
1658409303.8087392,892.0
1658409303.8410897,898.0
1658409303.874092,895.0
1658409303.9059637,891.0
1658409303.9373229,895.0
1658409303.9689848,889.0
1658409304.0018697,901.0
1658409304.0338883,899.0
1658409304.065999,901.0
1658409304.097634,896.0
1658409304.129532,887.0
1658409304.161623,895.0
1658409304.1929598,902.0
1658409304.2252822,890.0
1658409304.257899,899.0
1658409304.2900658,893.0
1658409304.3224282,896.0
1658409304.353837,894.0
1658409304.3857546,902.0
1658409304.4174683,895.0
1658409304.4504306,896.0
1658409304.482336,891.0
1658409304.514271,884.0
1658409304.5455437,890.0
1658409304.5784252,897.0
1658409304.609955,897.0
1658409304.6422877,897.0
1658409304.674259,897.0
1658409304.706107,896.0
1658409304.7387476,900.0
1658409304.7695844,894.0
1658409304.8019083,894.0
1658409304.8337712,902.0
1658409304.865896,891.0
1658409304.8982139,903.0
1658409304.931218,891.0
1658409304.9625008,892.0
1658409304.9949698,891.0
1658409305.026334,894.0
1658409305.058105,894.0
1658409305.0901704,889.0
1658409305.122789,889.0
1658409305.1548283,895.0
1658409305.1866639,901.0
1658409305.2190504,889.0
1658409305.2510047,888.0
1658409305.2827454,890.0
1658409305.3145902,891.0
1658409305.3467033,896.0
1658409305.3785563,893.0
1658409305.410342,885.0
1658409305.4420896,895.0
1658409305.4751542,893.0
1658409305.5069566,891.0
1658409305.5387564,893.0
1658409305.5702536,891.0
1658409305.602981,895.0
1658409305.6346965,893.0
1658409305.6666813,894.0
1658409305.6984422,890.0
1658409305.7309623,903.0
1658409305.7627637,888.0
1658409305.7958586,903.0
1658409305.827963,896.0
1658409305.8597345,896.0
1658409305.8913171,896.0
1658409305.9234254,895.0
1658409305.9551728,898.0
1658409305.9869964,883.0
1658409306.0197194,898.0
1658409306.0514386,899.0
1658409306.0831,896.0
1658409306.1148741,889.0
1658409306.1471124,892.0
1658409306.1788647,894.0
1658409306.2118566,890.0
1658409306.2435272,897.0
1658409306.2752054,892.0
1658409306.3067772,900.0
1658409306.3389657,895.0
1658409306.370903,899.0
1658409306.4038556,895.0
1658409306.435749,893.0
1658409306.466903,889.0
1658409306.4998853,892.0
1658409306.5316882,897.0
1658409306.563315,901.0
1658409306.5960605,898.0
1658409306.6277943,891.0
1658409306.6596243,893.0
1658409306.691344,893.0
1658409306.723351,895.0
1658409306.755593,901.0
1658409306.7875113,894.0
1658409306.8196697,890.0
1658409306.8523855,895.0
1658409306.8841968,885.0
1658409306.9165742,894.0
1658409306.948403,892.0
1658409306.979827,892.0
1658409307.0125587,900.0
1658409307.0442939,888.0
1658409307.0759556,887.0
1658409307.1075482,887.0
1658409307.1406958,890.0
1658409307.172291,894.0
1658409307.2037787,893.0
1658409307.2368028,897.0
1658409307.2685478,894.0
1658409307.3000813,898.0
1658409307.3329499,899.0
1658409307.3645434,896.0
1658409307.39598,897.0
1658409307.4282086,893.0
1658409307.4601147,894.0
1658409307.4918087,897.0
1658409307.524937,890.0
1658409307.5563447,895.0
1658409307.5886328,895.0
1658409307.6207495,889.0
1658409307.6524894,884.0
1658409307.6850057,892.0
1658409307.7160997,898.0
1658409307.7484763,900.0
1658409307.780873,900.0
1658409307.8126566,896.0
1658409307.844294,896.0
1658409307.8773713,892.0
1658409307.909024,899.0
1658409307.941026,895.0
1658409307.9726841,887.0
1658409308.0042446,890.0
1658409308.0372872,898.0
1658409308.0692823,897.0
1658409308.1010497,892.0
1658409308.1330614,893.0
1658409308.1646407,891.0
1658409308.1974535,893.0
1658409308.22912,894.0
1658409308.2605305,889.0
1658409308.2933233,898.0
1658409308.325489,899.0
1658409308.357293,889.0
1658409308.3889852,890.0
1658409308.4209356,893.0
1658409308.4525695,900.0
1658409308.485717,895.0
1658409308.5173721,894.0
1658409308.549307,891.0
1658409308.5810137,892.0
1658409308.614054,897.0
1658409308.645506,894.0
1658409308.677138,901.0
1658409308.7087138,892.0
1658409308.7408588,892.0
1658409308.773678,896.0
1658409308.8053315,897.0
1658409308.837159,897.0
1658409308.8700144,896.0
1658409308.9014435,892.0
1658409308.9334133,900.0
1658409308.9650059,891.0
1658409308.997963,887.0
1658409309.0299037,892.0
1658409309.061437,894.0
1658409309.0943398,885.0
1658409309.1262565,891.0
1658409309.1579604,899.0
1658409309.1897106,891.0
1658409309.221372,895.0
1658409309.2532086,885.0
1658409309.2861767,893.0
1658409309.317874,896.0
1658409309.3498003,896.0
1658409309.3815112,891.0
1658409309.4144495,895.0
1658409309.446059,893.0
1658409309.4775774,889.0
1658409309.5105987,890.0
1658409309.5425334,894.0
1658409309.5742347,893.0
1658409309.6057467,895.0
1658409309.6375997,897.0
1658409309.670872,897.0
1658409309.7024403,887.0
1658409309.7344735,890.0
1658409309.7661629,898.0
1658409309.7977414,891.0
1658409309.8307273,899.0
1658409309.862221,900.0
1658409309.8951068,890.0
1658409309.92648,886.0
1658409309.958153,899.0
1658409309.990862,896.0
1658409310.022363,904.0
1658409310.0539658,895.0
1658409310.0869522,895.0
1658409310.1182144,896.0
1658409310.1509402,895.0
1658409310.1822426,895.0
1658409310.2149258,895.0
1658409310.2465801,896.0
1658409310.2792776,897.0
1658409310.3104928,889.0
1658409310.3431747,895.0
1658409310.3748255,893.0
1658409310.4061446,895.0
1658409310.4389443,895.0
1658409310.4705193,885.0
1658409310.5034118,896.0
1658409310.5350027,906.0
1658409310.5662878,894.0
1658409310.5988662,899.0
1658409310.631571,896.0
1658409310.6631408,899.0
1658409310.694491,892.0
1658409310.727122,897.0
1658409310.7588336,898.0
1658409310.7913952,891.0
1658409310.8228576,888.0
1658409310.8557637,897.0
1658409310.8871658,892.0
1658409310.9198427,892.0
1658409310.9518404,894.0
1658409310.983104,892.0
1658409311.0156906,891.0
1658409311.0471528,898.0
1658409311.07982,890.0
1658409311.110997,893.0
1658409311.143563,898.0
1658409311.1749434,896.0
1658409311.2075224,890.0
1658409311.238897,898.0
1658409311.271581,886.0
1658409311.3040376,891.0
1658409311.3355503,892.0
1658409311.3681533,903.0
1658409311.3994577,896.0
1658409311.4321697,891.0
1658409311.4635108,898.0
1658409311.4960945,898.0
1658409311.5272202,893.0
1658409311.5599568,903.0
1658409311.5913124,899.0
1658409311.6237051,891.0
1658409311.6564398,899.0
1658409311.6877089,892.0
1658409311.7203557,897.0
1658409311.7519958,905.0
1658409311.783351,893.0
1658409311.8158739,894.0
1658409311.8484719,900.0
1658409311.8796856,892.0
1658409311.9122949,901.0
1658409311.9439957,893.0
1658409311.9757967,892.0
1658409312.0084143,901.0
1658409312.0399563,884.0
1658409312.072457,893.0
1658409312.103719,895.0
1658409312.1364539,899.0
1658409312.1676152,899.0
1658409312.2001889,892.0
1658409312.2329016,897.0
1658409312.2646217,888.0
1658409312.297216,893.0
1658409312.328415,895.0
1658409312.360063,889.0
1658409312.3927538,898.0
1658409312.4243205,895.0
1658409312.4571202,898.0
1658409312.4884114,893.0
1658409312.5211065,890.0
1658409312.5526817,892.0
1658409312.584023,896.0
1658409312.6167865,895.0
1658409312.6484482,894.0
1658409312.6813424,890.0
1658409312.7125776,900.0
1658409312.7442083,888.0
1658409312.7770572,897.0
1658409312.8086774,898.0
1658409312.8414295,900.0
1658409312.8729482,890.0
1658409312.9048474,896.0
1658409312.9363675,890.0
1658409312.9691145,888.0
1658409313.0005553,896.0
1658409313.0333652,892.0
1658409313.0650573,894.0
1658409313.0966303,892.0
1658409313.129305,896.0
1658409313.1605144,898.0
1658409313.1934216,895.0
1658409313.2248092,899.0
1658409313.2564933,889.0
1658409313.2891722,899.0
1658409313.3218162,896.0
1658409313.3532598,894.0
1658409313.3848183,895.0
1658409313.4178417,896.0
1658409313.449452,895.0
1658409313.4820116,890.0
1658409313.513281,893.0
1658409313.5458112,892.0
1658409313.5770814,894.0
1658409313.6098974,895.0
1658409313.6413507,891.0
1658409313.6728292,903.0
1658409313.7056744,896.0
1658409313.737043,887.0
1658409313.7699232,888.0
1658409313.8013735,890.0
1658409313.834281,888.0
1658409313.8653605,897.0
1658409313.898089,895.0
1658409313.9296603,888.0
1658409313.9622664,897.0
1658409313.9935977,899.0
1658409314.0264487,891.0
1658409314.0578551,892.0
1658409314.0905478,892.0
1658409314.1218624,891.0
1658409314.1533036,894.0
1658409314.185979,897.0
1658409314.2173243,900.0
1658409314.2502,884.0
1658409314.2814834,889.0
1658409314.314269,904.0
1658409314.345621,894.0
1658409314.378231,905.0
1658409314.4098794,896.0
1658409314.442751,900.0
1658409314.4742694,894.0
1658409314.5056088,892.0
1658409314.5383732,889.0
1658409314.5697682,897.0
1658409314.6025689,891.0
1658409314.6339574,889.0
1658409314.6668127,894.0
1658409314.6982198,900.0
1658409314.7310615,893.0
1658409314.76255,889.0
1658409314.793878,896.0
1658409314.826457,893.0
1658409314.8581173,898.0
1658409314.8907714,898.0
1658409314.9220798,899.0
1658409314.9550369,887.0
1658409314.9863994,891.0
1658409315.0190957,903.0
1658409315.0506434,895.0
1658409315.0832026,896.0
1658409315.1145148,887.0
1658409315.1472847,890.0
1658409315.1784804,897.0
1658409315.2109842,886.0
1658409315.242264,895.0
1658409315.275059,895.0
1658409315.3062532,892.0
1658409315.3387742,893.0
1658409315.3717349,896.0
1658409315.402958,892.0
1658409315.4357016,898.0
1658409315.467231,900.0
1658409315.4986281,892.0
1658409315.5311587,903.0
1658409315.563839,897.0
1658409315.5952039,893.0
1658409315.6277282,893.0
1658409315.659343,897.0
1658409315.6905956,892.0
1658409315.723081,900.0
1658409315.7557185,903.0
1658409315.7869751,890.0
1658409315.8195288,902.0
1658409315.8508928,898.0
1658409315.8834734,902.0
1658409315.9148946,889.0
1658409315.9481013,892.0
1658409315.9794495,901.0
1658409316.0119169,889.0
1658409316.0429919,889.0
1658409316.0755255,903.0
1658409316.108138,893.0
1658409316.1401877,894.0
1658409316.171792,887.0
1658409316.2032282,895.0
1658409316.2357445,894.0
1658409316.2671366,892.0
1658409316.2998302,897.0
1658409316.3313468,889.0
1658409316.3640435,894.0
1658409316.395241,894.0
1658409316.4281323,895.0
1658409316.45974,892.0
1658409316.491404,893.0
1658409316.5241625,895.0
1658409316.5557208,893.0
1658409316.5884,898.0
1658409316.6197956,904.0
1658409316.652382,895.0
1658409316.6836848,885.0
1658409316.7163098,890.0
1658409316.747893,897.0
1658409316.7798603,891.0
1658409316.8116004,894.0
1658409316.8444488,885.0
1658409316.8771627,895.0
1658409316.9079185,899.0
1658409316.9401367,891.0
1658409316.9717436,896.0
1658409317.0040042,894.0
1658409317.0358245,891.0
1658409317.068851,900.0
1658409317.1007984,896.0
1658409317.1328511,894.0
1658409317.164521,893.0
1658409317.19694,898.0
1658409317.228391,891.0
1658409317.2609618,898.0
1658409317.2922997,894.0
1658409317.324551,889.0
1658409317.3567355,897.0
1658409317.3881626,899.0
1658409317.420863,889.0
1658409317.4529488,890.0
1658409317.4853437,891.0
1658409317.5172288,885.0
1658409317.5480871,892.0
1658409317.5820656,894.0
1658409317.612927,897.0
1658409317.6447484,899.0
1658409317.6772747,892.0
1658409317.7091875,901.0
1658409317.7407396,898.0
1658409317.7723548,887.0
1658409317.8045537,889.0
1658409317.8366337,882.0
1658409317.8691218,892.0
1658409317.9014888,897.0
1658409317.933057,895.0
1658409317.9656043,894.0
1658409317.99751,896.0
1658409318.0284126,899.0
1658409318.0612652,892.0
1658409318.0928686,899.0
1658409318.1253605,891.0
1658409318.1566126,903.0
1658409318.189222,898.0
1658409318.2214754,897.0
1658409318.2534,890.0
1658409318.284746,901.0
1658409318.317277,896.0
1658409318.3487525,893.0
1658409318.381315,890.0
1658409318.413978,901.0
1658409318.4469535,899.0
1658409318.4777713,891.0
1658409318.5088332,893.0
1658409318.5411775,883.0
1658409318.5734756,894.0
1658409318.6048784,897.0
1658409318.6373158,896.0
1658409318.6697245,887.0
1658409318.7010927,895.0
1658409318.7334743,891.0
1658409318.7657797,892.0
1658409318.7973099,895.0
1658409318.830263,891.0
1658409318.8621855,898.0
1658409318.8949494,893.0
1658409318.9258623,904.0
1658409318.9583056,895.0
1658409318.9901175,890.0
1658409319.0213325,892.0
1658409319.0533562,892.0
1658409319.08588,893.0
1658409319.1184232,892.0
1658409319.149718,890.0
1658409319.1820307,890.0
1658409319.2144673,889.0
1658409319.2468708,894.0
1658409319.2790077,890.0
1658409319.3097367,887.0
1658409319.3420818,897.0
1658409319.374497,889.0
1658409319.4063604,898.0
1658409319.4379861,895.0
1658409319.4701765,890.0
1658409319.502756,879.0
1658409319.5339015,886.0
1658409319.566376,899.0
1658409319.59894,892.0
1658409319.6311908,894.0
1658409319.663121,898.0
1658409319.6954012,894.0
1658409319.7259362,898.0
1658409319.7583604,889.0
1658409319.7909977,895.0
1658409319.8229816,890.0
1658409319.8541753,897.0
1658409319.8863013,892.0
1658409319.9180834,895.0
1658409319.9506407,900.0
1658409319.9828048,897.0
1658409320.015089,891.0
1658409320.046509,903.0
1658409320.0799935,885.0
1658409320.110491,895.0
1658409320.1427162,900.0
1658409320.1754074,898.0
1658409320.2068803,902.0
1658409320.2391422,894.0
1658409320.2703276,889.0
1658409320.3029258,890.0
1658409320.3354003,903.0
1658409320.3666213,893.0
1658409320.3994515,897.0
1658409320.4319744,892.0
1658409320.4641721,897.0
1658409320.4953241,889.0
1658409320.5273929,887.0
1658409320.5599127,888.0
1658409320.5913577,892.0
1658409320.6237788,895.0
1658409320.654715,893.0
1658409320.6867945,904.0
1658409320.7192416,896.0
1658409320.751171,890.0
1658409320.7835572,889.0
1658409320.8154674,889.0
1658409320.8475487,890.0
1658409320.8798144,899.0
1658409320.9119606,899.0
1658409320.943209,895.0
1658409320.9750779,895.0
1658409321.0070863,897.0
1658409321.0392363,888.0
1658409321.071522,894.0
1658409321.1033359,889.0
1658409321.1352694,897.0
1658409321.1675208,886.0
1658409321.199653,888.0
1658409321.2319152,889.0
1658409321.2641149,894.0
1658409321.2959645,889.0
1658409321.3278315,892.0
1658409321.3598733,897.0
1658409321.3923223,892.0
1658409321.4235694,891.0
1658409321.4556844,896.0
1658409321.4876103,888.0
1658409321.5195684,895.0
1658409321.5515132,895.0
1658409321.5840614,895.0
1658409321.6162674,895.0
1658409321.6485043,891.0
1658409321.6807926,893.0
1658409321.7128766,904.0
1658409321.7447662,892.0
1658409321.7757757,899.0
1658409321.8077376,894.0
1658409321.839936,895.0
1658409321.871906,899.0
1658409321.9041374,895.0
1658409321.9361718,889.0
1658409321.9684637,890.0
1658409322.0007677,899.0
1658409322.0325913,888.0
1658409322.064853,897.0
1658409322.0966153,894.0
1658409322.129249,894.0
1658409322.16,891.0
1658409322.192436,893.0
1658409322.2246225,897.0
1658409322.2564719,898.0
1658409322.2885787,894.0
1658409322.3207755,887.0
1658409322.3526592,895.0
1658409322.3850448,897.0
1658409322.417169,890.0
1658409322.4493427,890.0
1658409322.481604,883.0
1658409322.513355,901.0
1658409322.545238,888.0
1658409322.5772133,890.0
1658409322.6092916,893.0
1658409322.6415865,890.0
1658409322.6727362,903.0
1658409322.7047477,891.0
1658409322.7370784,895.0
1658409322.769625,892.0
1658409322.801509,894.0
1658409322.8324535,887.0
1658409322.8656816,892.0
1658409322.896602,900.0
1658409322.9291136,896.0
1658409322.961501,888.0
1658409322.993659,898.0
1658409323.024927,887.0
1658409323.0570877,892.0
1658409323.0892591,881.0
1658409323.121293,889.0
1658409323.1534398,892.0
1658409323.185802,895.0
1658409323.2176962,887.0
1658409323.249726,888.0
1658409323.2820072,892.0
1658409323.3140502,894.0
1658409323.3458238,895.0
1658409323.3776662,891.0
1658409323.40975,893.0
1658409323.4419885,896.0
1658409323.4730053,896.0
1658409323.5059783,896.0
1658409323.538075,893.0
1658409323.570012,893.0
1658409323.6014535,892.0
1658409323.634134,890.0
1658409323.6653054,894.0
1658409323.6979234,903.0
1658409323.7295341,886.0
1658409323.7618694,896.0
1658409323.7932942,896.0
1658409323.8259966,894.0
1658409323.8584886,893.0
1658409323.8898602,892.0
1658409323.9213157,893.0
1658409323.9542885,897.0
1658409323.9857473,889.0
1658409324.018315,894.0
1658409324.0497327,892.0
1658409324.0823965,894.0
1658409324.113657,893.0
1658409324.1462638,897.0
1658409324.177532,896.0
1658409324.2101872,894.0
1658409324.2415876,899.0
1658409324.2744286,898.0
1658409324.3056753,890.0
1658409324.338494,898.0
1658409324.3696465,895.0
1658409324.4023964,897.0
1658409324.434227,893.0
1658409324.4667008,893.0
1658409324.4979463,897.0
1658409324.5308125,898.0
1658409324.561878,902.0
1658409324.5948746,891.0
1658409324.626415,898.0
1658409324.6589522,890.0
1658409324.6904087,893.0
1658409324.7229822,901.0
1658409324.7546785,899.0
1658409324.78631,891.0
1658409324.819157,899.0
1658409324.850758,893.0
1658409324.882205,894.0
1658409324.9154265,897.0
1658409324.9471586,892.0
1658409324.9784598,898.0
1658409325.01108,888.0
1658409325.0427413,890.0
1658409325.0743155,905.0
1658409325.106914,887.0
1658409325.1383328,894.0
1658409325.1709943,895.0
1658409325.2024844,894.0
1658409325.2353618,892.0
1658409325.2666442,896.0
1658409325.299731,898.0
1658409325.3312817,889.0
1658409325.3639562,892.0
1658409325.3953917,890.0
1658409325.4270837,898.0
1658409325.4597754,892.0
1658409325.491352,894.0
1658409325.5226874,886.0
1658409325.5556235,890.0
1658409325.5868318,901.0
1658409325.6194727,892.0
1658409325.6509714,891.0
1658409325.6835282,887.0
1658409325.7148864,888.0
1658409325.7475169,891.0
1658409325.7789714,888.0
1658409325.8114462,893.0
1658409325.8430302,892.0
1658409325.8757703,903.0
1658409325.907129,894.0
1658409325.9390106,892.0
1658409325.9720366,892.0
1658409326.003478,899.0
1658409326.034961,896.0
1658409326.0676115,896.0
1658409326.0991929,904.0
1658409326.1320877,893.0
1658409326.1632707,902.0
1658409326.1961565,896.0
1658409326.2273185,897.0
1658409326.2603023,892.0
1658409326.2916954,889.0
1658409326.324313,894.0
1658409326.355962,896.0
1658409326.387366,898.0
1658409326.4204037,894.0
1658409326.4520848,895.0
1658409326.4837177,893.0
1658409326.5164008,897.0
1658409326.5479882,894.0
1658409326.5806453,889.0
1658409326.6118255,890.0
1658409326.6447275,905.0
1658409326.6760156,892.0
1658409326.707564,891.0
1658409326.740393,894.0
1658409326.7726605,892.0
1658409326.8039908,887.0
1658409326.8368468,898.0
1658409326.8683186,890.0
1658409326.8998144,896.0
1658409326.9327958,886.0
1658409326.964511,884.0
1658409326.9959009,909.0
1658409327.028544,886.0
1658409327.0599325,895.0
1658409327.092767,894.0
1658409327.1239562,890.0
1658409327.15665,894.0
1658409327.1880982,899.0
1658409327.2208633,899.0
1658409327.2524667,890.0
1658409327.2841675,898.0
1658409327.316174,896.0
1658409327.3482718,900.0
1658409327.3804781,888.0
1658409327.4131663,891.0
1658409327.4446235,890.0
1658409327.4762495,888.0
1658409327.5092747,901.0
1658409327.540584,902.0
1658409327.5733697,899.0
1658409327.6050375,895.0
1658409327.6364949,896.0
1658409327.6690042,894.0
1658409327.7005277,897.0
1658409327.7331026,894.0
1658409327.7647197,899.0
1658409327.797434,895.0
1658409327.82872,899.0
1658409327.8612504,892.0
1658409327.8926513,888.0
1658409327.9255526,892.0
1658409327.9571328,899.0
1658409327.9898262,893.0
1658409328.0211673,901.0
1658409328.0538933,897.0
1658409328.085239,895.0
1658409328.1165621,897.0
1658409328.1492682,895.0
1658409328.182042,891.0
1658409328.2130647,885.0
1658409328.2456484,899.0
1658409328.2766864,891.0
1658409328.3093574,894.0
1658409328.3410203,890.0
1658409328.3735514,897.0
1658409328.4050038,887.0
1658409328.4380345,888.0
1658409328.4693727,892.0
1658409328.5008693,892.0
1658409328.5335274,896.0
1658409328.566147,896.0
1658409328.5975,898.0
1658409328.6301262,896.0
1658409328.6613579,895.0
1658409328.6940515,890.0
1658409328.725365,903.0
1658409328.7582457,887.0
1658409328.7894225,897.0
1658409328.8219876,890.0
1658409328.8535025,893.0
1658409328.886293,889.0
1658409328.9180145,897.0
1658409328.949918,887.0
1658409328.9813852,898.0
1658409329.01428,896.0
1658409329.0458012,890.0
1658409329.0784562,893.0
1658409329.1101012,891.0
1658409329.1417642,894.0
1658409329.174357,901.0
1658409329.2059727,894.0
1658409329.23881,888.0
1658409329.2701864,890.0
1658409329.3016875,904.0
1658409329.3344347,892.0
1658409329.3657832,889.0
1658409329.3985531,895.0
1658409329.4298215,895.0
1658409329.4625516,900.0
1658409329.4939673,895.0
1658409329.5256758,896.0
1658409329.5587158,898.0
1658409329.5902488,892.0
1658409329.6228387,896.0
1658409329.6544662,891.0
1658409329.6858573,887.0
1658409329.7186215,900.0
1658409329.7502146,887.0
1658409329.782848,892.0
1658409329.8142118,893.0
1658409329.8471072,894.0
1658409329.878231,905.0
1658409329.9110575,893.0
1658409329.9423783,892.0
1658409329.9742107,898.0
1658409330.006854,896.0
1658409330.038371,902.0
1658409330.0712178,893.0
1658409330.1026065,889.0
1658409330.1354353,888.0
1658409330.1671014,902.0
1658409330.1984975,896.0
1658409330.2310495,897.0
1658409330.263903,896.0
1658409330.2952838,902.0
1658409330.3266754,889.0
1658409330.3585079,892.0
1658409330.3911588,894.0
1658409330.4227479,898.0
1658409330.4556966,894.0
1658409330.4870818,898.0
1658409330.5186074,895.0
1658409330.5515516,896.0
1658409330.5829592,895.0
1658409330.615867,888.0
1658409330.647545,892.0
1658409330.6787171,892.0
1658409330.7115202,892.0
1658409330.7431378,900.0
1658409330.7759566,894.0
1658409330.8075492,899.0
1658409330.8389006,895.0
1658409330.871798,898.0
1658409330.903448,891.0
1658409330.934887,898.0
1658409330.967965,902.0
1658409330.999437,892.0
1658409331.032124,889.0
1658409331.0637255,896.0
1658409331.0952818,897.0
1658409331.1278088,895.0
1658409331.159203,898.0
1658409331.1920834,896.0
1658409331.2234488,896.0
1658409331.2562363,894.0
1658409331.2875538,889.0
1658409331.3203938,895.0
1658409331.3518047,890.0
1658409331.384494,888.0
1658409331.4162707,888.0
1658409331.447786,889.0
1658409331.4805474,890.0
1658409331.5117533,897.0
1658409331.54459,892.0
1658409331.57598,898.0
1658409331.6074758,894.0
1658409331.6402311,894.0
1658409331.671666,893.0
1658409331.7043962,895.0
1658409331.735885,896.0
1658409331.7686906,891.0
1658409331.8000226,893.0
1658409331.8325214,892.0
1658409331.8638444,896.0
1658409331.8965757,890.0
1658409331.9279027,891.0
1658409331.9607275,893.0
1658409331.9921603,897.0
1658409332.0248647,894.0
1658409332.056175,895.0
1658409332.0887158,891.0
1658409332.120039,894.0
1658409332.152775,894.0
1658409332.1841307,894.0
1658409332.2167103,897.0
1658409332.2480555,896.0
1658409332.2805765,896.0
1658409332.3130908,886.0
1658409332.3442826,896.0
1658409332.3769813,900.0
1658409332.4083564,898.0
1658409332.4413378,890.0
1658409332.4728446,894.0
1658409332.504293,889.0
1658409332.5370035,892.0
1658409332.5683966,890.0
1658409332.6009796,899.0
1658409332.633634,895.0
1658409332.6649506,898.0
1658409332.6977682,900.0
1658409332.7288172,899.0
1658409332.7614543,890.0
1658409332.7927566,895.0
1658409332.8254626,896.0
1658409332.8571706,893.0
1658409332.8884997,899.0
1658409332.9216325,892.0
1658409332.9530468,887.0
1658409332.98567,900.0
1658409333.0171773,892.0
1658409333.0498886,899.0
1658409333.0813284,888.0
1658409333.1129863,891.0
1658409333.1456857,894.0
1658409333.1771648,891.0
1658409333.209994,894.0
1658409333.241675,894.0
1658409333.2731233,897.0
1658409333.3058743,889.0
1658409333.3374054,894.0
1658409333.370104,891.0
1658409333.401443,897.0
1658409333.433055,892.0
1658409333.4660096,898.0
1658409333.4973247,895.0
1658409333.5302315,891.0
1658409333.5615456,893.0
1658409333.594157,897.0
1658409333.6256382,892.0
1658409333.6576147,894.0
1658409333.6890824,900.0
1658409333.722072,893.0
1658409333.7535176,890.0
1658409333.7862573,894.0
1658409333.817621,893.0
1658409333.850375,900.0
1658409333.8817964,888.0
1658409333.914614,890.0
1658409333.9463067,891.0
1658409333.9777985,890.0
1658409334.0094209,890.0
1658409334.0420794,896.0
1658409334.0735247,895.0
1658409334.1062973,897.0
1658409334.137629,893.0
1658409334.1705043,894.0
1658409334.202098,895.0
1658409334.2335174,894.0
1658409334.2663436,890.0
1658409334.299159,893.0
1658409334.3305898,896.0
1658409334.3617575,899.0
1658409334.3945222,902.0
1658409334.4259572,902.0
1658409334.4586563,892.0
1658409334.4902375,891.0
1658409334.5218444,894.0
1658409334.5548131,891.0
1658409334.5861447,890.0
1658409334.6189718,893.0
1658409334.6502993,898.0
1658409334.6830652,898.0
1658409334.714766,898.0
1658409334.746307,896.0
1658409334.7790022,886.0
1658409334.810405,894.0
1658409334.8431406,895.0
1658409334.8745646,884.0
1658409334.907254,894.0
1658409334.9388978,890.0
1658409334.9706814,895.0
1658409335.0021327,900.0
1658409335.0348465,898.0
1658409335.0663888,897.0
1658409335.0990658,896.0
1658409335.1305811,898.0
1658409335.1632302,896.0
1658409335.1945164,902.0
1658409335.22753,893.0
1658409335.259314,897.0
1658409335.2909203,890.0
1658409335.3223665,892.0
1658409335.3551645,898.0
1658409335.3865604,896.0
1658409335.4196353,893.0
1658409335.451037,900.0
1658409335.4825842,896.0
1658409335.5154395,900.0
1658409335.5468104,901.0
1658409335.579387,892.0
1658409335.6109927,893.0
1658409335.6437478,893.0
1658409335.6753032,895.0
1658409335.7068357,890.0
1658409335.7396214,895.0
1658409335.771001,897.0
1658409335.804051,891.0
1658409335.83551,892.0
1658409335.8669922,892.0
1658409335.8996785,887.0
1658409335.9313297,897.0
1658409335.9643564,902.0
1658409335.9957182,893.0
1658409336.027088,887.0
1658409336.0597644,894.0
1658409336.0913072,900.0
1658409336.1239948,891.0
1658409336.155127,901.0
1658409336.187797,896.0
1658409336.2203627,902.0
1658409336.2516448,897.0
1658409336.2831278,891.0
1658409336.315858,895.0
1658409336.3485107,896.0
1658409336.3797991,894.0
1658409336.4125242,892.0
1658409336.4438093,895.0
1658409336.4764845,896.0
1658409336.507943,893.0
1658409336.5394602,904.0
1658409336.5720482,899.0
1658409336.6046357,894.0
1658409336.635999,892.0
1658409336.6686378,900.0
1658409336.6999016,891.0
1658409336.7323701,904.0
1658409336.764937,890.0
1658409336.796176,898.0
1658409336.8285146,893.0
1658409336.8597682,887.0
1658409336.8926315,895.0
1658409336.9241786,893.0
1658409336.9569552,891.0
1658409336.9883058,893.0
1658409337.0198874,897.0
1658409337.0523915,885.0
1658409337.0838697,891.0
1658409337.1164792,906.0
1658409337.149156,896.0
1658409337.180669,900.0
1658409337.213336,894.0
1658409337.2444708,881.0
1658409337.2771592,898.0
1658409337.3088388,900.0
1658409337.340114,896.0
1658409337.372878,891.0
1658409337.4048326,901.0
1658409337.4362884,894.0
1658409337.4681628,893.0
1658409337.5001101,889.0
1658409337.5325112,897.0
1658409337.5653112,895.0
1658409337.5967252,892.0
1658409337.6281967,896.0
1658409337.6610644,896.0
1658409337.6924446,892.0
1658409337.724994,895.0
1658409337.756279,892.0
1658409337.7891223,897.0
1658409337.82069,899.0
1658409337.8535695,898.0
1658409337.885193,892.0
1658409337.916624,892.0
1658409337.9495046,895.0
1658409337.9812527,893.0
1658409338.012587,899.0
1658409338.045207,895.0
1658409338.0766659,900.0
1658409338.1096067,894.0
1658409338.1408842,895.0
1658409338.1736639,898.0
1658409338.2049716,902.0
1658409338.2378874,890.0
1658409338.2696319,891.0
1658409338.301038,894.0
1658409338.3338208,897.0
1658409338.3650854,894.0
1658409338.3977299,898.0
1658409338.4295056,898.0
1658409338.4620407,887.0
1658409338.4935677,891.0
1658409338.5249517,894.0
1658409338.5578926,892.0
1658409338.5895624,893.0
1658409338.6211262,897.0
1658409338.6538193,892.0
1658409338.6852105,894.0
1658409338.7179945,895.0
1658409338.7494664,889.0
1658409338.7821832,893.0
1658409338.813744,890.0
1658409338.8463483,897.0
1658409338.877662,892.0
1658409338.909135,890.0
1658409338.9420667,898.0
1658409338.973573,896.0
1658409339.0061772,900.0
1658409339.0376322,897.0
1658409339.070291,891.0
1658409339.1017532,892.0
1658409339.1333685,897.0
1658409339.1660507,887.0
1658409339.1975741,894.0
1658409339.2304893,891.0
1658409339.261679,896.0
1658409339.2944493,892.0
1658409339.3260458,895.0
1658409339.3574128,904.0
1658409339.3902686,903.0
1658409339.4220335,903.0
1658409339.4546835,893.0
1658409339.486114,893.0
1658409339.5176775,896.0
1658409339.5506592,895.0
1658409339.582047,888.0
1658409339.614723,903.0
1658409339.6460779,888.0
1658409339.6787438,903.0
1658409339.7102985,897.0
1658409339.742025,898.0
1658409339.774517,893.0
1658409339.8058338,892.0
1658409339.8387153,897.0
1658409339.8698955,898.0
1658409339.9027443,892.0
1658409339.9347126,892.0
1658409339.9663396,898.0
1658409339.9993043,891.0
1658409340.0306926,896.0
1658409340.0621686,890.0
1658409340.0949247,891.0
1658409340.126134,897.0
1658409340.1589139,898.0
1658409340.1902585,899.0
1658409340.22292,895.0
1658409340.2541502,889.0
1658409340.2867322,895.0
1658409340.319492,892.0
1658409340.350886,899.0
1658409340.383403,898.0
1658409340.4147477,896.0
1658409340.4475756,893.0
1658409340.4787397,892.0
1658409340.5113168,892.0
1658409340.5426686,894.0
1658409340.5751548,899.0
1658409340.6065629,898.0
1658409340.63939,896.0
1658409340.6706574,900.0
1658409340.7033021,888.0
1658409340.7347014,895.0
1658409340.7672644,901.0
1658409340.7986822,897.0
1658409340.8313518,889.0
1658409340.8640044,893.0
1658409340.8951597,892.0
1658409340.9267552,895.0
1658409340.9595325,892.0
1658409340.9912093,891.0
1658409341.0237703,895.0
1658409341.0551102,893.0
1658409341.0878043,894.0
1658409341.1193175,893.0
1658409341.151907,893.0
1658409341.1831796,889.0
1658409341.2156637,890.0
1658409341.2483118,893.0
1658409341.2793686,888.0
1658409341.3122537,899.0
1658409341.3435397,896.0
1658409341.3761716,892.0
1658409341.407476,893.0
1658409341.440375,893.0
1658409341.4717739,890.0
1658409341.5031912,896.0
1658409341.5360725,890.0
1658409341.5673728,896.0
1658409341.6000302,894.0
1658409341.6315618,901.0
1658409341.6642854,892.0
1658409341.6955698,895.0
1658409341.7282155,902.0
1658409341.7596169,900.0
1658409341.792346,892.0
1658409341.823727,891.0
1658409341.8563833,895.0
1658409341.8878384,892.0
1658409341.9205613,894.0
1658409341.9521856,893.0
1658409341.9840693,900.0
1658409342.0167613,885.0
1658409342.0482764,895.0
1658409342.080895,897.0
1658409342.1123593,896.0
1658409342.1437476,894.0
1658409342.1765018,894.0
1658409342.2080247,900.0
1658409342.2406669,897.0
1658409342.2718787,894.0
1658409342.304575,894.0
1658409342.336018,890.0
1658409342.3687792,890.0
1658409342.400537,892.0
1658409342.4321795,899.0
1658409342.4649887,895.0
1658409342.4965346,895.0
1658409342.5279515,893.0
1658409342.5606077,896.0
1658409342.5921276,901.0
1658409342.6251538,891.0
1658409342.656541,894.0
1658409342.688113,896.0
1658409342.7208643,897.0
1658409342.7521942,887.0
1658409342.784945,898.0
1658409342.8164608,891.0
1658409342.8493304,895.0
1658409342.8808055,895.0
1658409342.9137952,893.0
1658409342.9451292,887.0
1658409342.976715,895.0
1658409343.0084088,887.0
1658409343.0414014,891.0
1658409343.0729406,889.0
1658409343.1046865,891.0
1658409343.1376257,886.0
1658409343.1691864,894.0
1658409343.2007115,893.0
1658409343.2337706,899.0
1658409343.2649322,893.0
1658409343.297684,894.0
1658409343.3288124,900.0
1658409343.361668,896.0
1658409343.3930497,887.0
1658409343.425808,882.0
1658409343.4571779,889.0
1658409343.4898117,888.0
1658409343.5213292,893.0
1658409343.5529237,899.0
1658409343.585512,890.0
1658409343.6171927,890.0
1658409343.649919,890.0
1658409343.681348,899.0
1658409343.7139413,898.0
1658409343.7450893,896.0
1658409343.7777283,898.0
1658409343.8090916,897.0
1658409343.8420706,899.0
1658409343.8735955,889.0
1658409343.9050863,888.0
1658409343.9380264,892.0
1658409343.969662,894.0
1658409344.0012033,896.0
1658409344.0338726,889.0
1658409344.0653362,899.0
1658409344.098177,893.0
1658409344.1296556,889.0
1658409344.162417,888.0
1658409344.1937842,894.0
1658409344.2264426,899.0
1658409344.2579172,894.0
1658409344.2893245,893.0
1658409344.3220217,895.0
1658409344.3536263,905.0
1658409344.3863313,892.0
1658409344.417838,904.0
1658409344.4495175,907.0
1658409344.4820912,895.0
1658409344.5148988,895.0
1658409344.5462377,896.0
1658409344.5788548,888.0
1658409344.6101952,893.0
1658409344.641633,897.0
1658409344.6741781,909.0
1658409344.7058012,896.0
1658409344.7386684,893.0
1658409344.7699597,897.0
1658409344.8026109,888.0
1658409344.8337972,897.0
1658409344.8662755,894.0
1658409344.8988988,901.0
1658409344.9303718,905.0
1658409344.9629343,895.0
1658409344.9944174,898.0
1658409345.025808,893.0
1658409345.0583453,885.0
1658409345.0909052,899.0
1658409345.122189,901.0
1658409345.1540027,891.0
1658409345.1864555,888.0
1658409345.2179515,895.0
1658409345.2509072,894.0
1658409345.2821255,894.0
1658409345.314772,894.0
1658409345.347287,903.0
1658409345.3783038,887.0
1658409345.4110107,895.0
1658409345.4426527,895.0
1658409345.4752786,897.0
1658409345.5066118,894.0
1658409345.5383122,884.0
1658409345.5709255,891.0
1658409345.6035874,891.0
1658409345.6349041,895.0
1658409345.666483,904.0
1658409345.6990848,895.0
1658409345.7305713,894.0
1658409345.7632632,895.0
1658409345.794664,894.0
1658409345.8273768,895.0
1658409345.8587015,893.0
1658409345.8913436,894.0
1658409345.9228642,899.0
1658409345.9556494,900.0
1658409345.9871485,896.0
1658409346.0189226,908.0
1658409346.05162,897.0
1658409346.0830276,887.0
1658409346.1157362,896.0
1658409346.1470606,901.0
1658409346.1796677,892.0
1658409346.2110884,893.0
1658409346.2427342,891.0
1658409346.2755697,896.0
1658409346.30701,895.0
1658409346.3397186,893.0
1658409346.371009,902.0
1658409346.4037998,893.0
1658409346.4354038,892.0
1658409346.4668703,896.0
1658409346.4995666,896.0
1658409346.5320144,888.0
1658409346.5635636,895.0
1658409346.5950205,892.0
1658409346.6277063,892.0
1658409346.65935,895.0
1658409346.6920323,891.0
1658409346.723478,892.0
1658409346.755095,894.0
1658409346.7880106,891.0
1658409346.8193867,890.0
1658409346.8523574,897.0
1658409346.8839903,895.0
1658409346.9154582,906.0
1658409346.948368,896.0
1658409346.9799,899.0
1658409347.0114455,894.0
1658409347.044443,877.0
1658409347.0758176,893.0
1658409347.1087432,892.0
1658409347.1400638,897.0
1658409347.1727395,897.0
1658409347.2039316,897.0
1658409347.2368927,893.0
1658409347.2682288,895.0
1658409347.2996082,902.0
1658409347.332314,893.0
1658409347.3650649,895.0
1658409347.396475,894.0
1658409347.4279394,895.0
1658409347.460682,890.0
1658409347.4920645,887.0
1658409347.52494,898.0
1658409347.5563674,897.0
1658409347.5877597,888.0
1658409347.6207721,903.0
1658409347.65201,891.0
1658409347.684619,898.0
1658409347.7169874,897.0
1658409347.7481992,897.0
1658409347.7803745,896.0
1658409347.8123884,895.0
1658409347.845283,898.0
1658409347.8761399,898.0
1658409347.9087908,900.0
1658409347.9406328,897.0
1658409347.9732091,897.0
1658409348.0056815,892.0
1658409348.0361376,888.0
1658409348.0686383,892.0
1658409348.1005027,896.0
1658409348.1324556,892.0
1658409348.1650863,892.0
1658409348.1963313,900.0
1658409348.229072,895.0
1658409348.2605872,888.0
1658409348.2932956,896.0
1658409348.3251162,892.0
1658409348.3567963,900.0
1658409348.3895671,899.0
1658409348.421216,896.0
1658409348.4529195,884.0
1658409348.4855092,892.0
1658409348.5170808,883.0
1658409348.5497236,905.0
1658409348.5808065,898.0
1658409348.6134384,893.0
1658409348.6448588,892.0
1658409348.677446,892.0
1658409348.7089405,892.0
1658409348.742042,895.0
1658409348.7732923,902.0
1658409348.8058863,897.0
1658409348.8371756,899.0
1658409348.870025,895.0
1658409348.9014204,897.0
1658409348.9329224,898.0
1658409348.9655168,895.0
1658409348.997065,889.0
1658409349.0297205,885.0
1658409349.0611167,889.0
1658409349.0938993,899.0
1658409349.1252716,891.0
1658409349.158021,897.0
1658409349.189266,892.0
1658409349.2218118,893.0
1658409349.25308,891.0
1658409349.2857459,890.0
1658409349.3171594,896.0
1658409349.3500018,896.0
1658409349.3813653,895.0
1658409349.4138496,889.0
1658409349.445407,896.0
1658409349.4777517,891.0
1658409349.509249,900.0
1658409349.541946,902.0
1658409349.573376,893.0
1658409349.6058104,898.0
1658409349.6384034,900.0
1658409349.6696305,902.0
1658409349.7021093,895.0
1658409349.7335057,901.0
1658409349.7661724,895.0
1658409349.798851,901.0
1658409349.8301075,898.0
1658409349.862757,896.0
1658409349.8939948,899.0
1658409349.9255393,887.0
1658409349.9583273,898.0
1658409349.9897518,901.0
1658409350.0226681,901.0
1658409350.0543122,895.0
1658409350.0868843,902.0
1658409350.1184201,893.0
1658409350.1498947,898.0
1658409350.1825814,894.0
1658409350.215315,895.0
1658409350.2467523,903.0
1658409350.2781658,894.0
1658409350.3109646,890.0
1658409350.34237,896.0
1658409350.3750467,885.0
1658409350.4063435,896.0
1658409350.4379284,896.0
1658409350.4705431,893.0
1658409350.503339,887.0
1658409350.534806,889.0
1658409350.566185,893.0
1658409350.598803,892.0
1658409350.6303267,894.0
1658409350.6631858,894.0
1658409350.6944983,898.0
1658409350.7273877,895.0
1658409350.7592692,891.0
1658409350.790616,884.0
1658409350.8231988,897.0
1658409350.854815,894.0
1658409350.8874574,896.0
1658409350.9191046,896.0
1658409350.9508705,899.0
1658409350.982523,892.0
1658409351.0153165,901.0
1658409351.0470316,896.0
1658409351.0797691,893.0
1658409351.111103,897.0
1658409351.142664,900.0
1658409351.175579,890.0
1658409351.207093,896.0
1658409351.2388237,892.0
1658409351.2714665,897.0
1658409351.3029046,896.0
1658409351.3356185,903.0
1658409351.3671408,888.0
1658409351.3999324,898.0
1658409351.4319897,890.0
1658409351.463558,906.0
1658409351.4947689,898.0
1658409351.5275316,893.0
1658409351.5591693,893.0
1658409351.5916977,893.0
1658409351.623186,896.0
1658409351.6560478,896.0
1658409351.6872978,891.0
1658409351.720097,897.0
1658409351.751653,895.0
1658409351.783016,898.0
1658409351.8157556,896.0
1658409351.8484788,899.0
1658409351.879896,899.0
1658409351.911226,895.0
1658409351.9442542,893.0
1658409351.9763227,897.0
1658409352.0080278,896.0
1658409352.0395148,894.0
1658409352.072349,896.0
1658409352.1038096,893.0
1658409352.1352468,895.0
1658409352.1678648,886.0
1658409352.2005658,891.0
1658409352.2320514,884.0
1658409352.2636242,900.0
1658409352.2963588,892.0
1658409352.3279066,896.0
1658409352.3596423,894.0
1658409352.3924322,897.0
1658409352.423751,894.0
1658409352.4556012,893.0
1658409352.4882832,895.0
1658409352.519677,896.0
1658409352.552553,901.0
1658409352.583891,898.0
1658409352.6167665,895.0
1658409352.6484692,894.0
1658409352.6800857,892.0
1658409352.712849,893.0
1658409352.7440507,901.0
1658409352.7768335,890.0
1658409352.8083346,886.0
1658409352.8409784,897.0
1658409352.8722212,895.0
1658409352.9047585,894.0
1658409352.9364157,898.0
1658409352.9691594,901.0
1658409353.000562,890.0
1658409353.0331979,896.0
1658409353.0645463,903.0
1658409353.0968728,894.0
1658409353.1280031,900.0
1658409353.1609704,892.0
1658409353.1922905,898.0
1658409353.224773,895.0
1658409353.2561982,899.0
1658409353.2887824,890.0
1658409353.3213458,889.0
1658409353.352962,890.0
1658409353.384291,888.0
1658409353.4169288,896.0
1658409353.4484942,889.0
1658409353.481294,887.0
1658409353.5124912,898.0
1658409353.544984,896.0
1658409353.5763369,896.0
1658409353.6088521,892.0
1658409353.6414042,898.0
1658409353.672697,887.0
1658409353.7051563,902.0
1658409353.7367008,897.0
1658409353.7694778,890.0
1658409353.8006928,891.0
1658409353.833368,897.0
1658409353.8647106,890.0
1658409353.8972168,889.0
1658409353.9298804,892.0
1658409353.961093,898.0
1658409353.9927206,892.0
1658409354.0252144,903.0
1658409354.0569384,895.0
1658409354.0897238,892.0
1658409354.1211185,899.0
1658409354.1539648,892.0
1658409354.185687,889.0
1658409354.217099,900.0
1658409354.2498386,890.0
1658409354.2811754,901.0
1658409354.3138332,899.0
1658409354.3452024,900.0
1658409354.377838,895.0
1658409354.4092193,882.0
1658409354.4421172,896.0
1658409354.4736342,886.0
1658409354.5050433,890.0
1658409354.5379035,886.0
1658409354.5698829,895.0
1658409354.601148,890.0
1658409354.633882,894.0
1658409354.6654413,902.0
1658409354.698311,901.0
1658409354.7295468,896.0
1658409354.7611964,896.0
1658409354.7939098,896.0
1658409354.825329,891.0
1658409354.8581038,892.0
1658409354.8895245,897.0
1658409354.9221036,889.0
1658409354.9539328,897.0
1658409354.9857168,893.0
