Time:1662106363.0830374; +MPOS:74518697,-17,125,0,0,0
Time:1662106363.0902026; +MPOS:74518704,-17,125,0,0,0
Time:1662106363.097258; +MPOS:74518711,-18,125,0,0,0
Time:1662106363.109214; +MPOS:74518723,-18,125,0,0,0
Time:1662106363.1164439; +MPOS:74518730,-18,126,0,0,0
Time:1662106363.123576; +MPOS:74518737,-18,126,0,0,0
Time:1662106363.1307318; +MPOS:74518744,-18,126,0,0,0
Time:1662106363.142738; +MPOS:74518756,-18,126,0,0,0
Time:1662106363.1498885; +MPOS:74518764,-18,126,0,0,0
Time:1662106363.1570282; +MPOS:74518771,-18,126,0,0,0
Time:1662106363.164194; +MPOS:74518778,-18,126,0,0,0
Time:1662106363.176367; +MPOS:74518790,-18,126,0,0,0
Time:1662106363.1834068; +MPOS:74518797,-18,126,0,0,0
Time:1662106363.190507; +MPOS:74518805,-18,126,0,0,0
Time:1662106363.1976354; +MPOS:74518812,-18,125,0,0,0
Time:1662106363.2095895; +MPOS:74518824,-18,125,0,0,0
Time:1662106363.2168458; +MPOS:74518831,-18,125,0,0,0
Time:1662106363.2240114; +MPOS:74518838,-18,125,0,0,0
Time:1662106363.2310953; +MPOS:74518845,-18,125,0,0,0
Time:1662106363.2430594; +MPOS:74518857,-18,125,0,0,0
Time:1662106363.2502737; +MPOS:74518865,-18,125,0,0,0
Time:1662106363.2574031; +MPOS:74518872,-18,126,0,0,0
Time:1662106363.2645447; +MPOS:74518879,-18,126,0,0,0
Time:1662106363.2765114; +MPOS:74518891,-18,126,0,0,0
Time:1662106363.2837217; +MPOS:74518898,-18,126,0,0,0
Time:1662106363.290898; +MPOS:74518905,-18,126,0,0,0
Time:1662106363.2980425; +MPOS:74518913,-18,126,0,0,0
Time:1662106363.3099597; +MPOS:74518925,-18,126,0,0,0
Time:1662106363.3172176; +MPOS:74518932,-18,126,0,0,0
Time:1662106363.3243728; +MPOS:74518939,-18,125,0,0,0
Time:1662106363.331485; +MPOS:74518946,-18,125,0,0,0
Time:1662106363.343432; +MPOS:74518958,-18,125,0,0,0
Time:1662106363.350644; +MPOS:74518965,-18,125,0,0,0
Time:1662106363.357828; +MPOS:74518973,-18,125,0,0,0
Time:1662106363.3649192; +MPOS:74518980,-18,125,0,0,0
Time:1662106363.3768687; +MPOS:74518992,-18,125,0,0,0
Time:1662106363.3840911; +MPOS:74518999,-18,125,0,0,0
Time:1662106363.3912318; +MPOS:74519006,-18,125,0,0,0
Time:1662106363.398412; +MPOS:74519013,-18,125,0,0,0
Time:1662106363.410341; +MPOS:74519025,-18,126,0,0,0
Time:1662106363.4175806; +MPOS:74519033,-18,126,0,0,0
Time:1662106363.4247336; +MPOS:74519040,-18,126,0,0,0
Time:1662106363.4319003; +MPOS:74519047,-18,126,0,0,0
Time:1662106363.443819; +MPOS:74519059,-18,125,0,0,0
Time:1662106363.451042; +MPOS:74519066,-18,125,0,0,0
Time:1662106363.4582417; +MPOS:74519073,-18,125,0,0,0
Time:1662106363.4653108; +MPOS:74519081,-18,125,0,0,0
Time:1662106363.4773169; +MPOS:74519093,-18,125,0,0,0
Time:1662106363.4845147; +MPOS:74519100,-18,125,0,0,0
Time:1662106363.491638; +MPOS:74519107,-18,125,0,0,0
Time:1662106363.4987717; +MPOS:74519114,-18,125,0,0,0
Time:1662106363.5107434; +MPOS:74519126,-18,125,0,0,0
Time:1662106363.5180037; +MPOS:74519134,-18,125,0,0,0
Time:1662106363.5251067; +MPOS:74519141,-18,125,0,0,0
Time:1662106363.5322695; +MPOS:74519148,-18,126,0,0,0
Time:1662106363.544227; +MPOS:74519160,-18,126,0,0,0
Time:1662106363.5514178; +MPOS:74519167,-18,126,0,0,0
Time:1662106363.55861; +MPOS:74519174,-18,125,0,0,0
Time:1662106363.5656989; +MPOS:74519182,-18,125,0,0,0
Time:1662106363.5776598; +MPOS:74519194,-18,125,0,0,0
Time:1662106363.5848825; +MPOS:74519201,-18,125,0,0,0
Time:1662106363.5920136; +MPOS:74519208,-18,126,0,0,0
Time:1662106363.5991538; +MPOS:74519215,-18,126,0,0,0
Time:1662106363.6111195; +MPOS:74519227,-18,126,0,0,0
Time:1662106363.6183696; +MPOS:74519234,-18,126,0,0,0
Time:1662106363.6254878; +MPOS:74519242,-18,126,0,0,0
Time:1662106363.63265; +MPOS:74519249,-18,126,0,0,0
Time:1662106363.6445875; +MPOS:74519261,-18,125,0,0,0
Time:1662106363.6518064; +MPOS:74519268,-18,125,0,0,0
Time:1662106363.6589456; +MPOS:74519275,-18,126,0,0,0
Time:1662106363.6660862; +MPOS:74519282,-18,126,0,0,0
Time:1662106363.678047; +MPOS:74519294,-18,126,0,0,0
Time:1662106363.6852708; +MPOS:74519302,-18,126,0,0,0
Time:1662106363.6923912; +MPOS:74519309,-18,126,0,0,0
Time:1662106363.6995525; +MPOS:74519316,-18,125,0,0,0
Time:1662106363.7115126; +MPOS:74519328,-18,125,0,0,0
Time:1662106363.7187858; +MPOS:74519335,-17,125,0,0,0
Time:1662106363.7258701; +MPOS:74519342,-17,125,0,0,0
Time:1662106363.7330317; +MPOS:74519350,-18,125,0,0,0
Time:1662106363.7449517; +MPOS:74519362,-18,126,0,0,0
Time:1662106363.7521787; +MPOS:74519369,-18,126,0,0,0
Time:1662106363.7593353; +MPOS:74519376,-17,125,0,0,0
Time:1662106363.7664745; +MPOS:74519383,-17,125,0,0,0
Time:1662106363.778464; +MPOS:74519395,-18,125,0,0,0
Time:1662106363.7856638; +MPOS:74519402,-18,125,0,0,0
Time:1662106363.7928104; +MPOS:74519410,-18,125,0,0,0
Time:1662106363.8008375; +MPOS:74519417,-18,125,0,0,0
Time:1662106363.8128045; +MPOS:74519429,-18,125,0,0,0
Time:1662106363.8200395; +MPOS:74519436,-18,125,0,0,0
Time:1662106363.8274841; +MPOS:74519443,-18,125,0,0,0
Time:1662106363.8343263; +MPOS:74519450,-18,125,0,0,0
Time:1662106363.8462567; +MPOS:74519462,-18,125,0,0,0
Time:1662106363.853522; +MPOS:74519470,-19,125,0,0,0
Time:1662106363.8606374; +MPOS:74519477,-19,125,0,0,0
Time:1662106363.8678548; +MPOS:74519484,-19,126,0,0,0
Time:1662106363.8797278; +MPOS:74519496,-19,126,0,0,0
Time:1662106363.8869627; +MPOS:74519503,-19,126,0,0,0
Time:1662106363.8941302; +MPOS:74519510,-19,126,0,0,0
Time:1662106363.9010644; +MPOS:74519518,-19,126,0,0,0
Time:1662106363.913023; +MPOS:74519530,-19,126,0,0,0
Time:1662106363.920215; +MPOS:74519537,-19,126,0,0,0
Time:1662106363.9275804; +MPOS:74519544,-19,126,0,0,0
Time:1662106363.9345007; +MPOS:74519551,-19,126,0,0,0
Time:1662106363.9464622; +MPOS:74519563,-19,126,0,0,0
Time:1662106363.9536824; +MPOS:74519571,-19,126,0,0,0
Time:1662106363.960811; +MPOS:74519578,-20,126,0,0,0
Time:1662106363.9680638; +MPOS:74519585,-20,126,0,0,0
Time:1662106363.979912; +MPOS:74519597,-20,126,0,0,0
Time:1662106363.9871454; +MPOS:74519604,-20,126,0,0,0
Time:1662106363.9942904; +MPOS:74519611,-20,126,0,0,0
Time:1662106364.0014253; +MPOS:74519618,-20,126,0,0,0
Time:1662106364.0133936; +MPOS:74519630,-20,126,0,0,0
Time:1662106364.020599; +MPOS:74519638,-20,126,0,0,0
Time:1662106364.0280638; +MPOS:74519645,-19,126,0,0,0
Time:1662106364.034888; +MPOS:74519652,-19,126,0,0,0
Time:1662106364.0468283; +MPOS:74519664,-20,126,0,0,0
Time:1662106364.0540485; +MPOS:74519671,-20,126,0,0,0
Time:1662106364.0611908; +MPOS:74519679,-20,126,0,0,0
Time:1662106364.0686135; +MPOS:74519686,-20,126,0,0,0
Time:1662106364.0804656; +MPOS:74519698,-20,126,0,0,0
Time:1662106364.0877771; +MPOS:74519705,-20,126,0,0,0
Time:1662106364.0947163; +MPOS:74519712,-20,126,0,0,0
Time:1662106364.101629; +MPOS:74519719,-20,127,0,0,0
Time:1662106364.1135843; +MPOS:74519731,-20,127,0,0,0
Time:1662106364.1208527; +MPOS:74519739,-20,127,0,0,0
Time:1662106364.1281943; +MPOS:74519746,-20,126,0,0,0
Time:1662106364.1350927; +MPOS:74519753,-20,126,0,0,0
Time:1662106364.1470513; +MPOS:74519765,-20,126,0,0,0
Time:1662106364.154262; +MPOS:74519772,-20,126,0,0,0
Time:1662106364.161408; +MPOS:74519779,-19,126,0,0,0
Time:1662106364.1685832; +MPOS:74519787,-19,126,0,0,0
Time:1662106364.1805942; +MPOS:74519799,-19,126,0,0,0
Time:1662106364.1878278; +MPOS:74519806,-19,126,0,0,0
Time:1662106364.1949544; +MPOS:74519813,-19,126,0,0,0
Time:1662106364.2023826; +MPOS:74519820,-19,126,0,0,0
Time:1662106364.2141674; +MPOS:74519832,-19,126,0,0,0
Time:1662106364.221388; +MPOS:74519839,-19,125,0,0,0
Time:1662106364.228809; +MPOS:74519847,-19,126,0,0,0
Time:1662106364.2356436; +MPOS:74519854,-19,126,0,0,0
Time:1662106364.2475817; +MPOS:74519866,-19,126,0,0,0
Time:1662106364.254839; +MPOS:74519873,-19,126,0,0,0
Time:1662106364.261955; +MPOS:74519880,-19,126,0,0,0
Time:1662106364.2692385; +MPOS:74519887,-19,126,0,0,0
Time:1662106364.2810628; +MPOS:74519899,-19,126,0,0,0
Time:1662106364.288321; +MPOS:74519907,-20,126,0,0,0
Time:1662106364.295489; +MPOS:74519914,-20,126,0,0,0
Time:1662106364.3024023; +MPOS:74519921,-20,126,0,0,0
Time:1662106364.314382; +MPOS:74519933,-19,126,0,0,0
Time:1662106364.321566; +MPOS:74519940,-19,126,0,0,0
Time:1662106364.3289673; +MPOS:74519947,-19,126,0,0,0
Time:1662106364.3359222; +MPOS:74519955,-19,126,0,0,0
Time:1662106364.34783; +MPOS:74519967,-19,126,0,0,0
Time:1662106364.355031; +MPOS:74519974,-19,126,0,0,0
Time:1662106364.3621855; +MPOS:74519981,-19,126,0,0,0
Time:1662106364.3693364; +MPOS:74519988,-19,125,0,0,0
Time:1662106364.3813152; +MPOS:74520000,-19,125,0,0,0
Time:1662106364.3885336; +MPOS:74520007,-19,125,0,0,0
Time:1662106364.3957028; +MPOS:74520015,-19,125,0,0,0
Time:1662106364.4029527; +MPOS:74520022,-19,125,0,0,0
Time:1662106364.4148984; +MPOS:74520034,-19,125,0,0,0
Time:1662106364.4221334; +MPOS:74520041,-19,125,0,0,0
Time:1662106364.4295366; +MPOS:74520048,-19,125,0,0,0
Time:1662106364.4364235; +MPOS:74520055,-18,125,0,0,0
Time:1662106364.4484606; +MPOS:74520067,-18,125,0,0,0
Time:1662106364.4555948; +MPOS:74520075,-18,125,0,0,0
Time:1662106364.4627228; +MPOS:74520082,-18,125,0,0,0
Time:1662106364.4698808; +MPOS:74520089,-18,125,0,0,0
Time:1662106364.4818695; +MPOS:74520101,-18,124,0,0,0
Time:1662106364.4891713; +MPOS:74520108,-18,124,0,0,0
Time:1662106364.4962893; +MPOS:74520115,-18,124,0,0,0
Time:1662106364.5031757; +MPOS:74520123,-18,124,0,0,0
Time:1662106364.515123; +MPOS:74520135,-18,124,0,0,0
Time:1662106364.5223677; +MPOS:74520142,-18,124,0,0,0
Time:1662106364.5296948; +MPOS:74520149,-18,124,0,0,0
Time:1662106364.5366333; +MPOS:74520156,-17,124,0,0,0
Time:1662106364.548614; +MPOS:74520168,-17,124,0,0,0
Time:1662106364.5558152; +MPOS:74520176,-17,124,0,0,0
Time:1662106364.5629563; +MPOS:74520183,-17,124,0,0,0
Time:1662106364.5701146; +MPOS:74520190,-17,124,0,0,0
Time:1662106364.5820582; +MPOS:74520202,-17,124,0,0,0
Time:1662106364.589273; +MPOS:74520209,-17,124,0,0,0
Time:1662106364.596529; +MPOS:74520216,-17,124,0,0,0
Time:1662106364.6037257; +MPOS:74520224,-17,124,0,0,0
Time:1662106364.6156797; +MPOS:74520236,-17,124,0,0,0
Time:1662106364.6229002; +MPOS:74520243,-17,124,0,0,0
Time:1662106364.6303327; +MPOS:74520250,-17,124,0,0,0
Time:1662106364.6372013; +MPOS:74520257,-17,124,0,0,0
Time:1662106364.6491985; +MPOS:74520269,-17,124,0,0,0
Time:1662106364.6563706; +MPOS:74520276,-17,124,0,0,0
Time:1662106364.6634996; +MPOS:74520284,-17,124,0,0,0
Time:1662106364.6706367; +MPOS:74520291,-17,124,0,0,0
Time:1662106364.6825976; +MPOS:74520303,-17,124,0,0,0
Time:1662106364.6898232; +MPOS:74520310,-17,124,0,0,0
Time:1662106364.697021; +MPOS:74520317,-17,125,0,0,0
Time:1662106364.7039344; +MPOS:74520324,-18,125,0,0,0
Time:1662106364.7159212; +MPOS:74520336,-18,125,0,0,0
Time:1662106364.7231727; +MPOS:74520344,-18,126,0,0,0
Time:1662106364.73046; +MPOS:74520351,-18,126,0,0,0
Time:1662106364.7373958; +MPOS:74520358,-18,126,0,0,0
Time:1662106364.7493465; +MPOS:74520370,-18,126,0,0,0
Time:1662106364.7565715; +MPOS:74520377,-18,126,0,0,0
Time:1662106364.7637184; +MPOS:74520384,-18,126,0,0,0
Time:1662106364.770843; +MPOS:74520392,-18,126,0,0,0
Time:1662106364.782799; +MPOS:74520404,-18,126,0,0,0
Time:1662106364.7900586; +MPOS:74520411,-19,126,0,0,0
Time:1662106364.7972834; +MPOS:74520418,-19,126,0,0,0
Time:1662106364.804486; +MPOS:74520425,-19,126,0,0,0
Time:1662106364.8164499; +MPOS:74520437,-19,126,0,0,0
Time:1662106364.8236623; +MPOS:74520444,-19,126,0,0,0
Time:1662106364.8310225; +MPOS:74520452,-19,126,0,0,0
Time:1662106364.837993; +MPOS:74520459,-18,126,0,0,0
Time:1662106364.8498893; +MPOS:74520471,-18,126,0,0,0
Time:1662106364.8571339; +MPOS:74520478,-18,126,0,0,0
Time:1662106364.8642602; +MPOS:74520485,-18,126,0,0,0
Time:1662106364.8713853; +MPOS:74520492,-18,126,0,0,0
Time:1662106364.8833585; +MPOS:74520504,-18,126,0,0,0
Time:1662106364.8905933; +MPOS:74520512,-18,126,0,0,0
Time:1662106364.8977728; +MPOS:74520519,-18,126,0,0,0
Time:1662106364.904863; +MPOS:74520526,-19,126,0,0,0
Time:1662106364.9168098; +MPOS:74520538,-19,126,0,0,0
Time:1662106364.9240348; +MPOS:74520545,-19,125,0,0,0
Time:1662106364.9312036; +MPOS:74520552,-19,125,0,0,0
Time:1662106364.9383864; +MPOS:74520560,-19,125,0,0,0
Time:1662106364.9502814; +MPOS:74520572,-19,125,0,0,0
Time:1662106364.9574912; +MPOS:74520579,-19,126,0,0,0
Time:1662106364.9646487; +MPOS:74520586,-19,126,0,0,0
Time:1662106364.9717915; +MPOS:74520593,-19,126,0,0,0
Time:1662106364.9837646; +MPOS:74520605,-19,126,0,0,0
Time:1662106364.9909725; +MPOS:74520612,-19,126,0,0,0
Time:1662106364.9982746; +MPOS:74520620,-19,126,0,0,0
Time:1662106365.0054777; +MPOS:74520627,-19,126,0,0,0
Time:1662106365.0174155; +MPOS:74520639,-19,126,0,0,0
Time:1662106365.0247967; +MPOS:74520646,-19,126,0,0,0
Time:1662106365.0317998; +MPOS:74520653,-19,126,0,0,0
Time:1662106365.038952; +MPOS:74520660,-19,126,0,0,0
Time:1662106365.050873; +MPOS:74520672,-19,126,0,0,0
Time:1662106365.058142; +MPOS:74520680,-19,126,0,0,0
Time:1662106365.0652344; +MPOS:74520687,-19,126,0,0,0
Time:1662106365.0723984; +MPOS:74520694,-19,125,0,0,0
Time:1662106365.0844655; +MPOS:74520706,-19,125,0,0,0
Time:1662106365.0915687; +MPOS:74520713,-18,125,0,0,0
Time:1662106365.098789; +MPOS:74520720,-18,125,0,0,0
Time:1662106365.1056786; +MPOS:74520728,-18,125,0,0,0
Time:1662106365.1175845; +MPOS:74520740,-18,125,0,0,0
Time:1662106365.124935; +MPOS:74520747,-18,125,0,0,0
Time:1662106365.1319582; +MPOS:74520754,-18,125,0,0,0
Time:1662106365.1391187; +MPOS:74520761,-18,125,0,0,0
Time:1662106365.151032; +MPOS:74520773,-18,125,0,0,0
Time:1662106365.1583464; +MPOS:74520780,-18,125,0,0,0
Time:1662106365.1654193; +MPOS:74520788,-18,125,0,0,0
Time:1662106365.17256; +MPOS:74520795,-18,125,0,0,0
Time:1662106365.1844988; +MPOS:74520807,-18,125,0,0,0
Time:1662106365.1917195; +MPOS:74520814,-18,125,0,0,0
Time:1662106365.1989257; +MPOS:74520821,-18,125,0,0,0
Time:1662106365.2060158; +MPOS:74520828,-18,125,0,0,0
Time:1662106365.2180061; +MPOS:74520840,-18,125,0,0,0
Time:1662106365.2253618; +MPOS:74520848,-18,125,0,0,0
Time:1662106365.2323458; +MPOS:74520855,-18,125,0,0,0
Time:1662106365.2394576; +MPOS:74520862,-18,126,0,0,0
Time:1662106365.251513; +MPOS:74520874,-18,126,0,0,0
Time:1662106365.2587006; +MPOS:74520881,-18,126,0,0,0
Time:1662106365.2657835; +MPOS:74520888,-18,126,0,0,0
Time:1662106365.2729144; +MPOS:74520896,-18,126,0,0,0
Time:1662106365.2848766; +MPOS:74520908,-18,125,0,0,0
Time:1662106365.2921648; +MPOS:74520915,-18,125,0,0,0
Time:1662106365.29928; +MPOS:74520922,-18,125,0,0,0
Time:1662106365.3064246; +MPOS:74520929,-18,125,0,0,0
Time:1662106365.3184988; +MPOS:74520941,-17,125,0,0,0
Time:1662106365.3256683; +MPOS:74520949,-17,125,0,0,0
Time:1662106365.3327394; +MPOS:74520956,-17,125,0,0,0
Time:1662106365.339836; +MPOS:74520963,-17,125,0,0,0
Time:1662106365.3517876; +MPOS:74520975,-17,125,0,0,0
Time:1662106365.3590605; +MPOS:74520982,-17,125,0,0,0
Time:1662106365.3662772; +MPOS:74520989,-17,125,0,0,0
Time:1662106365.3733113; +MPOS:74520996,-17,125,0,0,0
Time:1662106365.3852468; +MPOS:74521008,-17,125,0,0,0
Time:1662106365.3924804; +MPOS:74521016,-17,125,0,0,0
Time:1662106365.3996468; +MPOS:74521023,-17,126,0,0,0
Time:1662106365.406801; +MPOS:74521030,-17,126,0,0,0
Time:1662106365.4189012; +MPOS:74521042,-17,126,0,0,0
Time:1662106365.4260442; +MPOS:74521049,-17,126,0,0,0
Time:1662106365.4331229; +MPOS:74521056,-17,126,0,0,0
Time:1662106365.4402437; +MPOS:74521064,-17,125,0,0,0
Time:1662106365.4521928; +MPOS:74521076,-17,125,0,0,0
Time:1662106365.459427; +MPOS:74521083,-17,125,0,0,0
Time:1662106365.4666865; +MPOS:74521090,-17,125,0,0,0
Time:1662106365.473705; +MPOS:74521097,-17,125,0,0,0
Time:1662106365.4856968; +MPOS:74521109,-17,125,0,0,0
Time:1662106365.4928863; +MPOS:74521117,-17,125,0,0,0
Time:1662106365.5000432; +MPOS:74521124,-17,125,0,0,0
Time:1662106365.5072453; +MPOS:74521131,-17,125,0,0,0
Time:1662106365.5192437; +MPOS:74521143,-17,125,0,0,0
Time:1662106365.5264876; +MPOS:74521150,-17,125,0,0,0
Time:1662106365.5335076; +MPOS:74521157,-17,125,0,0,0
Time:1662106365.5406454; +MPOS:74521164,-17,124,0,0,0
Time:1662106365.5526197; +MPOS:74521176,-17,124,0,0,0
Time:1662106365.5598166; +MPOS:74521184,-17,124,0,0,0
Time:1662106365.5670924; +MPOS:74521191,-17,124,0,0,0
Time:1662106365.5741968; +MPOS:74521198,-17,124,0,0,0
Time:1662106365.586058; +MPOS:74521210,-17,125,0,0,0
Time:1662106365.59327; +MPOS:74521217,-17,124,0,0,0
Time:1662106365.6004467; +MPOS:74521225,-17,124,0,0,0
Time:1662106365.6075952; +MPOS:74521232,-17,124,0,0,0
Time:1662106365.6196222; +MPOS:74521244,-17,124,0,0,0
Time:1662106365.6268954; +MPOS:74521251,-17,124,0,0,0
Time:1662106365.6339004; +MPOS:74521258,-17,124,0,0,0
Time:1662106365.6410408; +MPOS:74521265,-17,124,0,0,0
Time:1662106365.652976; +MPOS:74521277,-17,124,0,0,0
Time:1662106365.6602294; +MPOS:74521285,-18,124,0,0,0
Time:1662106365.6674368; +MPOS:74521292,-17,124,0,0,0
Time:1662106365.6744912; +MPOS:74521299,-17,124,0,0,0
Time:1662106365.6864815; +MPOS:74521311,-17,124,0,0,0
Time:1662106365.6936631; +MPOS:74521318,-17,124,0,0,0
Time:1662106365.7008245; +MPOS:74521325,-17,124,0,0,0
Time:1662106365.7080076; +MPOS:74521333,-17,124,0,0,0
Time:1662106365.7200012; +MPOS:74521345,-17,124,0,0,0
Time:1662106365.7272522; +MPOS:74521352,-17,124,0,0,0
Time:1662106365.734295; +MPOS:74521359,-17,124,0,0,0
Time:1662106365.7414029; +MPOS:74521366,-17,124,0,0,0
Time:1662106365.7533767; +MPOS:74521378,-17,124,0,0,0
Time:1662106365.760574; +MPOS:74521385,-17,124,0,0,0
Time:1662106365.7678573; +MPOS:74521393,-17,124,0,0,0
Time:1662106365.7748654; +MPOS:74521400,-17,124,0,0,0
Time:1662106365.7868109; +MPOS:74521412,-17,124,0,0,0
Time:1662106365.7940354; +MPOS:74521419,-17,124,0,0,0
Time:1662106365.8012526; +MPOS:74521426,-17,124,0,0,0
Time:1662106365.8083916; +MPOS:74521433,-17,124,0,0,0
Time:1662106365.8203664; +MPOS:74521445,-17,124,0,0,0
Time:1662106365.8275194; +MPOS:74521453,-17,124,0,0,0
Time:1662106365.834706; +MPOS:74521460,-17,124,0,0,0
Time:1662106365.8417845; +MPOS:74521467,-17,124,0,0,0
Time:1662106365.8537507; +MPOS:74521479,-17,124,0,0,0
Time:1662106365.8609564; +MPOS:74521486,-17,124,0,0,0
Time:1662106365.8682144; +MPOS:74521493,-17,124,0,0,0
Time:1662106365.875255; +MPOS:74521501,-17,125,0,0,0
Time:1662106365.8872323; +MPOS:74521513,-17,125,0,0,0
Time:1662106365.894418; +MPOS:74521520,-17,125,0,0,0
Time:1662106365.9015808; +MPOS:74521527,-17,124,0,0,0
Time:1662106365.9087598; +MPOS:74521534,-17,124,0,0,0
Time:1662106365.9207392; +MPOS:74521546,-17,124,0,0,0
Time:1662106365.927941; +MPOS:74521553,-17,124,0,0,0
Time:1662106365.9350445; +MPOS:74521561,-17,124,0,0,0
Time:1662106365.9421604; +MPOS:74521568,-17,125,0,0,0
Time:1662106365.9541266; +MPOS:74521580,-18,125,0,0,0
Time:1662106365.961347; +MPOS:74521587,-18,125,0,0,0
Time:1662106365.9685245; +MPOS:74521594,-18,125,0,0,0
Time:1662106365.9758317; +MPOS:74521601,-18,125,0,0,0
Time:1662106365.9876332; +MPOS:74521613,-18,125,0,0,0
Time:1662106365.9948132; +MPOS:74521621,-18,125,0,0,0
Time:1662106366.001967; +MPOS:74521628,-18,125,0,0,0
Time:1662106366.0091107; +MPOS:74521635,-18,125,0,0,0
Time:1662106366.0210397; +MPOS:74521647,-18,125,0,0,0
Time:1662106366.0283306; +MPOS:74521654,-18,125,0,0,0
Time:1662106366.0354536; +MPOS:74521661,-18,125,0,0,0
Time:1662106366.042543; +MPOS:74521669,-18,125,0,0,0
Time:1662106366.0545137; +MPOS:74521681,-18,125,0,0,0
Time:1662106366.061725; +MPOS:74521688,-18,125,0,0,0
Time:1662106366.0689042; +MPOS:74521695,-19,125,0,0,0
Time:1662106366.0760078; +MPOS:74521702,-19,125,0,0,0
Time:1662106366.088065; +MPOS:74521714,-19,126,0,0,0
Time:1662106366.0951912; +MPOS:74521722,-19,126,0,0,0
Time:1662106366.102373; +MPOS:74521729,-19,126,0,0,0
Time:1662106366.1094813; +MPOS:74521736,-19,126,0,0,0
Time:1662106366.12144; +MPOS:74521748,-19,125,0,0,0
Time:1662106366.128687; +MPOS:74521755,-19,125,0,0,0
Time:1662106366.1358123; +MPOS:74521762,-19,125,0,0,0
Time:1662106366.1429768; +MPOS:74521769,-19,125,0,0,0
Time:1662106366.1548917; +MPOS:74521781,-19,125,0,0,0
Time:1662106366.1620924; +MPOS:74521789,-19,125,0,0,0
Time:1662106366.169283; +MPOS:74521796,-19,125,0,0,0
Time:1662106366.1763728; +MPOS:74521803,-19,126,0,0,0
Time:1662106366.1883721; +MPOS:74521815,-19,126,0,0,0
Time:1662106366.1955707; +MPOS:74521822,-19,125,0,0,0
Time:1662106366.2027285; +MPOS:74521830,-19,125,0,0,0
Time:1662106366.2098525; +MPOS:74521837,-19,125,0,0,0
Time:1662106366.2218378; +MPOS:74521849,-19,125,0,0,0
Time:1662106366.2291584; +MPOS:74521856,-19,125,0,0,0
Time:1662106366.2362049; +MPOS:74521863,-19,125,0,0,0
Time:1662106366.243319; +MPOS:74521870,-19,125,0,0,0
Time:1662106366.2553158; +MPOS:74521882,-19,125,0,0,0
Time:1662106366.2625062; +MPOS:74521890,-19,125,0,0,0
Time:1662106366.2696373; +MPOS:74521897,-19,125,0,0,0
Time:1662106366.2767627; +MPOS:74521904,-19,125,0,0,0
Time:1662106366.2887423; +MPOS:74521916,-19,125,0,0,0
Time:1662106366.295958; +MPOS:74521923,-19,126,0,0,0
Time:1662106366.303121; +MPOS:74521930,-19,126,0,0,0
Time:1662106366.310222; +MPOS:74521937,-19,126,0,0,0
Time:1662106366.322196; +MPOS:74521949,-19,126,0,0,0
Time:1662106366.3294291; +MPOS:74521957,-19,126,0,0,0
Time:1662106366.3365648; +MPOS:74521964,-19,126,0,0,0
Time:1662106366.3437436; +MPOS:74521971,-19,125,0,0,0
Time:1662106366.355651; +MPOS:74521983,-19,125,0,0,0
Time:1662106366.3628714; +MPOS:74521990,-19,125,0,0,0
Time:1662106366.3700135; +MPOS:74521998,-18,125,0,0,0
Time:1662106366.3771677; +MPOS:74522005,-18,125,0,0,0
Time:1662106366.3891327; +MPOS:74522017,-18,125,0,0,0
Time:1662106366.3963418; +MPOS:74522024,-18,125,0,0,0
Time:1662106366.4035013; +MPOS:74522031,-18,125,0,0,0
Time:1662106366.410702; +MPOS:74522038,-18,125,0,0,0
Time:1662106366.4226036; +MPOS:74522050,-18,125,0,0,0
Time:1662106366.429819; +MPOS:74522058,-18,125,0,0,0
Time:1662106366.4369624; +MPOS:74522065,-18,125,0,0,0
Time:1662106366.4440825; +MPOS:74522072,-18,125,0,0,0
Time:1662106366.4560509; +MPOS:74522084,-18,125,0,0,0
Time:1662106366.4633114; +MPOS:74522091,-18,125,0,0,0
Time:1662106366.4704096; +MPOS:74522098,-18,125,0,0,0
Time:1662106366.4775786; +MPOS:74522106,-18,125,0,0,0
Time:1662106366.4895415; +MPOS:74522118,-18,124,0,0,0
Time:1662106366.4967396; +MPOS:74522125,-18,124,0,0,0
Time:1662106366.503895; +MPOS:74522132,-18,124,0,0,0
Time:1662106366.5110176; +MPOS:74522139,-17,124,0,0,0
Time:1662106366.5229862; +MPOS:74522151,-17,124,0,0,0
Time:1662106366.530218; +MPOS:74522158,-17,124,0,0,0
Time:1662106366.5373714; +MPOS:74522166,-17,125,0,0,0
Time:1662106366.5444863; +MPOS:74522173,-17,125,0,0,0
Time:1662106366.5564375; +MPOS:74522185,-17,125,0,0,0
Time:1662106366.5636547; +MPOS:74522192,-17,125,0,0,0
Time:1662106366.57079; +MPOS:74522199,-17,125,0,0,0
Time:1662106366.5779712; +MPOS:74522206,-17,125,0,0,0
Time:1662106366.5898924; +MPOS:74522218,-18,125,0,0,0
Time:1662106366.5971038; +MPOS:74522226,-18,125,0,0,0
Time:1662106366.604275; +MPOS:74522233,-18,125,0,0,0
Time:1662106366.6113956; +MPOS:74522240,-18,125,0,0,0
Time:1662106366.6233733; +MPOS:74522252,-18,125,0,0,0
Time:1662106366.6306026; +MPOS:74522259,-18,125,0,0,0
Time:1662106366.6377864; +MPOS:74522266,-18,125,0,0,0
Time:1662106366.6448703; +MPOS:74522274,-18,125,0,0,0
Time:1662106366.656845; +MPOS:74522286,-18,125,0,0,0
Time:1662106366.6640356; +MPOS:74522293,-18,125,0,0,0
Time:1662106366.6711845; +MPOS:74522300,-17,125,0,0,0
Time:1662106366.6784036; +MPOS:74522307,-17,125,0,0,0
Time:1662106366.6902707; +MPOS:74522319,-17,125,0,0,0
Time:1662106366.6974988; +MPOS:74522326,-17,125,0,0,0
Time:1662106366.704662; +MPOS:74522334,-18,125,0,0,0
Time:1662106366.7117825; +MPOS:74522341,-18,125,0,0,0
Time:1662106366.7237701; +MPOS:74522353,-18,126,0,0,0
Time:1662106366.7310162; +MPOS:74522360,-18,126,0,0,0
Time:1662106366.7381659; +MPOS:74522367,-18,126,0,0,0
Time:1662106366.7452397; +MPOS:74522374,-19,126,0,0,0
Time:1662106366.7571936; +MPOS:74522386,-19,126,0,0,0
Time:1662106366.7655725; +MPOS:74522394,-19,127,0,0,0
Time:1662106366.7715774; +MPOS:74522401,-19,127,0,0,0
Time:1662106366.7787652; +MPOS:74522408,-19,127,0,0,0
Time:1662106366.790651; +MPOS:74522420,-19,127,0,0,0
Time:1662106366.7979093; +MPOS:74522427,-18,126,0,0,0
Time:1662106366.805035; +MPOS:74522434,-18,126,0,0,0
Time:1662106366.8121624; +MPOS:74522442,-18,126,0,0,0
Time:1662106366.8241177; +MPOS:74522454,-18,126,0,0,0
Time:1662106366.8313885; +MPOS:74522461,-18,126,0,0,0
Time:1662106366.83853; +MPOS:74522468,-18,126,0,0,0
Time:1662106366.8456156; +MPOS:74522475,-18,125,0,0,0
Time:1662106366.857578; +MPOS:74522487,-18,125,0,0,0
Time:1662106366.864801; +MPOS:74522494,-18,125,0,0,0
Time:1662106366.8719392; +MPOS:74522502,-18,125,0,0,0
Time:1662106366.8791254; +MPOS:74522509,-18,125,0,0,0
Time:1662106366.8910296; +MPOS:74522521,-18,125,0,0,0
Time:1662106366.898278; +MPOS:74522528,-18,125,0,0,0
Time:1662106366.9054132; +MPOS:74522535,-18,125,0,0,0
Time:1662106366.9126508; +MPOS:74522542,-18,125,0,0,0
Time:1662106366.9245303; +MPOS:74522554,-18,125,0,0,0
Time:1662106366.9317296; +MPOS:74522562,-18,125,0,0,0
Time:1662106366.9389155; +MPOS:74522569,-18,126,0,0,0
Time:1662106366.946033; +MPOS:74522576,-19,126,0,0,0
Time:1662106366.9580045; +MPOS:74522588,-19,126,0,0,0
Time:1662106366.9651809; +MPOS:74522595,-19,126,0,0,0
Time:1662106366.9723153; +MPOS:74522602,-18,126,0,0,0
Time:1662106366.9794767; +MPOS:74522610,-18,126,0,0,0
Time:1662106366.991459; +MPOS:74522622,-18,126,0,0,0
Time:1662106366.9986837; +MPOS:74522629,-18,126,0,0,0
Time:1662106367.0058022; +MPOS:74522636,-18,126,0,0,0
Time:1662106367.0130532; +MPOS:74522643,-18,126,0,0,0
Time:1662106367.0249088; +MPOS:74522655,-18,126,0,0,0
Time:1662106367.0321562; +MPOS:74522663,-18,126,0,0,0
Time:1662106367.0392706; +MPOS:74522670,-18,126,0,0,0
Time:1662106367.0464206; +MPOS:74522677,-18,126,0,0,0
Time:1662106367.0583584; +MPOS:74522689,-18,125,0,0,0
Time:1662106367.065565; +MPOS:74522696,-18,125,0,0,0
Time:1662106367.0727766; +MPOS:74522703,-18,125,0,0,0
Time:1662106367.080154; +MPOS:74522710,-18,125,0,0,0
Time:1662106367.0918083; +MPOS:74522722,-18,125,0,0,0
Time:1662106367.0990772; +MPOS:74522730,-17,125,0,0,0
Time:1662106367.1061945; +MPOS:74522737,-17,125,0,0,0
Time:1662106367.113451; +MPOS:74522744,-17,125,0,0,0
Time:1662106367.1253018; +MPOS:74522756,-17,125,0,0,0
Time:1662106367.1325; +MPOS:74522763,-17,125,0,0,0
Time:1662106367.1409924; +MPOS:74522771,-17,125,0,0,0
Time:1662106367.1491983; +MPOS:74522778,-17,125,0,0,0
