+MPOS:7938088,-1,142,0
+MPOS:7938095,-1,142,0
+MPOS:7938102,-1,142,0
+MPOS:7938109,-1,142,0
+MPOS:7938116,-1,142,0
+MPOS:7938124,-1,142,0
+MPOS:7938131,-1,142,0
+MPOS:7938138,-1,142,0
+MPOS:7938145,-1,142,0
+MPOS:7938152,-1,142,0
+MPOS:7938159,-1,142,0
+MPOS:7938167,-1,142,0
+MPOS:7938174,-1,142,0
+MPOS:7938181,-1,142,0
+MPOS:7938188,-2,142,0
+MPOS:7938195,-2,142,0
+MPOS:7938203,-2,142,0
+MPOS:7938210,-2,142,0
+MPOS:7938217,-2,142,0
+MPOS:7938224,-2,142,0
+MPOS:7938231,-2,142,0
+MPOS:7938238,-2,142,0
+MPOS:7938246,-2,142,0
+MPOS:7938253,-2,142,0
+MPOS:7938260,-2,142,0
+MPOS:7938267,-2,142,0
+MPOS:7938274,-2,142,0
+MPOS:7938282,-2,142,0
+MPOS:7938289,-2,142,0
+MPOS:7938296,-2,142,0
+MPOS:7938303,-2,142,0
+MPOS:7938310,-2,142,0
+MPOS:7938317,-2,142,0
+MPOS:7938325,-2,142,0
+MPOS:7938332,-2,142,0
+MPOS:7938339,-2,142,0
+MPOS:7938346,-2,142,0
+MPOS:7938353,-2,142,0
+MPOS:7938360,-2,142,0
+MPOS:7938368,-2,142,0
+MPOS:7938375,-2,142,0
+MPOS:7938382,-2,142,0
+MPOS:7938389,-2,142,0
+MPOS:7938396,-2,142,0
+MPOS:7938404,-2,142,0
+MPOS:7938411,-2,142,0
+MPOS:7938418,-2,142,0
+MPOS:7938425,-2,142,0
+MPOS:7938432,-2,142,0
+MPOS:7938439,-1,142,0
+MPOS:7938447,-1,142,0
+MPOS:7938454,-1,142,0
+MPOS:7938461,-1,142,0
+MPOS:7938468,-1,142,0
+MPOS:7938475,-1,142,0
+MPOS:7938482,-1,142,0
+MPOS:7938490,-1,142,0
+MPOS:7938497,-1,142,0
+MPOS:7938504,-1,142,0
+MPOS:7938511,-1,142,0
+MPOS:7938518,-1,142,0
+MPOS:7938526,-2,142,0
+MPOS:7938533,-1,142,0
+MPOS:7938540,-1,142,0
+MPOS:7938547,-1,142,0
+MPOS:7938554,-1,142,0
+MPOS:7938561,-1,142,0
+MPOS:7938569,-1,142,0
+MPOS:7938576,-1,142,0
+MPOS:7938583,-1,142,0
+MPOS:7938590,-1,142,0
+MPOS:7938597,-1,142,0
+MPOS:7938604,-1,142,0
+MPOS:7938612,-1,142,0
+MPOS:7938619,-1,142,0
+MPOS:7938626,-1,142,0
+MPOS:7938633,-1,142,0
+MPOS:7938640,-1,142,0
+MPOS:7938648,-1,142,0
+MPOS:7938655,-2,142,0
+MPOS:7938662,-2,142,0
+MPOS:7938669,-2,142,0
+MPOS:7938676,-2,142,0
+MPOS:7938683,-1,142,0
+MPOS:7938691,-1,142,0
+MPOS:7938698,-1,142,0
+MPOS:7938705,-1,142,0
+MPOS:7938712,-1,142,0
+MPOS:7938719,-1,142,0
+MPOS:7938726,-1,142,0
+MPOS:7938734,-1,142,0
+MPOS:7938741,-1,142,0
+MPOS:7938748,-1,142,0
+MPOS:7938755,-1,142,0
+MPOS:7938762,-2,142,0
+MPOS:7938769,-2,142,0
+MPOS:7938777,-2,142,0
+MPOS:7938784,-2,142,0
+MPOS:7938791,-2,142,0
+MPOS:7938798,-2,142,0
+MPOS:7938805,-2,142,0
+MPOS:7938813,-2,142,0
+MPOS:7938820,-1,142,0
+MPOS:7938827,-1,142,0
+MPOS:7938834,-1,143,0
+MPOS:7938841,-1,143,0
+MPOS:7938848,-1,143,0
+MPOS:7938856,-1,143,0
+MPOS:7938863,-1,143,0
+MPOS:7938870,-1,143,0
+MPOS:7938877,-1,143,0
+MPOS:7938884,-1,143,0
+MPOS:7938891,-1,143,0
+MPOS:7938899,-1,143,0
+MPOS:7938906,-1,143,0
+MPOS:7938913,-1,143,0
+MPOS:7938920,-1,143,0
+MPOS:7938927,-1,143,0
+MPOS:7938935,-1,143,0
+MPOS:7938942,-1,143,0
+MPOS:7938949,-1,143,0
+MPOS:7938956,-1,143,0
+MPOS:7938963,-1,143,0
+MPOS:7938970,-1,143,0
+MPOS:7938978,-1,143,0
+MPOS:7938985,0,143,0
+MPOS:7938992,0,143,0
+MPOS:7938999,0,143,0
+MPOS:7939006,0,143,0
+MPOS:7939013,0,143,0
+MPOS:7939021,0,142,0
+MPOS:7939028,0,142,0
+MPOS:7939035,0,143,0
+MPOS:7939042,-1,143,0
+MPOS:7939049,-1,143,0
+MPOS:7939057,-1,142,0
+MPOS:7939064,-1,142,0
+MPOS:7939071,-1,142,0
+MPOS:7939078,-1,142,0
+MPOS:7939085,-1,142,0
+MPOS:7939092,-1,142,0
+MPOS:7939100,-1,142,0
+MPOS:7939107,-1,142,0
+MPOS:7939114,-1,142,0
+MPOS:7939121,-1,142,0
+MPOS:7939128,-1,142,0
+MPOS:7939136,-1,142,0
+MPOS:7939143,-1,142,0
+MPOS:7939150,-1,142,0
+MPOS:7939157,-1,142,0
+MPOS:7939164,-1,142,0
+MPOS:7939171,-1,142,0
+MPOS:7939179,-1,142,0
+MPOS:7939186,-1,142,0
+MPOS:7939193,-1,142,0
+MPOS:7939200,-1,142,0
+MPOS:7939207,-1,142,0
+MPOS:7939214,-1,142,0
+MPOS:7939222,-1,142,0
+MPOS:7939229,-1,142,0
+MPOS:7939236,-1,142,0
+MPOS:7939243,-1,142,0
+MPOS:7939250,-1,141,0
+MPOS:7939258,-1,141,0
+MPOS:7939265,-1,142,0
+MPOS:7939272,-1,142,0
+MPOS:7939279,-1,142,0
+MPOS:7939286,-1,142,0
+MPOS:7939293,-1,142,0
+MPOS:7939301,-1,142,0
+MPOS:7939308,-1,142,0
+MPOS:7939315,-1,142,0
+MPOS:7939322,-1,142,0
+MPOS:7939329,-1,142,0
+MPOS:7939336,-1,142,0
+MPOS:7939344,-1,142,0
+MPOS:7939351,-2,142,0
+MPOS:7939358,-2,142,0
+MPOS:7939365,-2,142,0
+MPOS:7939372,-2,142,0
+MPOS:7939380,-2,142,0
+MPOS:7939387,-2,142,0
+MPOS:7939394,-2,142,0
+MPOS:7939401,-2,142,0
+MPOS:7939408,-2,142,0
+MPOS:7939415,-2,142,0
+MPOS:7939423,-2,142,0
+MPOS:7939430,-2,142,0
+MPOS:7939437,-2,142,0
+MPOS:7939444,-2,142,0
+MPOS:7939451,-2,142,0
+MPOS:7939458,-2,142,0
+MPOS:7939466,-2,142,0
+MPOS:7939473,-2,141,0
+MPOS:7939480,-2,141,0
+MPOS:7939487,-2,141,0
+MPOS:7939494,-2,141,0
+MPOS:7939502,-2,141,0
+MPOS:7939509,-2,141,0
+MPOS:7939516,-2,141,0
+MPOS:7939523,-2,141,0
+MPOS:7939530,-2,141,0
+MPOS:7939537,-2,141,0
+MPOS:7939545,-2,141,0
+MPOS:7939552,-2,141,0
+MPOS:7939559,-2,141,0
+MPOS:7939566,-2,141,0
+MPOS:7939573,-2,141,0
+MPOS:7939580,-2,141,0
+MPOS:7939588,-2,141,0
+MPOS:7939595,-2,141,0
+MPOS:7939602,-2,141,0
+MPOS:7939609,-2,141,0
+MPOS:7939616,-2,141,0
+MPOS:7939624,-2,141,0
+MPOS:7939631,-2,141,0
+MPOS:7939638,-2,141,0
+MPOS:7939645,-2,141,0
+MPOS:7939652,-2,141,0
+MPOS:7939659,-1,141,0
+MPOS:7939667,-1,142,0
+MPOS:7939674,-2,142,0
+MPOS:7939681,-2,142,0
+MPOS:7939688,-2,141,0
+MPOS:7939695,-2,141,0
+MPOS:7939702,-2,141,0
+MPOS:7939710,-2,141,0
+MPOS:7939717,-1,142,0
+MPOS:7939724,-1,142,0
+MPOS:7939731,-1,142,0
+MPOS:7939738,-1,142,0
+MPOS:7939746,-1,142,0
+MPOS:7939753,-1,142,0
+MPOS:7939760,-1,142,0
+MPOS:7939767,-1,142,0
+MPOS:7939774,-1,142,0
+MPOS:7939781,-1,142,0
+MPOS:7939789,-1,142,0
+MPOS:7939796,0,143,0
+MPOS:7939803,0,143,0
+MPOS:7939810,0,143,0
+MPOS:7939817,0,143,0
+MPOS:7939824,0,143,0
+MPOS:7939832,0,142,0
+MPOS:7939839,0,142,0
+MPOS:7939846,0,142,0
+MPOS:7939853,0,142,0
+MPOS:7939860,0,143,0
+MPOS:7939867,0,143,0
+MPOS:7939875,0,143,0
+MPOS:7939882,0,143,0
+MPOS:7939889,0,143,0
+MPOS:7939896,0,143,0
+MPOS:7939903,0,143,0
+MPOS:7939911,0,143,0
+MPOS:7939918,0,143,0
+MPOS:7939925,-1,143,0
+MPOS:7939932,-1,143,0
+MPOS:7939939,-1,143,0
+MPOS:7939946,-1,143,0
+MPOS:7939954,-1,143,0
+MPOS:7939961,-1,143,0
+MPOS:7939968,-1,143,0
+MPOS:7939975,-1,143,0
+MPOS:7939982,-1,143,0
+MPOS:7939989,-1,143,0
+MPOS:7939997,-1,143,0
+MPOS:7940004,-1,143,0
+MPOS:7940011,-1,143,0
+MPOS:7940018,-1,143,0
+MPOS:7940025,-1,143,0
+MPOS:7940033,-1,143,0
+MPOS:7940040,-1,143,0
+MPOS:7940047,-1,143,0
+MPOS:7940054,-1,143,0
+MPOS:7940061,-1,143,0
+MPOS:7940068,-1,143,0
+MPOS:7940076,-1,143,0
+MPOS:7940083,-1,143,0
+MPOS:7940090,-1,143,0
+MPOS:7940097,-1,143,0
+MPOS:7940104,-1,143,0
+MPOS:7940112,-1,143,0
+MPOS:7940119,-1,143,0
+MPOS:7940126,-1,143,0
+MPOS:7940133,0,143,0
+MPOS:7940140,0,143,0
+MPOS:7940147,0,143,0
+MPOS:7940155,0,143,0
+MPOS:7940162,0,143,0
+MPOS:7940169,0,143,0
+MPOS:7940176,0,143,0
+MPOS:7940183,0,143,0
+MPOS:7940190,0,143,0
+MPOS:7940198,0,143,0
+MPOS:7940205,-1,143,0
+MPOS:7940212,-1,143,0
+MPOS:7940220,-1,143,0
+MPOS:7940227,-1,143,0
+MPOS:7940234,-1,143,0
+MPOS:7940241,0,143,0
+MPOS:7940248,-1,143,0
+MPOS:7940256,-1,143,0
+MPOS:7940263,-1,143,0
+MPOS:7940270,-1,143,0
+MPOS:7940277,-1,143,0
+MPOS:7940284,-1,143,0
+MPOS:7940291,-1,143,0
+MPOS:7940299,-1,143,0
+MPOS:7940306,-1,143,0
+MPOS:7940313,-1,143,0
+MPOS:7940320,-1,143,0
+MPOS:7940327,-1,143,0
+MPOS:7940334,-1,143,0
+MPOS:7940342,-1,143,0
+MPOS:7940349,-1,143,0
+MPOS:7940356,-1,143,0
+MPOS:7940363,-1,143,0
+MPOS:7940370,-1,143,0
+MPOS:7940378,-1,143,0
+MPOS:7940385,-1,142,0
+MPOS:7940392,-1,142,0
+MPOS:7940399,-1,142,0
+MPOS:7940406,-1,142,0
+MPOS:7940413,-1,142,0
+MPOS:7940421,-1,142,0
+MPOS:7940428,-2,142,0
+MPOS:7940435,-2,142,0
+MPOS:7940442,-2,142,0
+MPOS:7940449,-2,142,0
+MPOS:7940456,-2,142,0
+MPOS:7940464,-1,142,0
+MPOS:7940471,-1,142,0
+MPOS:7940478,-1,142,0
+MPOS:7940485,-1,142,0
+MPOS:7940492,-1,142,0
+MPOS:7940500,-1,142,0
+MPOS:7940507,-1,142,0
+MPOS:7940514,-1,142,0
+MPOS:7940521,-1,142,0
+MPOS:7940528,-1,142,0
+MPOS:7940535,-1,142,0
+MPOS:7940543,-1,142,0
+MPOS:7940550,-1,142,0
+MPOS:7940557,-1,142,0
+MPOS:7940564,-1,142,0
+MPOS:7940571,-1,142,0
+MPOS:7940578,-1,142,0
+MPOS:7940586,-1,142,0
+MPOS:7940593,-1,142,0
+MPOS:7940600,-1,142,0
+MPOS:7940607,-2,141,0
+MPOS:7940614,-2,141,0
+MPOS:7940622,-2,141,0
+MPOS:7940629,-2,141,0
+MPOS:7940636,-2,141,0
+MPOS:7940643,-2,141,0
+MPOS:7940650,-1,141,0
+MPOS:7940657,-1,141,0
+MPOS:7940665,-1,141,0
+MPOS:7940672,-1,141,0
+MPOS:7940679,-2,141,0
+MPOS:7940686,-1,141,0
+MPOS:7940693,-1,141,0
+MPOS:7940700,-1,141,0
+MPOS:7940708,-1,141,0
+MPOS:7940715,-1,141,0
+MPOS:7940722,-1,141,0
+MPOS:7940729,-1,141,0
+MPOS:7940736,-2,141,0
+MPOS:7940744,-2,141,0
+MPOS:7940751,-2,141,0
+MPOS:7940758,-2,141,0
+MPOS:7940765,-2,141,0
+MPOS:7940772,-1,141,0
+MPOS:7940779,-1,141,0
+MPOS:7940787,-1,142,0
+MPOS:7940794,-1,142,0
+MPOS:7940801,-2,142,0
+MPOS:7940808,-2,142,0
+MPOS:7940815,-2,142,0
+MPOS:7940822,-2,142,0
+MPOS:7940830,-2,142,0
+MPOS:7940837,-2,142,0
+MPOS:7940844,-2,142,0
+MPOS:7940851,-2,142,0
+MPOS:7940858,-2,142,0
+MPOS:7940866,-2,142,0
+MPOS:7940873,-2,142,0
+MPOS:7940880,-2,142,0
+MPOS:7940887,-2,142,0
+MPOS:7940894,-2,142,0
+MPOS:7940901,-2,142,0
+MPOS:7940909,-2,142,0
+MPOS:7940916,-2,142,0
+MPOS:7940923,-2,142,0
+MPOS:7940930,-2,142,0
+MPOS:7940937,-2,142,0
+MPOS:7940944,-2,142,0
+MPOS:7940952,-2,142,0
+MPOS:7940959,-2,142,0
+MPOS:7940966,-2,142,0
+MPOS:7940973,-2,142,0
+MPOS:7940980,-2,142,0
+MPOS:7940988,-2,142,0
+MPOS:7940995,-2,142,0
+MPOS:7941002,-2,142,0
+MPOS:7941009,-1,142,0
+MPOS:7941016,-1,142,0
+MPOS:7941023,-1,143,0
+MPOS:7941031,-1,143,0
+MPOS:7941038,-1,143,0
+MPOS:7941045,-1,143,0
+MPOS:7941052,-1,143,0
+MPOS:7941059,-1,143,0
+MPOS:7941067,-1,143,0
+MPOS:7941074,-1,143,0
+MPOS:7941081,-1,143,0
+MPOS:7941088,-2,143,0
+MPOS:7941095,-2,143,0
+MPOS:7941102,-2,143,0
+MPOS:7941110,-2,143,0
+MPOS:7941117,-2,143,0
+MPOS:7941124,-3,143,0
+MPOS:7941131,-3,143,0
+MPOS:7941138,-3,143,0
+MPOS:7941145,-3,144,0
+MPOS:7941153,-4,144,0
+MPOS:7941160,-4,144,0
+MPOS:7941167,-4,144,0
+MPOS:7941174,-4,144,0
+MPOS:7941181,-4,144,0
+MPOS:7941189,-4,144,0
+MPOS:7941196,-4,145,0
+MPOS:7941203,-5,145,0
+MPOS:7941210,-5,145,0
+MPOS:7941217,-5,145,0
+MPOS:7941224,-5,145,0
+MPOS:7941232,-5,145,0
+MPOS:7941239,-5,145,0
+MPOS:7941246,-5,146,0
+MPOS:7941253,-5,146,0
+MPOS:7941260,-6,146,0
+MPOS:7941267,-6,146,0
+MPOS:7941275,-6,145,0
+MPOS:7941282,-6,146,0
+MPOS:7941289,-6,146,0
+MPOS:7941296,-6,145,0
+MPOS:7941303,-6,145,0
+MPOS:7941311,-6,145,0
+MPOS:7941318,-6,145,0
+MPOS:7941325,-6,145,0
+MPOS:7941332,-6,145,0
+MPOS:7941340,-6,145,0
+MPOS:7941347,-6,146,0
+MPOS:7941354,-6,146,0
+MPOS:7941361,-6,145,0
+MPOS:7941368,-6,145,0
+MPOS:7941375,-6,146,0
+MPOS:7941383,-5,146,0
+MPOS:7941390,-5,146,0
+MPOS:7941397,-5,146,0
+MPOS:7941404,-5,146,0
+MPOS:7941411,-4,146,0
+MPOS:7941419,-4,146,0
+MPOS:7941426,-4,146,0
+MPOS:7941433,-4,146,0
+MPOS:7941440,-4,146,0
+MPOS:7941447,-3,146,0
+MPOS:7941454,-3,146,0
+MPOS:7941462,-3,146,0
+MPOS:7941469,-2,146,0
+MPOS:7941476,-2,146,0
+MPOS:7941483,-2,146,0
+MPOS:7941490,-1,146,0
+MPOS:7941497,-1,146,0
+MPOS:7941505,-1,146,0
+MPOS:7941512,-1,145,0
+MPOS:7941519,-1,145,0
+MPOS:7941526,-1,145,0
+MPOS:7941533,0,145,0
+MPOS:7941541,0,145,0
+MPOS:7941548,0,145,0
+MPOS:7941555,0,144,0
+MPOS:7941562,0,144,0
+MPOS:7941569,0,144,0
+MPOS:7941576,0,144,0
+MPOS:7941584,1,144,0
+MPOS:7941591,1,144,0
+MPOS:7941598,1,144,0
+MPOS:7941605,1,143,0
+MPOS:7941612,1,143,0
+MPOS:7941619,1,143,0
+MPOS:7941627,1,144,0
+MPOS:7941634,1,144,0
+MPOS:7941641,2,144,0
+MPOS:7941648,2,144,0
+MPOS:7941655,3,144,0
+MPOS:7941663,3,144,0
+MPOS:7941670,3,144,0
+MPOS:7941677,4,144,0
+MPOS:7941684,4,144,0
+MPOS:7941691,4,144,0
+MPOS:7941698,5,144,0
+MPOS:7941706,5,144,0
+MPOS:7941713,5,144,0
+MPOS:7941720,5,144,0
+MPOS:7941727,5,144,0
+MPOS:7941734,5,144,0
+MPOS:7941741,6,144,0
+MPOS:7941749,6,145,0
+MPOS:7941756,7,145,0
+MPOS:7941763,7,145,0
+MPOS:7941770,7,145,0
+MPOS:7941777,7,145,0
+MPOS:7941785,7,145,0
+MPOS:7941792,8,145,0
+MPOS:7941799,9,145,0
+MPOS:7941806,10,145,0
+MPOS:7941813,10,146,0
+MPOS:7941820,9,146,0
+MPOS:7941828,9,147,0
+MPOS:7941835,9,148,0
+MPOS:7941842,9,148,0
+MPOS:7941849,9,149,0
+MPOS:7941856,9,149,0
+MPOS:7941863,9,150,0
+MPOS:7941871,10,149,0
+MPOS:7941878,10,149,0
+MPOS:7941885,10,149,0
+MPOS:7941892,10,149,0
+MPOS:7941899,10,149,0
+MPOS:7941907,10,149,0
+MPOS:7941914,10,150,0
+MPOS:7941921,10,151,0
+MPOS:7941928,9,151,0
+MPOS:7941935,9,151,0
+MPOS:7941942,10,152,0
+MPOS:7941950,10,152,0
+MPOS:7941957,11,152,0
+MPOS:7941964,11,152,0
+MPOS:7941971,11,152,0
+MPOS:7941978,11,153,0
+MPOS:7941985,10,153,0
+MPOS:7941993,10,153,0
+MPOS:7942000,10,154,0
+MPOS:7942007,9,155,0
+MPOS:7942014,9,155,0
+MPOS:7942021,8,156,0
+MPOS:7942029,8,156,0
+MPOS:7942036,8,156,0
+MPOS:7942043,7,157,0
+MPOS:7942050,7,158,0
+MPOS:7942057,7,158,0
+MPOS:7942064,7,158,0
+MPOS:7942072,7,159,0
+MPOS:7942079,7,159,0
+MPOS:7942086,7,160,0
+MPOS:7942093,6,161,0
+MPOS:7942100,6,161,0
+MPOS:7942108,6,162,0
+MPOS:7942115,5,162,0
+MPOS:7942122,5,163,0
+MPOS:7942129,5,163,0
+MPOS:7942136,5,163,0
+MPOS:7942143,5,163,0
+MPOS:7942151,4,163,0
+MPOS:7942158,4,163,0
+MPOS:7942165,3,164,0
+MPOS:7942172,3,164,0
+MPOS:7942179,2,165,0
+MPOS:7942186,2,165,0
+MPOS:7942194,2,165,0
+MPOS:7942201,1,165,0
+MPOS:7942208,1,166,0
+MPOS:7942215,1,166,0
+MPOS:7942222,0,166,0
+MPOS:7942230,0,166,0
+MPOS:7942237,0,166,0
+MPOS:7942244,0,166,0
+MPOS:7942251,0,167,0
+MPOS:7942258,-1,167,0
+MPOS:7942265,-1,167,0
+MPOS:7942273,-2,167,0
+MPOS:7942280,-2,167,0
+MPOS:7942287,-2,167,0
+MPOS:7942294,-2,167,0
+MPOS:7942301,-3,167,0
+MPOS:7942308,-3,168,0
+MPOS:7942316,-3,168,0
+MPOS:7942323,-3,168,0
+MPOS:7942330,-3,168,0
+MPOS:7942337,-4,168,0
+MPOS:7942344,-4,168,0
+MPOS:7942352,-4,168,0
+MPOS:7942359,-4,168,0
+MPOS:7942366,-4,168,0
+MPOS:7942373,-5,168,0
+MPOS:7942380,-5,168,0
+MPOS:7942387,-5,168,0
+MPOS:7942395,-5,168,0
+MPOS:7942402,-5,169,0
+MPOS:7942409,-5,169,0
+MPOS:7942416,-5,169,0
+MPOS:7942423,-5,169,0
+MPOS:7942431,-5,170,0
+MPOS:7942438,-5,170,0
+MPOS:7942445,-5,170,0
+MPOS:7942452,-5,170,0
+MPOS:7942459,-5,170,0
+MPOS:7942466,-5,170,0
+MPOS:7942474,-5,170,0
+MPOS:7942481,-5,170,0
+MPOS:7942488,-5,170,0
+MPOS:7942495,-5,170,0
+MPOS:7942502,-5,170,0
+MPOS:7942509,-5,170,0
+MPOS:7942517,-5,170,0
+MPOS:7942524,-5,170,0
+MPOS:7942531,-5,170,0
+MPOS:7942538,-5,170,0
+MPOS:7942545,-5,170,0
+MPOS:7942553,-5,170,0
+MPOS:7942560,-5,170,0
+MPOS:7942567,-5,170,0
+MPOS:7942574,-5,170,0
+MPOS:7942581,-5,170,0
+MPOS:7942588,-5,170,0
+MPOS:7942596,-5,170,0
+MPOS:7942603,-5,170,0
+MPOS:7942610,-5,170,0
+MPOS:7942617,-6,169,0
+MPOS:7942624,-6,169,0
+MPOS:7942631,-6,169,0
+MPOS:7942639,-6,169,0
+MPOS:7942646,-6,169,0
+MPOS:7942653,-6,169,0
+MPOS:7942660,-6,169,0
+MPOS:7942667,-6,168,0
+MPOS:7942675,-7,168,0
+MPOS:7942682,-6,168,0
+MPOS:7942689,-6,167,0
+MPOS:7942696,-6,167,0
+MPOS:7942703,-6,167,0
+MPOS:7942710,-6,166,0
+MPOS:7942718,-6,166,0
+MPOS:7942725,-6,165,0
+MPOS:7942732,-6,165,0
+MPOS:7942739,-6,165,0
+MPOS:7942746,-6,165,0
+MPOS:7942753,-7,165,0
+MPOS:7942761,-6,164,0
+MPOS:7942768,-6,164,0
+MPOS:7942775,-6,164,0
+MPOS:7942782,-6,164,0
+MPOS:7942789,-6,163,0
+MPOS:7942797,-6,163,0
+MPOS:7942804,-6,163,0
+MPOS:7942811,-6,163,0
+MPOS:7942818,-6,162,0
+MPOS:7942825,-6,162,0
+MPOS:7942832,-6,162,0
+MPOS:7942840,-6,161,0
+MPOS:7942847,-5,161,0
+MPOS:7942854,-5,161,0
+MPOS:7942861,-5,160,0
+MPOS:7942868,-5,160,0
+MPOS:7942876,-5,160,0
+MPOS:7942883,-4,160,0
+MPOS:7942890,-4,159,0
+MPOS:7942897,-4,159,0
+MPOS:7942904,-4,159,0
+MPOS:7942911,-4,158,0
+MPOS:7942919,-3,158,0
+MPOS:7942926,-3,157,0
+MPOS:7942933,-3,157,0
+MPOS:7942940,-3,157,0
+MPOS:7942947,-3,156,0
+MPOS:7942954,-3,156,0
+MPOS:7942962,-3,156,0
+MPOS:7942969,-3,156,0
+MPOS:7942976,-3,155,0
+MPOS:7942983,-3,155,0
+MPOS:7942990,-3,155,0
+MPOS:7942998,-2,155,0
+MPOS:7943005,-2,155,0
+MPOS:7943012,-2,155,0
+MPOS:7943019,-2,154,0
+MPOS:7943026,-2,154,0
+MPOS:7943033,-1,154,0
+MPOS:7943041,-1,154,0
+MPOS:7943048,-1,153,0
+MPOS:7943055,-1,153,0
+MPOS:7943062,-1,153,0
+MPOS:7943069,-1,153,0
+MPOS:7943076,-1,153,0
+MPOS:7943084,0,153,0
+MPOS:7943091,0,152,0
+MPOS:7943098,0,152,0
+MPOS:7943105,0,152,0
+MPOS:7943112,0,152,0
+MPOS:7943120,0,152,0
+MPOS:7943127,0,152,0
+MPOS:7943134,0,152,0
+MPOS:7943141,0,152,0
+MPOS:7943148,0,152,0
+MPOS:7943155,0,152,0
+MPOS:7943163,0,152,0
+MPOS:7943170,0,152,0
+MPOS:7943177,0,152,0
+MPOS:7943184,0,151,0
+MPOS:7943191,0,151,0
+MPOS:7943198,0,151,0
+MPOS:7943206,0,151,0
+MPOS:7943213,-1,150,0
+MPOS:7943220,-1,150,0
+MPOS:7943227,-1,150,0
+MPOS:7943234,-1,150,0
+MPOS:7943242,-1,150,0
+MPOS:7943249,-1,150,0
+MPOS:7943256,-2,149,0
+MPOS:7943263,-2,149,0
+MPOS:7943270,-1,149,0
+MPOS:7943277,-1,149,0
+MPOS:7943285,-1,149,0
+MPOS:7943292,-1,149,0
+MPOS:7943299,-1,149,0
+MPOS:7943306,0,149,0
+MPOS:7943313,0,149,0
+MPOS:7943320,0,149,0
+MPOS:7943328,0,149,0
+MPOS:7943335,0,149,0
+MPOS:7943342,0,149,0
+MPOS:7943349,1,149,0
+MPOS:7943356,1,149,0
+MPOS:7943364,2,149,0
+MPOS:7943371,2,149,0
+MPOS:7943378,3,149,0
+MPOS:7943385,4,149,0
+MPOS:7943392,5,149,0
+MPOS:7943399,5,148,0
+MPOS:7943407,6,148,0
+MPOS:7943414,7,148,0
+MPOS:7943421,8,148,0
+MPOS:7943428,9,148,0
+MPOS:7943435,10,148,0
+MPOS:7943442,11,149,0
+MPOS:7943450,12,149,0
+MPOS:7943457,13,149,0
+MPOS:7943464,14,148,0
+MPOS:7943471,15,148,0
+MPOS:7943478,16,148,0
+MPOS:7943486,17,148,0
+MPOS:7943493,18,148,0
+MPOS:7943500,19,148,0
+MPOS:7943507,20,148,0
+MPOS:7943514,21,148,0
+MPOS:7943521,22,148,0
+MPOS:7943529,23,148,0
+MPOS:7943536,23,148,0
+MPOS:7943543,24,148,0
+MPOS:7943550,25,148,0
+MPOS:7943557,27,148,0
+MPOS:7943564,28,148,0
+MPOS:7943572,29,148,0
+MPOS:7943579,30,148,0
+MPOS:7943586,30,148,0
+MPOS:7943593,31,148,0
+MPOS:7943600,32,148,0
+MPOS:7943608,33,148,0
+MPOS:7943615,34,148,0
+MPOS:7943622,35,148,0
+MPOS:7943629,37,148,0
+MPOS:7943636,38,148,0
+MPOS:7943643,39,148,0
+MPOS:7943651,40,148,0
+MPOS:7943658,42,148,0
+MPOS:7943665,43,148,0
+MPOS:7943672,44,148,0
+MPOS:7943679,45,148,0
+MPOS:7943686,46,148,0
+MPOS:7943694,47,148,0
+MPOS:7943701,48,148,0
+MPOS:7943708,49,148,0
+MPOS:7943715,50,148,0
+MPOS:7943722,51,148,0
+MPOS:7943730,52,148,0
+MPOS:7943737,53,149,0
+MPOS:7943744,54,149,0
+MPOS:7943751,55,149,0
+MPOS:7943758,56,149,0
+MPOS:7943765,57,149,0
+MPOS:7943773,58,149,0
+MPOS:7943780,59,149,0
+MPOS:7943787,60,149,0
+MPOS:7943794,61,149,0
+MPOS:7943801,63,149,0
+MPOS:7943808,64,149,0
+MPOS:7943816,65,149,0
+MPOS:7943823,65,149,0
+MPOS:7943830,66,149,0
+MPOS:7943837,68,149,0
+MPOS:7943844,69,150,0
+MPOS:7943852,70,150,0
+MPOS:7943859,71,150,0
+MPOS:7943866,72,150,0
+MPOS:7943873,73,150,0
+MPOS:7943880,74,150,0
+MPOS:7943887,75,151,0
+MPOS:7943895,76,151,0
+MPOS:7943902,77,151,0
+MPOS:7943909,78,151,0
+MPOS:7943916,79,151,0
+MPOS:7943923,80,151,0
+MPOS:7943931,81,151,0
+MPOS:7943938,82,152,0
+MPOS:7943945,83,152,0
+MPOS:7943952,84,152,0
+MPOS:7943959,86,152,0
+MPOS:7943966,87,152,0
+MPOS:7943974,88,152,0
+MPOS:7943981,89,153,0
+MPOS:7943988,90,153,0
+MPOS:7943995,91,153,0
+MPOS:7944002,92,153,0
+MPOS:7944009,93,153,0
+MPOS:7944017,94,153,0
+MPOS:7944024,94,153,0
+MPOS:7944031,95,153,0
+MPOS:7944038,96,153,0
+MPOS:7944045,97,154,0
+MPOS:7944053,98,154,0
+MPOS:7944060,99,154,0
+MPOS:7944067,100,154,0
+MPOS:7944074,100,154,0
+MPOS:7944081,101,154,0
+MPOS:7944088,102,154,0
+MPOS:7944096,102,154,0
+MPOS:7944103,103,154,0
+MPOS:7944110,103,154,0
+MPOS:7944117,104,154,0
+MPOS:7944124,105,154,0
+MPOS:7944132,105,154,0
+MPOS:7944139,105,154,0
+MPOS:7944146,106,154,0
+MPOS:7944153,106,154,0
+MPOS:7944160,107,154,0
+MPOS:7944167,107,154,0
+MPOS:7944175,107,154,0
+MPOS:7944182,108,154,0
+MPOS:7944189,108,154,0
+MPOS:7944196,109,154,0
+MPOS:7944203,109,154,0
+MPOS:7944211,110,154,0
+MPOS:7944218,110,154,0
+MPOS:7944225,110,154,0
+MPOS:7944232,110,154,0
+MPOS:7944239,111,154,0
+MPOS:7944246,111,153,0
+MPOS:7944254,111,153,0
+MPOS:7944261,111,153,0
+MPOS:7944268,111,153,0
+MPOS:7944275,112,153,0
+MPOS:7944282,112,153,0
+MPOS:7944290,112,153,0
+MPOS:7944297,112,153,0
+MPOS:7944304,113,153,0
+MPOS:7944311,113,153,0
+MPOS:7944318,113,153,0
+MPOS:7944325,113,153,0
+MPOS:7944333,113,153,0
+MPOS:7944340,114,154,0
+MPOS:7944347,114,154,0
+MPOS:7944354,114,154,0
+MPOS:7944361,114,154,0
+MPOS:7944369,114,154,0
+MPOS:7944376,114,154,0
+MPOS:7944383,114,154,0
+MPOS:7944390,114,154,0
+MPOS:7944397,114,155,0
+MPOS:7944404,114,155,0
+MPOS:7944412,114,155,0
+MPOS:7944419,115,155,0
+MPOS:7944426,115,155,0
+MPOS:7944433,115,155,0
+MPOS:7944440,115,156,0
+MPOS:7944447,115,156,0
+MPOS:7944455,115,156,0
+MPOS:7944462,115,156,0
+MPOS:7944469,115,156,0
+MPOS:7944476,115,156,0
+MPOS:7944483,115,156,0
+MPOS:7944491,115,157,0
+MPOS:7944498,115,157,0
+MPOS:7944505,115,157,0
+MPOS:7944512,115,157,0
+MPOS:7944519,115,157,0
+MPOS:7944526,115,157,0
+MPOS:7944534,114,157,0
+MPOS:7944541,114,157,0
+MPOS:7944548,114,157,0
+MPOS:7944555,114,157,0
+MPOS:7944562,113,157,0
+MPOS:7944569,113,157,0
+MPOS:7944577,113,157,0
+MPOS:7944584,113,157,0
+MPOS:7944591,113,157,0
+MPOS:7944598,113,157,0
+MPOS:7944605,113,157,0
+MPOS:7944613,112,157,0
+MPOS:7944620,112,157,0
+MPOS:7944627,112,157,0
+MPOS:7944634,112,158,0
+MPOS:7944641,112,158,0
+MPOS:7944648,112,158,0
+MPOS:7944656,112,158,0
+MPOS:7944663,111,158,0
+MPOS:7944670,111,158,0
+MPOS:7944677,111,158,0
+MPOS:7944684,111,158,0
+MPOS:7944692,110,158,0
+MPOS:7944699,110,158,0
+MPOS:7944706,110,158,0
+MPOS:7944713,110,158,0
+MPOS:7944720,110,158,0
+MPOS:7944727,110,158,0
+MPOS:7944735,109,158,0
+MPOS:7944742,109,158,0
+MPOS:7944749,109,158,0
+MPOS:7944756,108,157,0
+MPOS:7944763,108,157,0
+MPOS:7944770,108,157,0
+MPOS:7944778,108,157,0
+MPOS:7944785,107,157,0
+MPOS:7944792,107,157,0
+MPOS:7944799,107,157,0
+MPOS:7944806,106,157,0
+MPOS:7944814,106,157,0
+MPOS:7944821,106,157,0
+MPOS:7944828,106,157,0
+MPOS:7944835,105,157,0
+MPOS:7944842,105,157,0
+MPOS:7944849,105,157,0
+MPOS:7944857,105,157,0
+MPOS:7944864,105,157,0
+MPOS:7944871,104,157,0
+MPOS:7944878,104,157,0
+MPOS:7944885,104,158,0
+MPOS:7944893,104,158,0
+MPOS:7944900,104,158,0
+MPOS:7944907,104,158,0
+MPOS:7944914,103,158,0
+MPOS:7944921,103,158,0
+MPOS:7944928,103,158,0
+MPOS:7944936,103,158,0
+MPOS:7944943,103,158,0
+MPOS:7944950,103,158,0
+MPOS:7944957,103,158,0
+MPOS:7944964,103,158,0
+MPOS:7944972,103,157,0
+MPOS:7944979,103,157,0
+MPOS:7944986,102,157,0
+MPOS:7944993,102,157,0
+MPOS:7945000,103,157,0
+MPOS:7945007,103,157,0
+MPOS:7945015,103,157,0
+MPOS:7945022,103,157,0
+MPOS:7945029,103,157,0
+MPOS:7945037,104,157,0
+MPOS:7945044,104,157,0
+MPOS:7945051,104,157,0
+MPOS:7945058,104,157,0
+MPOS:7945065,104,157,0
+MPOS:7945072,103,156,0
+MPOS:7945080,103,156,0
+MPOS:7945087,103,156,0
+MPOS:7945094,103,156,0
+MPOS:7945101,103,156,0
+MPOS:7945108,103,156,0
+MPOS:7945116,103,156,0
+MPOS:7945123,103,156,0
+MPOS:7945130,103,156,0
+MPOS:7945137,103,156,0
+MPOS:7945144,103,156,0
+MPOS:7945151,102,156,0
+MPOS:7945159,102,156,0
+MPOS:7945166,102,156,0
+MPOS:7945173,102,156,0
+MPOS:7945180,101,156,0
+MPOS:7945187,101,156,0
+MPOS:7945195,101,156,0
+MPOS:7945202,101,156,0
+MPOS:7945209,100,156,0
+MPOS:7945216,100,157,0
+MPOS:7945223,100,157,0
+MPOS:7945230,100,157,0
+MPOS:7945238,99,157,0
+MPOS:7945245,99,157,0
+MPOS:7945252,99,157,0
+MPOS:7945259,99,157,0
+MPOS:7945266,99,157,0
+MPOS:7945273,99,157,0
+MPOS:7945281,98,158,0
+MPOS:7945288,98,158,0
+MPOS:7945295,98,158,0
+MPOS:7945302,98,158,0
+MPOS:7945309,98,158,0
+MPOS:7945317,98,158,0
+MPOS:7945324,98,158,0
+MPOS:7945331,98,158,0
+MPOS:7945338,98,158,0
+MPOS:7945345,97,158,0
+MPOS:7945352,97,158,0
+MPOS:7945360,97,158,0
+MPOS:7945367,97,158,0
+MPOS:7945374,97,158,0
+MPOS:7945381,97,158,0
+MPOS:7945388,97,158,0
+MPOS:7945396,97,158,0
+MPOS:7945403,96,158,0
+MPOS:7945410,96,158,0
+MPOS:7945417,96,158,0
+MPOS:7945424,96,158,0
+MPOS:7945431,96,158,0
+MPOS:7945439,96,158,0
+MPOS:7945446,96,158,0
+MPOS:7945453,96,158,0
+MPOS:7945460,96,158,0
+MPOS:7945467,96,158,0
+MPOS:7945474,96,158,0
+MPOS:7945482,97,158,0
+MPOS:7945489,97,157,0
+MPOS:7945496,97,157,0
+MPOS:7945503,97,157,0
+MPOS:7945510,97,157,0
+MPOS:7945518,97,157,0
+MPOS:7945525,97,156,0
+MPOS:7945532,97,156,0
+MPOS:7945539,97,156,0
+MPOS:7945546,98,156,0
+MPOS:7945553,98,156,0
+MPOS:7945561,98,156,0
+MPOS:7945568,97,155,0
+MPOS:7945575,97,155,0
+MPOS:7945582,97,155,0
+MPOS:7945589,97,154,0
+MPOS:7945596,97,154,0
+MPOS:7945604,97,154,0
+MPOS:7945611,97,154,0
+MPOS:7945618,97,153,0
+MPOS:7945625,97,153,0
+MPOS:7945632,97,153,0
+MPOS:7945640,97,153,0
+MPOS:7945647,97,153,0
+MPOS:7945654,97,152,0
+MPOS:7945661,97,152,0
+MPOS:7945668,97,152,0
+MPOS:7945675,97,152,0
+MPOS:7945683,97,151,0
+MPOS:7945690,97,151,0
+MPOS:7945697,97,150,0
+MPOS:7945704,97,150,0
+MPOS:7945711,97,149,0
+MPOS:7945719,97,149,0
+MPOS:7945726,97,149,0
+MPOS:7945733,97,148,0
+MPOS:7945740,97,148,0
+MPOS:7945747,97,147,0
+MPOS:7945754,97,147,0
+MPOS:7945762,97,147,0
+MPOS:7945769,97,146,0
+MPOS:7945776,97,146,0
+MPOS:7945783,97,145,0
+MPOS:7945790,98,145,0
+MPOS:7945797,98,144,0
+MPOS:7945805,98,144,0
+MPOS:7945812,98,143,0
+MPOS:7945819,98,143,0
+MPOS:7945826,98,142,0
+MPOS:7945833,98,142,0
+MPOS:7945841,98,141,0
+MPOS:7945848,99,140,0
+MPOS:7945855,99,140,0
+MPOS:7945862,99,139,0
+MPOS:7945869,99,139,0
+MPOS:7945876,99,138,0
+MPOS:7945884,99,137,0
+MPOS:7945891,99,137,0
+MPOS:7945898,99,136,0
+MPOS:7945905,99,136,0
+MPOS:7945912,99,135,0
+MPOS:7945919,99,134,0
+MPOS:7945927,99,134,0
+MPOS:7945934,99,133,0
+MPOS:7945941,99,133,0
+MPOS:7945948,99,132,0
+MPOS:7945955,99,131,0
+MPOS:7945963,99,130,0
+MPOS:7945970,99,130,0
+MPOS:7945977,99,129,0
+MPOS:7945984,99,128,0
+MPOS:7945991,99,127,0
+MPOS:7945998,99,127,0
+MPOS:7946006,99,126,0
+MPOS:7946013,99,125,0
+MPOS:7946020,99,124,0
+MPOS:7946027,99,124,0
+MPOS:7946034,99,123,0
+MPOS:7946041,99,122,0
+MPOS:7946049,99,121,0
+MPOS:7946056,99,120,0
+MPOS:7946063,99,119,0
+MPOS:7946070,99,119,0
+MPOS:7946077,99,118,0
+MPOS:7946085,99,117,0
+MPOS:7946092,99,116,0
+MPOS:7946099,99,116,0
+MPOS:7946106,99,115,0
+MPOS:7946113,99,114,0
+MPOS:7946120,99,113,0
+MPOS:7946128,98,113,0
+MPOS:7946135,98,112,0
+MPOS:7946142,98,111,0
+MPOS:7946149,98,110,0
+MPOS:7946156,98,109,0
+MPOS:7946163,98,108,0
+MPOS:7946171,98,107,0
+MPOS:7946178,98,106,0
+MPOS:7946185,98,105,0
+MPOS:7946192,97,104,0
+MPOS:7946199,97,103,0
+MPOS:7946207,97,103,0
+MPOS:7946214,97,102,0
+MPOS:7946221,97,101,0
+MPOS:7946228,96,100,0
+MPOS:7946235,96,99,0
+MPOS:7946242,96,98,0
+MPOS:7946250,96,97,0
+MPOS:7946257,96,96,0
+MPOS:7946264,96,96,0
+MPOS:7946271,96,95,0
+MPOS:7946278,96,94,0
+MPOS:7946285,96,93,0
+MPOS:7946293,95,92,0
+MPOS:7946300,95,91,0
+MPOS:7946307,95,90,0
+MPOS:7946314,95,89,0
+MPOS:7946321,95,88,0
+MPOS:7946329,95,88,0
+MPOS:7946336,95,87,0
+MPOS:7946343,95,86,0
+MPOS:7946350,95,85,0
+MPOS:7946357,94,85,0
+MPOS:7946364,94,84,0
+MPOS:7946372,94,83,0
+MPOS:7946379,94,83,0
+MPOS:7946386,93,82,0
+MPOS:7946393,93,81,0
+MPOS:7946400,93,81,0
+MPOS:7946407,93,80,0
+MPOS:7946415,93,79,0
+MPOS:7946422,93,79,0
+MPOS:7946429,92,78,0
+MPOS:7946436,92,77,0
+MPOS:7946443,92,77,0
+MPOS:7946451,92,76,0
+MPOS:7946458,92,76,0
+MPOS:7946465,91,76,0
+MPOS:7946472,91,75,0
+MPOS:7946479,91,75,0
+MPOS:7946486,91,74,0
+MPOS:7946494,91,74,0
+MPOS:7946501,91,73,0
+MPOS:7946508,90,72,0
+MPOS:7946515,90,72,0
+MPOS:7946522,90,71,0
+MPOS:7946529,90,71,0
+MPOS:7946537,90,71,0
+MPOS:7946544,90,70,0
+MPOS:7946551,90,70,0
+MPOS:7946558,89,70,0
+MPOS:7946565,89,69,0
+MPOS:7946573,89,69,0
+MPOS:7946580,89,68,0
+MPOS:7946587,89,68,0
+MPOS:7946594,89,68,0
+MPOS:7946601,89,67,0
+MPOS:7946608,90,67,0
+MPOS:7946616,90,66,0
+MPOS:7946623,90,66,0
+MPOS:7946630,90,65,0
+MPOS:7946637,90,65,0
+MPOS:7946644,89,64,0
+MPOS:7946651,89,64,0
+MPOS:7946659,89,64,0
+MPOS:7946666,89,63,0
+MPOS:7946673,89,63,0
+MPOS:7946680,89,62,0
+MPOS:7946687,89,62,0
+MPOS:7946695,89,61,0
+MPOS:7946702,89,61,0
+MPOS:7946709,89,61,0
+MPOS:7946716,89,60,0
+MPOS:7946723,89,60,0
+MPOS:7946730,89,60,0
+MPOS:7946738,89,59,0
+MPOS:7946745,89,59,0
+MPOS:7946752,89,58,0
+MPOS:7946759,89,58,0
+MPOS:7946766,89,58,0
+MPOS:7946773,89,58,0
+MPOS:7946781,89,57,0
+MPOS:7946788,89,57,0
+MPOS:7946795,89,57,0
+MPOS:7946802,88,56,0
+MPOS:7946809,88,56,0
+MPOS:7946817,88,56,0
+MPOS:7946824,88,55,0
+MPOS:7946831,88,55,0
+MPOS:7946838,88,55,0
+MPOS:7946845,88,55,0
+MPOS:7946852,88,54,0
+MPOS:7946860,88,54,0
+MPOS:7946867,88,54,0
+MPOS:7946874,88,53,0
+MPOS:7946881,88,53,0
+MPOS:7946888,88,53,0
+MPOS:7946895,88,52,0
+MPOS:7946903,88,52,0
+MPOS:7946910,89,52,0
+MPOS:7946917,89,51,0
+MPOS:7946924,89,51,0
+MPOS:7946931,89,51,0
+MPOS:7946939,89,50,0
+MPOS:7946946,89,50,0
+MPOS:7946953,89,50,0
+MPOS:7946960,90,49,0
+MPOS:7946967,90,49,0
+MPOS:7946974,90,48,0
+MPOS:7946982,90,48,0
+MPOS:7946989,90,48,0
+MPOS:7946996,90,48,0
+MPOS:7947003,90,48,0
+MPOS:7947010,91,48,0
+MPOS:7947017,91,47,0
+MPOS:7947025,91,47,0
+MPOS:7947032,91,47,0
+MPOS:7947039,91,47,0
+MPOS:7947046,91,46,0
+MPOS:7947053,91,46,0
+MPOS:7947061,91,46,0
+MPOS:7947068,92,46,0
+MPOS:7947075,92,46,0
+MPOS:7947082,92,45,0
+MPOS:7947089,92,45,0
+MPOS:7947096,92,45,0
+MPOS:7947104,93,45,0
+MPOS:7947111,93,45,0
+MPOS:7947118,93,44,0
+MPOS:7947125,93,44,0
+MPOS:7947132,94,44,0
+MPOS:7947139,94,44,0
+MPOS:7947147,94,44,0
+MPOS:7947154,94,44,0
+MPOS:7947161,94,44,0
+MPOS:7947168,94,44,0
+MPOS:7947175,94,44,0
+MPOS:7947183,94,43,0
+MPOS:7947190,94,43,0
+MPOS:7947197,95,43,0
+MPOS:7947204,95,43,0
+MPOS:7947211,95,43,0
+MPOS:7947218,96,43,0
+MPOS:7947226,96,43,0
+MPOS:7947233,96,43,0
+MPOS:7947240,96,43,0
+MPOS:7947247,96,43,0
+MPOS:7947254,96,43,0
+MPOS:7947261,96,43,0
+MPOS:7947269,96,43,0
+MPOS:7947276,96,43,0
+MPOS:7947283,96,43,0
+MPOS:7947290,96,43,0
+MPOS:7947297,96,43,0
+MPOS:7947304,96,43,0
+MPOS:7947312,95,43,0
+MPOS:7947319,95,43,0
+MPOS:7947326,96,43,0
+MPOS:7947333,96,43,0
+MPOS:7947340,96,43,0
+MPOS:7947348,96,43,0
+MPOS:7947355,96,44,0
+MPOS:7947362,95,44,0
+MPOS:7947369,95,44,0
+MPOS:7947376,95,44,0
+MPOS:7947383,95,44,0
+MPOS:7947391,95,44,0
+MPOS:7947398,95,44,0
+MPOS:7947405,94,44,0
+MPOS:7947412,94,44,0
+MPOS:7947419,94,44,0
+MPOS:7947426,94,44,0
+MPOS:7947434,94,44,0
+MPOS:7947441,94,44,0
+MPOS:7947448,94,44,0
+MPOS:7947455,94,45,0
+MPOS:7947462,94,45,0
+MPOS:7947470,94,45,0
+MPOS:7947477,94,45,0
+MPOS:7947484,94,45,0
+MPOS:7947491,94,45,0
+MPOS:7947498,94,45,0
+MPOS:7947505,94,45,0
+MPOS:7947513,94,45,0
+MPOS:7947520,93,45,0
+MPOS:7947527,93,45,0
+MPOS:7947534,93,45,0
+MPOS:7947541,93,46,0
+MPOS:7947549,92,46,0
+MPOS:7947556,92,46,0
+MPOS:7947563,92,46,0
+MPOS:7947570,92,46,0
+MPOS:7947577,92,46,0
+MPOS:7947585,92,46,0
+MPOS:7947592,92,46,0
+MPOS:7947600,92,46,0
+MPOS:7947607,92,46,0
+MPOS:7947614,92,46,0
+MPOS:7947621,93,46,0
+MPOS:7947628,93,46,0
+MPOS:7947635,93,45,0
+MPOS:7947643,93,46,0
+MPOS:7947650,92,46,0
+MPOS:7947657,92,46,0
+MPOS:7947664,92,46,0
+MPOS:7947671,92,46,0
+MPOS:7947678,92,46,0
+MPOS:7947686,91,46,0
+MPOS:7947693,91,46,0
+MPOS:7947700,91,46,0
+MPOS:7947707,91,46,0
+MPOS:7947714,91,47,0
+MPOS:7947722,91,47,0
+MPOS:7947729,91,47,0
+MPOS:7947736,91,47,0
+MPOS:7947743,90,47,0
+MPOS:7947750,90,47,0
+MPOS:7947757,90,47,0
+MPOS:7947765,90,47,0
+MPOS:7947772,90,47,0
+MPOS:7947779,90,47,0
+MPOS:7947786,89,47,0
+MPOS:7947793,89,47,0
+MPOS:7947801,89,47,0
+MPOS:7947808,89,47,0
+MPOS:7947815,89,47,0
+MPOS:7947822,88,47,0
+MPOS:7947829,88,46,0
+MPOS:7947836,88,46,0
+MPOS:7947844,88,46,0
+MPOS:7947851,88,46,0
+MPOS:7947858,88,46,0
+MPOS:7947865,88,46,0
+MPOS:7947872,88,46,0
+MPOS:7947879,87,46,0
+MPOS:7947887,87,46,0
+MPOS:7947894,88,46,0
+MPOS:7947901,87,46,0
+MPOS:7947908,87,46,0
+MPOS:7947915,87,46,0
+MPOS:7947923,87,46,0
+MPOS:7947930,87,46,0
+MPOS:7947937,87,46,0
+MPOS:7947944,87,46,0
+MPOS:7947951,87,46,0
+MPOS:7947958,87,46,0
+MPOS:7947966,86,46,0
+MPOS:7947973,86,46,0
+MPOS:7947980,86,46,0
+MPOS:7947987,86,47,0
+MPOS:7947994,86,47,0
+MPOS:7948001,86,47,0
+MPOS:7948009,85,47,0
+MPOS:7948016,85,47,0
+MPOS:7948023,85,47,0
+MPOS:7948030,85,47,0
+MPOS:7948037,84,47,0
+MPOS:7948045,84,47,0
+MPOS:7948052,84,47,0
+MPOS:7948059,84,47,0
+MPOS:7948066,84,47,0
+MPOS:7948073,83,47,0
+MPOS:7948080,83,47,0
+MPOS:7948088,83,47,0
+MPOS:7948095,82,47,0
+MPOS:7948102,82,47,0
+MPOS:7948109,82,47,0
+MPOS:7948116,82,47,0
+MPOS:7948123,81,47,0
+MPOS:7948131,81,47,0
+MPOS:7948138,80,47,0
+MPOS:7948145,80,47,0
+MPOS:7948152,79,47,0
+MPOS:7948159,79,47,0
+MPOS:7948167,78,47,0
+MPOS:7948174,78,47,0
+MPOS:7948181,77,47,0
+MPOS:7948188,77,47,0
+MPOS:7948195,76,47,0
+MPOS:7948202,76,47,0
+MPOS:7948210,75,47,0
+MPOS:7948217,75,47,0
+MPOS:7948224,74,47,0
+MPOS:7948231,73,47,0
+MPOS:7948238,73,47,0
+MPOS:7948245,72,47,0
+MPOS:7948253,72,47,0
+MPOS:7948260,71,47,0
+MPOS:7948267,70,47,0
+MPOS:7948274,70,47,0
+MPOS:7948281,70,47,0
+MPOS:7948289,69,47,0
+MPOS:7948296,69,47,0
+MPOS:7948303,68,47,0
+MPOS:7948310,68,47,0
+MPOS:7948317,67,48,0
+MPOS:7948324,66,48,0
+MPOS:7948332,66,48,0
+MPOS:7948339,64,48,0
+MPOS:7948346,63,49,0
+MPOS:7948353,62,49,0
+MPOS:7948360,61,49,0
+MPOS:7948367,60,49,0
+MPOS:7948375,60,49,0
+MPOS:7948382,59,50,0
+MPOS:7948389,58,50,0
+MPOS:7948396,56,50,0
+MPOS:7948403,55,50,0
+MPOS:7948411,54,50,0
+MPOS:7948418,53,50,0
+MPOS:7948425,51,51,0
+MPOS:7948432,50,51,0
+MPOS:7948439,49,51,0
+MPOS:7948446,48,51,0
+MPOS:7948454,47,51,0
+MPOS:7948461,46,51,0
+MPOS:7948468,45,52,0
+MPOS:7948475,44,52,0
+MPOS:7948482,43,52,0
+MPOS:7948489,42,52,0
+MPOS:7948497,41,53,0
+MPOS:7948504,40,53,0
+MPOS:7948511,39,53,0
+MPOS:7948518,38,53,0
+MPOS:7948525,37,53,0
+MPOS:7948533,36,53,0
+MPOS:7948540,34,54,0
+MPOS:7948547,33,54,0
+MPOS:7948554,32,54,0
+MPOS:7948561,31,54,0
+MPOS:7948568,29,54,0
+MPOS:7948576,28,55,0,
+MPOS:7948583,26,55,0,
+MPOS:7948590,25,55,0,
+MPOS:7948597,25,55,0,
+MPOS:7948604,25,55,0
+MPOS:7948611,25,54,0
+MPOS:7948619,25,54,0
+MPOS:7948626,24,54,0
+MPOS:7948633,23,54,0
+MPOS:7948640,23,54,0
+MPOS:7948647,22,54,0
+MPOS:7948655,22,54,0
+MPOS:7948662,22,54,0
+MPOS:7948669,22,53,0
+MPOS:7948676,22,53,0
+MPOS:7948683,22,53,0
+MPOS:7948690,21,53,0
+MPOS:7948698,20,53,0
+MPOS:7948705,20,53,0
+MPOS:7948712,18,53,0
+MPOS:7948719,17,54,0
+MPOS:7948726,16,54,0
+MPOS:7948733,14,54,0
+MPOS:7948741,14,54,0
+MPOS:7948748,14,54,0
+MPOS:7948755,14,53,0
+MPOS:7948762,14,53,0
+MPOS:7948769,14,53,0
+MPOS:7948777,14,52,0
+MPOS:7948784,14,52,0
+MPOS:7948791,14,52,0
+MPOS:7948798,15,51,0
+MPOS:7948805,16,51,0
+MPOS:7948812,16,51,0
+MPOS:7948820,17,50,0
+MPOS:7948827,17,50,0
+MPOS:7948834,17,49,0
+MPOS:7948841,17,49,0
+MPOS:7948848,17,49,0
+MPOS:7948855,16,49,0
+MPOS:7948863,15,50,0
+MPOS:7948870,13,49,0
+MPOS:7948877,12,49,0
+MPOS:7948884,12,49,0
+MPOS:7948892,12,49,0
+MPOS:7948899,12,48,0
+MPOS:7948906,12,48,0
+MPOS:7948913,12,48,0
+MPOS:7948920,12,48,0
+MPOS:7948927,12,47,0
+MPOS:7948935,12,47,0
+MPOS:7948942,13,47,0
+MPOS:7948949,13,47,0
+MPOS:7948956,14,47,0
+MPOS:7948963,15,46,0
+MPOS:7948971,13,46,0
+MPOS:7948978,11,46,0
+MPOS:7948985,9,47,0
+MPOS:7948992,7,48,0
+MPOS:7948999,7,49,0
+MPOS:7949006,6,49,0
+MPOS:7949014,5,49,0
+MPOS:7949021,5,49,0
+MPOS:7949028,6,49,0
+MPOS:7949035,7,49,0
+MPOS:7949042,8,48,0
+MPOS:7949049,9,48,0
+MPOS:7949057,8,48,0
+MPOS:7949064,8,48,0
+MPOS:7949071,8,48,0
+MPOS:7949078,8,47,0
+MPOS:7949085,8,47,0
+MPOS:7949093,9,47,0
+MPOS:7949100,9,47,0
+MPOS:7949107,8,47,0
+MPOS:7949114,8,47,0
+MPOS:7949121,8,47,0
+MPOS:7949128,8,47,0
+MPOS:7949136,8,46,0
+MPOS:7949143,8,46,0
+MPOS:7949150,8,46,0
+MPOS:7949157,7,46,0
+MPOS:7949164,7,46,0
+MPOS:7949171,7,46,0
+MPOS:7949179,6,45,0
+MPOS:7949186,6,45,0
+MPOS:7949193,6,45,0
+MPOS:7949200,6,45,0
+MPOS:7949207,6,45,0
+MPOS:7949215,6,45,0
+MPOS:7949222,6,45,0
+MPOS:7949229,6,45,0
+MPOS:7949236,7,45,0
+MPOS:7949243,7,44,0
+MPOS:7949250,7,44,0
+MPOS:7949258,7,44,0
+MPOS:7949265,7,44,0
+MPOS:7949272,7,44,0
+MPOS:7949279,7,44,0
+MPOS:7949286,7,44,0
+MPOS:7949294,7,44,0
+MPOS:7949301,7,44,0
+MPOS:7949308,7,44,0
+MPOS:7949315,7,44,0
+MPOS:7949322,7,44,0
+MPOS:7949329,7,44,0
+MPOS:7949337,7,44,0
+MPOS:7949344,6,44,0
+MPOS:7949351,5,43,0
+MPOS:7949358,5,43,0
+MPOS:7949365,4,43,0
+MPOS:7949372,3,44,0
+MPOS:7949380,3,44,0
+MPOS:7949387,3,44,0
+MPOS:7949394,2,43,0
+MPOS:7949401,1,43,0
+MPOS:7949408,0,43,0
+MPOS:7949416,0,44,0
+MPOS:7949423,-1,44,0
+MPOS:7949430,0,44,0
+MPOS:7949437,0,44,0
+MPOS:7949444,0,44,0
+MPOS:7949451,1,44,0
+MPOS:7949459,2,44,0
+MPOS:7949466,2,44,0
+MPOS:7949473,3,44,0
+MPOS:7949480,3,44,0
+MPOS:7949487,3,44,0
+MPOS:7949495,4,44,0
+MPOS:7949502,5,44,0
+MPOS:7949509,5,44,0
+MPOS:7949516,6,44,0
+MPOS:7949523,7,44,0
+MPOS:7949530,7,44,0
+MPOS:7949538,8,44,0
+MPOS:7949545,8,44,0
+MPOS:7949552,9,44,0
+MPOS:7949559,9,44,0
+MPOS:7949566,9,44,0
+MPOS:7949573,10,43,0
+MPOS:7949581,10,43,0
+MPOS:7949588,11,43,0
+MPOS:7949595,11,43,0
+MPOS:7949602,11,43,0
+MPOS:7949609,12,43,0
+MPOS:7949617,12,43,0
+MPOS:7949624,12,43,0
+MPOS:7949631,12,43,0
+MPOS:7949638,13,43,0
+MPOS:7949645,13,43,0
+MPOS:7949652,13,43,0
+MPOS:7949660,13,44,0
+MPOS:7949667,13,44,0
+MPOS:7949674,13,44,0
+MPOS:7949681,13,44,0
+MPOS:7949688,13,45,0
+MPOS:7949695,13,45,0
+MPOS:7949703,13,45,0
+MPOS:7949711,13,46,0
+MPOS:7949718,13,46,0
+MPOS:7949725,13,46,0
+MPOS:7949732,13,47,0
+MPOS:7949739,13,47,0
+MPOS:7949746,12,47,0
+MPOS:7949754,12,48,0
+MPOS:7949761,11,48,0
+MPOS:7949768,11,49,0
+MPOS:7949775,11,49,0
+MPOS:7949782,10,50,0
+MPOS:7949790,10,50,0
+MPOS:7949797,10,50,0
+MPOS:7949804,10,51,0
+MPOS:7949811,10,51,0
+MPOS:7949818,9,51,0
+MPOS:7949825,9,52,0
+MPOS:7949833,9,52,0
+MPOS:7949840,9,52,0
+MPOS:7949847,8,53,0
+MPOS:7949854,8,53,0
+MPOS:7949861,8,53,0
+MPOS:7949869,8,54,0
+MPOS:7949876,8,54,0
+MPOS:7949883,8,54,0
+MPOS:7949890,7,54,0
+MPOS:7949897,7,55,0
+MPOS:7949904,7,55,0
+MPOS:7949912,7,56,0
+MPOS:7949919,7,56,0
+MPOS:7949926,7,56,0
+MPOS:7949933,6,57,0
+MPOS:7949940,6,57,0
+MPOS:7949947,6,57,0
+MPOS:7949955,6,57,0
+MPOS:7949962,6,58,0
+MPOS:7949969,6,58,0
+MPOS:7949976,6,58,0
+MPOS:7949983,6,58,0
+MPOS:7949991,6,59,0
+MPOS:7949998,6,59,0
+MPOS:7950005,6,59,0
+MPOS:7950012,5,60,0
+MPOS:7950019,5,60,0
+MPOS:7950026,5,60,0
+MPOS:7950034,6,61,0
+MPOS:7950041,6,61,0
+MPOS:7950048,6,61,0
+MPOS:7950055,6,61,0
+MPOS:7950062,6,62,0
+MPOS:7950069,6,62,0
+MPOS:7950077,6,62,0
+MPOS:7950084,6,63,0
+MPOS:7950091,6,63,0
+MPOS:7950098,6,64,0
+MPOS:7950105,6,64,0
+MPOS:7950113,6,64,0
+MPOS:7950120,6,65,0
+MPOS:7950127,6,65,0
+MPOS:7950134,6,65,0
+MPOS:7950141,5,66,0
+MPOS:7950148,5,66,0
+MPOS:7950156,5,67,0
+MPOS:7950163,5,68,0
+MPOS:7950170,5,68,0
+MPOS:7950177,5,69,0
+MPOS:7950184,5,70,0
+MPOS:7950191,4,70,0
+MPOS:7950199,4,71,0
+MPOS:7950206,4,71,0
+MPOS:7950213,4,72,0
+MPOS:7950220,4,72,0
+MPOS:7950227,3,73,0
+MPOS:7950235,3,74,0
+MPOS:7950242,3,74,0
+MPOS:7950249,2,75,0
+MPOS:7950256,2,76,0
+MPOS:7950263,2,77,0
+MPOS:7950270,1,77,0
+MPOS:7950278,1,78,0
+MPOS:7950285,1,79,0
+MPOS:7950292,0,79,0
+MPOS:7950299,0,80,0
+MPOS:7950306,0,81,0
+MPOS:7950314,0,82,0
+MPOS:7950321,0,82,0
+MPOS:7950328,0,83,0
+MPOS:7950335,0,84,0
+MPOS:7950342,0,84,0
+MPOS:7950349,0,85,0
+MPOS:7950357,0,86,0
+MPOS:7950364,0,87,0
+MPOS:7950371,0,88,0
+MPOS:7950378,0,88,0
+MPOS:7950385,-1,89,0
+MPOS:7950392,-1,90,0
+MPOS:7950400,-1,90,0
+MPOS:7950407,-1,91,0
+MPOS:7950414,-1,92,0
+MPOS:7950421,-1,92,0
+MPOS:7950428,-1,93,0
+MPOS:7950436,-1,94,0
+MPOS:7950443,-2,94,0
+MPOS:7950450,-2,95,0
+MPOS:7950457,-2,96,0
+MPOS:7950464,-2,96,0
+MPOS:7950471,-2,97,0
+MPOS:7950479,-2,97,0
+MPOS:7950486,-2,98,0
+MPOS:7950493,-3,98,0
+MPOS:7950500,-3,99,0
+MPOS:7950507,-3,99,0
+MPOS:7950514,-3,100,0
+MPOS:7950522,-4,100,0
+MPOS:7950529,-4,100,0
+MPOS:7950536,-4,101,0
+MPOS:7950543,-4,101,0
+MPOS:7950550,-4,102,0
+MPOS:7950557,-4,103,0
+MPOS:7950565,-4,103,0
+MPOS:7950572,-4,104,0
+MPOS:7950579,-4,105,0
+MPOS:7950586,-4,105,0
+MPOS:7950593,-4,106,0
+MPOS:7950601,-4,106,0
+MPOS:7950608,-4,107,0
+MPOS:7950615,-4,107,0
+MPOS:7950622,-4,108,0
+MPOS:7950629,-4,108,0
+MPOS:7950636,-4,109,0
+MPOS:7950644,-4,109,0
+MPOS:7950651,-4,110,0
+MPOS:7950658,-4,110,0
+MPOS:7950665,-4,111,0
+MPOS:7950672,-4,111,0
+MPOS:7950680,-5,111,0
+MPOS:7950687,-5,112,0
+MPOS:7950694,-5,112,0
+MPOS:7950701,-5,112,0
+MPOS:7950708,-5,113,0
+MPOS:7950715,-6,113,0
+MPOS:7950723,-6,113,0
+MPOS:7950730,-6,114,0
+MPOS:7950737,-6,114,0
+MPOS:7950744,-6,114,0
+MPOS:7950751,-6,115,0
+MPOS:7950758,-6,115,0
+MPOS:7950766,-6,115,0
+MPOS:7950773,-6,116,0
+MPOS:7950780,-7,116,0
+MPOS:7950787,-6,117,0
+MPOS:7950794,-6,117,0
+MPOS:7950802,-6,118,0
+MPOS:7950809,-6,119,0
+MPOS:7950816,-6,119,0
+MPOS:7950823,-6,120,0
+MPOS:7950830,-6,120,0
+MPOS:7950837,-6,120,0
+MPOS:7950845,-7,121,0
+MPOS:7950852,-7,121,0
+MPOS:7950859,-7,121,0
+MPOS:7950866,-7,121,0
+MPOS:7950873,-7,122,0
+MPOS:7950880,-7,122,0
+MPOS:7950888,-8,122,0
+MPOS:7950895,-8,122,0
+MPOS:7950902,-8,123,0
+MPOS:7950909,-8,123,0
+MPOS:7950916,-8,123,0
+MPOS:7950924,-8,123,0
+MPOS:7950931,-8,124,0
+MPOS:7950938,-7,124,0
+MPOS:7950945,-7,124,0
+MPOS:7950952,-7,125,0
+MPOS:7950959,-7,125,0
+MPOS:7950967,-7,125,0
+MPOS:7950974,-7,126,0
+MPOS:7950981,-7,126,0
+MPOS:7950988,-7,126,0
+MPOS:7950995,-7,127,0
+MPOS:7951002,-6,127,0
+MPOS:7951010,-6,127,0
+MPOS:7951017,-6,127,0
+MPOS:7951024,-5,128,0
+MPOS:7951031,-5,128,0
+MPOS:7951038,-5,128,0
+MPOS:7951046,-5,128,0
+MPOS:7951053,-4,128,0
+MPOS:7951060,-4,129,0
+MPOS:7951067,-4,129,0
+MPOS:7951074,-4,129,0
+MPOS:7951081,-4,129,0
+MPOS:7951089,-4,128,0
+MPOS:7951096,-4,129,0
+MPOS:7951103,-5,129,0
+MPOS:7951110,-5,129,0
+MPOS:7951117,-5,129,0
+MPOS:7951124,-5,129,0
+MPOS:7951132,-5,129,0
+MPOS:7951139,-5,129,0
+MPOS:7951146,-5,129,0
+MPOS:7951153,-5,129,0
+MPOS:7951160,-4,129,0
+MPOS:7951168,-4,129,0
+MPOS:7951175,-4,129,0
+MPOS:7951182,-4,129,0
+MPOS:7951189,-3,129,0
+MPOS:7951196,-3,129,0
+MPOS:7951203,-3,130,0
+MPOS:7951211,-2,130,0
+MPOS:7951218,-2,130,0
+MPOS:7951225,-2,130,0
+MPOS:7951232,-2,130,0
+MPOS:7951239,-1,131,0
+MPOS:7951246,-1,131,0
+MPOS:7951254,-1,131,0
+MPOS:7951261,-1,131,0
+MPOS:7951268,0,131,0
+MPOS:7951275,0,131,0
+MPOS:7951282,0,131,0
+MPOS:7951290,0,131,0
+MPOS:7951297,0,131,0
+MPOS:7951304,0,132,0
+MPOS:7951311,0,132,0
+MPOS:7951318,0,132,0
+MPOS:7951325,0,132,0
+MPOS:7951333,0,132,0
+MPOS:7951340,1,132,0
+MPOS:7951347,1,132,0
+MPOS:7951354,1,132,0
+MPOS:7951361,1,132,0
+MPOS:7951368,1,132,0
+MPOS:7951376,1,132,0
+MPOS:7951383,1,132,0
+MPOS:7951390,1,132,0
+MPOS:7951397,1,132,0
+MPOS:7951404,1,132,0
+MPOS:7951412,1,132,0
+MPOS:7951419,1,132,0
+MPOS:7951426,1,132,0
+MPOS:7951433,1,132,0
+MPOS:7951440,2,133,0
+MPOS:7951447,2,133,0
+MPOS:7951455,2,133,0
+MPOS:7951462,2,133,0
+MPOS:7951469,2,133,0
+MPOS:7951476,3,133,0
+MPOS:7951483,3,133,0
+MPOS:7951490,3,133,0
+MPOS:7951498,3,134,0
+MPOS:7951505,3,134,0
+MPOS:7951512,3,134,0
+MPOS:7951519,3,134,0
+MPOS:7951526,3,134,0
+MPOS:7951534,4,134,0
+MPOS:7951541,4,135,0
+MPOS:7951548,4,135,0
+MPOS:7951555,4,135,0
+MPOS:7951562,4,135,0
+MPOS:7951569,4,135,0
+MPOS:7951577,4,135,0
+MPOS:7951584,4,135,0
+MPOS:7951591,4,135,0
+MPOS:7951598,4,135,0
+MPOS:7951605,4,135,0
+MPOS:7951612,4,135,0
+MPOS:7951620,4,136,0
+MPOS:7951627,4,136,0
+MPOS:7951634,4,136,0
+MPOS:7951641,4,136,0
+MPOS:7951648,4,136,0
+MPOS:7951656,4,136,0
+MPOS:7951663,4,136,0
+MPOS:7951670,4,136,0
+MPOS:7951677,4,136,0
+MPOS:7951684,4,136,0
+MPOS:7951691,4,136,0
+MPOS:7951699,4,136,0
+MPOS:7951706,4,136,0
+MPOS:7951713,4,136,0
+MPOS:7951720,4,136,0
+MPOS:7951727,4,136,0
+MPOS:7951734,4,137,0
+MPOS:7951742,5,137,0
+MPOS:7951749,5,137,0
+MPOS:7951756,5,137,0
+MPOS:7951763,5,137,0
+MPOS:7951770,5,137,0
+MPOS:7951778,5,137,0
+MPOS:7951785,5,137,0
+MPOS:7951792,5,137,0
+MPOS:7951799,5,137,0
+MPOS:7951806,5,137,0
+MPOS:7951813,5,137,0
+MPOS:7951821,5,137,0
+MPOS:7951828,5,137,0
+MPOS:7951835,5,137,0
+MPOS:7951842,6,137,0
+MPOS:7951849,6,137,0
+MPOS:7951856,6,137,0
+MPOS:7951864,6,137,0
+MPOS:7951871,6,138,0
+MPOS:7951878,6,138,0
+MPOS:7951885,6,138,0
+MPOS:7951892,6,138,0
+MPOS:7951900,6,138,0
+MPOS:7951907,6,138,0
+MPOS:7951915,6,138,0
+MPOS:7951922,6,138,0
+MPOS:7951929,6,138,0
+MPOS:7951936,6,138,0
+MPOS:7951944,7,138,0
+MPOS:7951951,7,138,0
+MPOS:7951958,7,138,0
+MPOS:7951965,7,138,0
+MPOS:7951972,7,138,0
+MPOS:7951979,7,138,0
+MPOS:7951987,7,138,0
+MPOS:7951994,7,138,0
+MPOS:7952001,7,138,0
+MPOS:7952008,7,138,0
+MPOS:7952015,7,138,0
+MPOS:7952022,8,138,0
+MPOS:7952030,8,138,0
+MPOS:7952037,8,138,0
+MPOS:7952044,8,138,0
+MPOS:7952051,8,138,0
+MPOS:7952058,8,138,0
+MPOS:7952066,8,138,0
+MPOS:7952073,8,138,0
+MPOS:7952080,8,138,0
+MPOS:7952087,8,138,0
+MPOS:7952094,8,137,0
+MPOS:7952101,8,137,0
+MPOS:7952109,8,137,0
+MPOS:7952116,9,137,0
+MPOS:7952123,9,137,0
+MPOS:7952130,9,137,0
+MPOS:7952137,9,137,0
+MPOS:7952144,9,136,0
+MPOS:7952152,9,136,0
+MPOS:7952159,9,136,0
+MPOS:7952166,9,136,0
+MPOS:7952173,9,136,0
+MPOS:7952180,9,136,0
+MPOS:7952188,9,136,0
+MPOS:7952195,9,136,0
+MPOS:7952202,9,136,0
+MPOS:7952209,9,136,0
+MPOS:7952216,9,136,0
+MPOS:7952223,9,136,0
+MPOS:7952231,9,136,0
+MPOS:7952238,9,136,0
+MPOS:7952245,8,136,0
+MPOS:7952252,8,136,0
+MPOS:7952259,8,136,0
+MPOS:7952266,8,137,0
+MPOS:7952274,8,137,0
+MPOS:7952281,8,137,0
+MPOS:7952288,7,137,0
+MPOS:7952295,7,137,0
+MPOS:7952302,7,137,0
+MPOS:7952310,7,137,0
+MPOS:7952317,8,137,0
+MPOS:7952324,8,137,0
+MPOS:7952331,7,137,0
+MPOS:7952338,7,137,0
+MPOS:7952345,7,137,0
+MPOS:7952353,7,137,0
+MPOS:7952360,7,137,0
+MPOS:7952367,7,137,0
+MPOS:7952374,8,137,0
+MPOS:7952381,8,137,0
+MPOS:7952388,8,137,0
+MPOS:7952396,7,137,0
+MPOS:7952403,7,137,0
+MPOS:7952410,7,137,0
+MPOS:7952417,7,137,0
+MPOS:7952424,7,137,0
+MPOS:7952432,7,137,0
+MPOS:7952439,7,137,0
+MPOS:7952446,7,137,0
+MPOS:7952453,7,137,0
+MPOS:7952460,7,137,0
+MPOS:7952467,7,137,0
+MPOS:7952475,7,137,0
+MPOS:7952482,7,137,0
+MPOS:7952489,7,137,0
+MPOS:7952496,7,137,0
+MPOS:7952503,7,137,0
+MPOS:7952510,7,137,0
+MPOS:7952518,7,137,0
+MPOS:7952525,7,137,0
+MPOS:7952532,7,137,0
+MPOS:7952539,7,137,0
+MPOS:7952546,7,137,0
+MPOS:7952554,6,136,0
+MPOS:7952561,6,136,0
+MPOS:7952568,6,136,0
+MPOS:7952575,6,136,0
+MPOS:7952582,6,136,0
+MPOS:7952589,6,136,0
+MPOS:7952597,6,136,0
+MPOS:7952604,5,136,0
+MPOS:7952611,5,136,0
+MPOS:7952618,5,135,0
+MPOS:7952625,5,135,0
+MPOS:7952632,5,135,0
+MPOS:7952640,5,135,0
+MPOS:7952647,5,134,0
+MPOS:7952654,5,134,0
+MPOS:7952661,6,134,0
