1658410985.683563,503.0
1658410985.7029285,508.0
1658410985.7221403,503.0
1658410985.7415605,507.0
1658410985.7650926,505.0
1658410985.7821918,505.0
1658410985.7989013,505.0
1658410985.8183794,504.0
1658410985.8380365,512.0
1658410985.8568869,505.0
1658410985.8760533,502.0
1658410985.8951879,503.0
1658410985.9137993,511.0
1658410985.9339051,504.0
1658410985.953078,508.0
1658410985.972276,507.0
1658410985.9913592,502.0
1658410986.0106053,503.0
1658410986.029695,507.0
1658410986.0486443,510.0
1658410986.068796,509.0
1658410986.0875769,509.0
1658410986.1064098,504.0
1658410986.125603,507.0
1658410986.1448245,508.0
1658410986.164236,506.0
1658410986.183792,503.0
1658410986.2029607,504.0
1658410986.2227476,511.0
1658410986.2428396,512.0
1658410986.2619395,503.0
1658410986.2802255,504.0
1658410986.2997677,502.0
1658410986.3185472,503.0
1658410986.3382735,506.0
1658410986.357127,508.0
1658410986.3765845,506.0
1658410986.396112,507.0
1658410986.4153018,510.0
1658410986.4339328,507.0
1658410986.4532843,507.0
1658410986.4729164,507.0
1658410986.4932806,513.0
1658410986.513474,500.0
1658410986.5310347,511.0
1658410986.5491946,499.0
1658410986.5687108,508.0
1658410986.5881748,503.0
1658410986.6073039,507.0
1658410986.6265762,505.0
1658410986.6461768,503.0
1658410986.6650462,506.0
1658410986.6851885,506.0
1658410986.70404,504.0
1658410986.7230184,504.0
1658410986.7418802,503.0
1658410986.762386,507.0
1658410986.7813327,505.0
1658410986.7999775,506.0
1658410986.8196976,501.0
1658410986.8386056,507.0
1658410986.8580933,503.0
1658410986.8781493,506.0
1658410986.8971214,504.0
1658410986.915858,508.0
1658410986.9343154,503.0
1658410986.954805,504.0
1658410986.9741096,507.0
1658410986.9920895,504.0
1658410987.0128727,507.0
1658410987.0318139,504.0
1658410987.0497243,507.0
1658410987.0695724,505.0
1658410987.0896854,504.0
1658410987.1084094,509.0
1658410987.128354,504.0
1658410987.1469772,507.0
1658410987.1655524,505.0
1658410987.1856496,501.0
1658410987.204015,501.0
1658410987.2238157,504.0
1658410987.2433462,505.0
1658410987.2631438,503.0
1658410987.2818625,509.0
1658410987.3027394,504.0
1658410987.3198705,506.0
1658410987.3393972,505.0
1658410987.3593047,505.0
1658410987.3781464,503.0
1658410987.3986926,498.0
1658410987.4165237,503.0
1658410987.4350772,510.0
1658410987.4547045,501.0
1658410987.4739506,499.0
1658410987.4932165,504.0
1658410987.5124052,507.0
1658410987.5319,509.0
1658410987.5511227,503.0
1658410987.5697565,504.0
1658410987.5895193,506.0
1658410987.6093018,508.0
1658410987.6278367,505.0
1658410987.6480494,504.0
1658410987.6659656,502.0
1658410987.6851208,502.0
1658410987.7055862,504.0
1658410987.7237277,507.0
1658410987.742947,505.0
1658410987.7626004,507.0
1658410987.7826285,505.0
1658410987.8006663,506.0
1658410987.8207703,506.0
1658410987.8391402,505.0
1658410987.858854,503.0
1658410987.8785284,503.0
1658410987.8973517,505.0
1658410987.9168649,499.0
1658410987.9366047,508.0
1658410987.9562328,509.0
1658410987.9745226,500.0
1658410987.9940891,508.0
1658410988.0137537,516.0
1658410988.032403,508.0
1658410988.051884,507.0
1658410988.071635,503.0
1658410988.0899994,507.0
1658410988.109604,505.0
1658410988.1289468,508.0
1658410988.1483603,505.0
1658410988.1672645,501.0
1658410988.186837,508.0
1658410988.2050002,512.0
1658410988.225033,514.0
1658410988.2436657,517.0
1658410988.263854,512.0
1658410988.2834666,513.0
1658410988.3029819,518.0
1658410988.321589,521.0
1658410988.34033,504.0
1658410988.3591232,514.0
1658410988.379759,515.0
1658410988.3986757,516.0
1658410988.417229,516.0
1658410988.4372814,515.0
1658410988.4563308,512.0
1658410988.4752514,511.0
1658410988.494713,515.0
1658410988.513996,515.0
1658410988.5324872,524.0
1658410988.551746,526.0
1658410988.572304,519.0
1658410988.590248,519.0
1658410988.610645,531.0
1658410988.629824,527.0
1658410988.6489115,528.0
1658410988.6678412,524.0
1658410988.687105,528.0
1658410988.7058468,532.0
1658410988.7261527,535.0
1658410988.7451615,530.0
1658410988.7642007,526.0
1658410988.7834387,525.0
1658410988.8022423,524.0
1658410988.8224092,525.0
1658410988.841072,535.0
1658410988.8599434,535.0
1658410988.8796852,533.0
1658410988.89847,540.0
1658410988.9175801,543.0
1658410988.9377832,537.0
1658410988.956684,544.0
1658410988.9756362,547.0
1658410988.9956696,540.0
1658410989.0151258,539.0
1658410989.034234,546.0
1658410989.0533638,539.0
1658410989.0720942,550.0
1658410989.0911164,564.0
1658410989.1114607,565.0
1658410989.130635,556.0
1658410989.1493535,562.0
1658410989.168479,566.0
1658410989.188046,558.0
1658410989.2068968,567.0
1658410989.2270734,568.0
1658410989.2459462,571.0
1658410989.2649963,574.0
1658410989.283505,578.0
1658410989.3031924,572.0
1658410989.3226767,568.0
1658410989.342048,575.0
1658410989.3619127,582.0
1658410989.3809261,578.0
1658410989.3993187,578.0
1658410989.4196033,592.0
1658410989.4386199,590.0
1658410989.4580073,595.0
1658410989.477563,601.0
1658410989.4975746,600.0
1658410989.5152996,606.0
1658410989.5343413,608.0
1658410989.553686,593.0
1658410989.5736787,601.0
1658410989.5917325,614.0
1658410989.6117914,606.0
1658410989.630536,609.0
1658410989.64965,604.0
1658410989.6697335,620.0
1658410989.688288,610.0
1658410989.7088072,613.0
1658410989.7280521,611.0
1658410989.7479317,619.0
1658410989.7663949,619.0
1658410989.7850995,626.0
1658410989.803897,619.0
1658410989.8233132,614.0
1658410989.8428361,627.0
1658410989.8613713,625.0
1658410989.8823175,620.0
1658410989.8997266,631.0
1658410989.920219,631.0
1658410989.939009,634.0
1658410989.9576323,632.0
1658410989.97818,624.0
1658410989.9973109,642.0
1658410990.0161045,642.0
1658410990.0350077,649.0
1658410990.0542994,650.0
1658410990.073684,644.0
1658410990.0928519,656.0
1658410990.1133466,644.0
1658410990.1322105,646.0
1658410990.1509259,629.0
1658410990.169768,643.0
1658410990.1883674,653.0
1658410990.2086334,643.0
1658410990.2282312,640.0
1658410990.2474234,660.0
1658410990.2660797,648.0
1658410990.2859576,652.0
1658410990.3044627,649.0
1658410990.3234677,648.0
1658410990.3437817,634.0
1658410990.3633652,641.0
1658410990.3822298,642.0
1658410990.4013932,624.0
1658410990.4204981,634.0
1658410990.439555,654.0
1658410990.4584854,643.0
1658410990.4777076,638.0
1658410990.4974053,637.0
1658410990.516419,653.0
1658410990.5352893,653.0
1658410990.5541081,649.0
1658410990.5744867,629.0
1658410990.5933743,626.0
1658410990.6123884,636.0
1658410990.6318166,644.0
1658410990.650739,629.0
1658410990.6707048,632.0
1658410990.6899793,628.0
1658410990.7088156,618.0
1658410990.727772,620.0
1658410990.747356,626.0
1658410990.7664285,630.0
1658410990.7853482,631.0
1658410990.8055022,623.0
1658410990.824194,628.0
1658410990.843058,630.0
1658410990.8623657,591.0
1658410990.88148,616.0
1658410990.9005573,612.0
1658410990.920759,619.0
1658410990.939894,626.0
1658410990.9586506,615.0
1658410990.9793053,617.0
1658410990.9984038,603.0
1658410991.0171897,609.0
1658410991.0363135,619.0
1658410991.0552301,617.0
1658410991.0742013,616.0
1658410991.0945816,610.0
1658410991.113895,619.0
1658410991.1325538,629.0
1658410991.1509902,622.0
1658410991.1711278,619.0
1658410991.190599,620.0
1658410991.2092032,619.0
1658410991.2301023,616.0
1658410991.2480123,622.0
1658410991.2673779,624.0
1658410991.2862525,623.0
1658410991.3060255,616.0
1658410991.325182,620.0
1658410991.3440578,628.0
1658410991.363435,618.0
1658410991.382525,618.0
1658410991.4015625,622.0
1658410991.4215398,631.0
1658410991.4403937,632.0
1658410991.460533,637.0
1658410991.4796412,610.0
1658410991.4985666,622.0
1658410991.5174558,634.0
1658410991.5363786,620.0
1658410991.5566654,609.0
1658410991.5758862,619.0
1658410991.5953336,634.0
1658410991.613746,620.0
1658410991.6334078,616.0
1658410991.6520474,626.0
1658410991.6716087,609.0
1658410991.690875,630.0
1658410991.7099316,624.0
1658410991.729475,615.0
1658410991.7486203,618.0
1658410991.7683084,608.0
1658410991.7869084,613.0
1658410991.8069162,602.0
1658410991.825424,598.0
1658410991.8452222,615.0
1658410991.86384,611.0
1658410991.883164,613.0
1658410991.902957,618.0
1658410991.922574,617.0
1658410991.9408646,616.0
1658410991.9607475,608.0
1658410991.979362,628.0
1658410991.99917,621.0
1658410992.0187042,611.0
1658410992.0370355,622.0
1658410992.0567303,604.0
1658410992.07562,594.0
1658410992.0958374,616.0
1658410992.1145697,625.0
1658410992.13449,602.0
1658410992.15308,614.0
1658410992.1721942,603.0
1658410992.1913116,612.0
1658410992.2113903,614.0
1658410992.2305474,614.0
1658410992.249112,613.0
1658410992.2689679,612.0
1658410992.2877827,616.0
1658410992.3065808,608.0
1658410992.3259218,609.0
1658410992.346064,619.0
1658410992.3656418,632.0
1658410992.3836572,603.0
1658410992.4040427,616.0
1658410992.422161,609.0
1658410992.4416826,597.0
1658410992.461416,603.0
1658410992.4801176,602.0
1658410992.4994614,613.0
1658410992.5188215,624.0
1658410992.538349,635.0
1658410992.5576267,611.0
1658410992.5770054,619.0
1658410992.5959547,626.0
1658410992.6154659,627.0
1658410992.6347938,609.0
1658410992.654144,612.0
1658410992.6734357,618.0
1658410992.6926055,618.0
1658410992.7125099,610.0
1658410992.7304394,624.0
1658410992.7500186,642.0
1658410992.7693844,629.0
1658410992.7887955,621.0
1658410992.8082318,627.0
1658410992.8276017,598.0
1658410992.8463428,616.0
1658410992.8658526,618.0
1658410992.8849502,625.0
1658410992.9045575,603.0
1658410992.9241815,615.0
1658410992.9425623,636.0
1658410992.963618,612.0
1658410992.9820738,605.0
1658410993.0011387,610.0
1658410993.0200138,617.0
1658410993.039106,608.0
1658410993.0577614,603.0
1658410993.0772083,621.0
1658410993.096814,607.0
1658410993.11639,619.0
1658410993.1359446,619.0
1658410993.1540043,600.0
1658410993.1742914,622.0
1658410993.1939101,625.0
1658410993.2139301,612.0
1658410993.2324085,611.0
1658410993.2513628,598.0
1658410993.2695968,624.0
1658410993.2894838,616.0
1658410993.3083637,603.0
1658410993.3282259,595.0
1658410993.34704,603.0
1658410993.3666859,606.0
1658410993.3850486,608.0
1658410993.4047735,602.0
1658410993.4237883,619.0
1658410993.4435387,612.0
1658410993.463523,595.0
1658410993.48184,602.0
1658410993.501536,602.0
1658410993.5200393,593.0
1658410993.5395634,614.0
1658410993.5592124,590.0
1658410993.578936,598.0
1658410993.597436,591.0
1658410993.6170745,593.0
1658410993.635462,594.0
1658410993.655225,594.0
1658410993.6750472,596.0
1658410993.6939387,587.0
1658410993.7133973,588.0
1658410993.733567,596.0
1658410993.7524543,596.0
1658410993.7707832,574.0
1658410993.7905269,599.0
1658410993.809971,593.0
1658410993.828146,585.0
1658410993.8477182,578.0
1658410993.867099,585.0
1658410993.8872387,579.0
1658410993.9053884,578.0
1658410993.925017,573.0
1658410993.944661,569.0
1658410993.9630332,569.0
1658410993.982888,560.0
1658410994.0021164,560.0
1658410994.0216649,567.0
1658410994.0409775,553.0
1658410994.060668,555.0
1658410994.0791507,558.0
1658410994.0989606,566.0
1658410994.117481,555.0
1658410994.1373248,548.0
1658410994.1555016,551.0
1658410994.1757958,549.0
1658410994.1948316,554.0
1658410994.214184,538.0
1658410994.2329292,538.0
1658410994.2533805,535.0
1658410994.272103,539.0
1658410994.2915092,538.0
1658410994.3097286,537.0
1658410994.3295329,538.0
1658410994.3485885,534.0
1658410994.368112,538.0
1658410994.3869653,530.0
1658410994.4066,521.0
1658410994.425875,535.0
1658410994.445706,529.0
1658410994.4649699,523.0
1658410994.4837022,535.0
1658410994.5023003,530.0
1658410994.5221431,515.0
1658410994.5425055,517.0
1658410994.5599632,529.0
1658410994.5798995,516.0
1658410994.5997498,521.0
1658410994.618441,516.0
1658410994.6382692,522.0
1658410994.6574993,510.0
1658410994.676175,518.0
1658410994.695453,514.0
1658410994.7145197,510.0
1658410994.734591,508.0
1658410994.7533925,506.0
1658410994.772681,508.0
1658410994.791659,510.0
1658410994.8117042,505.0
1658410994.8296556,503.0
1658410994.8496866,509.0
1658410994.8681974,506.0
1658410994.8883798,505.0
1658410994.9072526,503.0
1658410994.9268286,508.0
1658410994.945701,500.0
1658410994.964458,508.0
1658410994.983526,508.0
1658410995.0037348,503.0
1658410995.0226774,509.0
1658410995.0428526,505.0
1658410995.0623856,508.0
1658410995.0813868,505.0
1658410995.0992239,504.0
1658410995.1184955,502.0
1658410995.1386697,507.0
1658410995.1574676,507.0
1658410995.176181,502.0
1658410995.1957104,509.0
1658410995.2148893,502.0
1658410995.2350333,509.0
1658410995.2539213,501.0
1658410995.2727208,501.0
1658410995.2929556,507.0
1658410995.3119125,511.0
1658410995.331356,497.0
1658410995.350205,503.0
1658410995.3689585,507.0
1658410995.3888981,504.0
1658410995.4078448,508.0
1658410995.4264598,502.0
1658410995.4475367,502.0
1658410995.46491,507.0
1658410995.4849846,501.0
1658410995.5038512,504.0
1658410995.52288,506.0
1658410995.5420907,508.0
1658410995.562602,508.0
1658410995.5807848,506.0
1658410995.5997145,506.0
1658410995.620019,507.0
1658410995.638582,510.0
1658410995.6587105,510.0
1658410995.6780126,507.0
1658410995.6973424,503.0
1658410995.7160568,504.0
1658410995.7349162,506.0
1658410995.7548501,502.0
1658410995.7734618,500.0
1658410995.792668,508.0
1658410995.8116345,506.0
1658410995.831146,510.0
1658410995.8510299,505.0
1658410995.8700285,505.0
1658410995.8891852,504.0
1658410995.9080367,508.0
1658410995.9288783,507.0
1658410995.9480352,501.0
1658410995.9656687,508.0
1658410995.9857602,507.0
1658410996.0046303,504.0
1658410996.02326,503.0
1658410996.0432198,505.0
1658410996.0639913,508.0
1658410996.0815468,508.0
1658410996.1003861,508.0
1658410996.1207368,503.0
1658410996.1402748,509.0
1658410996.159154,509.0
1658410996.1780384,515.0
1658410996.196872,496.0
1658410996.2166133,511.0
1658410996.2360904,500.0
1658410996.2547162,506.0
1658410996.2744968,504.0
1658410996.2940824,499.0
1658410996.3141253,503.0
1658410996.3326926,504.0
1658410996.3511307,507.0
1658410996.3710303,502.0
1658410996.3896441,499.0
1658410996.4086063,499.0
1658410996.4295702,508.0
1658410996.448609,509.0
1658410996.4666903,504.0
1658410996.4862735,506.0
1658410996.5048835,501.0
1658410996.5250165,512.0
1658410996.5434916,509.0
1658410996.563633,501.0
1658410996.5821826,503.0
1658410996.601223,506.0
1658410996.6209335,505.0
1658410996.6401381,511.0
1658410996.6591969,504.0
1658410996.6779184,499.0
1658410996.6986907,507.0
1658410996.7163424,509.0
1658410996.7367153,507.0
1658410996.7556736,505.0
1658410996.7746298,505.0
1658410996.7934806,503.0
1658410996.8131328,499.0
1658410996.832052,505.0
1658410996.852042,504.0
1658410996.8711965,507.0
1658410996.890153,507.0
1658410996.9094763,503.0
1658410996.9284053,505.0
1658410996.948477,504.0
1658410996.967458,498.0
1658410996.9859104,502.0
1658410997.0059466,509.0
1658410997.0244932,507.0
1658410997.0442061,505.0
1658410997.0631416,501.0
1658410997.0835755,508.0
1658410997.1016238,514.0
1658410997.1209538,506.0
1658410997.1404624,511.0
1658410997.1596346,508.0
1658410997.1798155,502.0
1658410997.1984127,507.0
1658410997.218064,503.0
1658410997.2373135,507.0
1658410997.2558992,505.0
1658410997.275151,504.0
1658410997.2943897,504.0
1658410997.313964,503.0
1658410997.333252,502.0
1658410997.3521981,505.0
1658410997.3710852,502.0
1658410997.3910756,511.0
1658410997.4096458,509.0
1658410997.4298742,505.0
1658410997.4482012,503.0
1658410997.4678402,507.0
1658410997.4871974,509.0
1658410997.5068362,509.0
1658410997.5250113,503.0
1658410997.5447075,505.0
1658410997.5647566,503.0
1658410997.5831025,510.0
1658410997.6028373,508.0
1658410997.6224341,505.0
1658410997.640652,502.0
1658410997.6604009,506.0
1658410997.6790285,504.0
1658410997.6988966,505.0
1658410997.7186718,507.0
1658410997.7368927,504.0
1658410997.7564685,509.0
1658410997.7760866,507.0
1658410997.7952986,509.0
1658410997.8146076,503.0
1658410997.8337958,509.0
1658410997.8527524,508.0
1658410997.8719158,507.0
1658410997.8910625,506.0
1658410997.9100626,507.0
1658410997.9297602,500.0
1658410997.9490783,502.0
1658410997.9679732,504.0
1658410997.9882083,499.0
1658410998.006829,503.0
1658410998.0256479,506.0
1658410998.0462277,508.0
1658410998.0653176,505.0
1658410998.0842218,502.0
1658410998.1035862,506.0
1658410998.1225255,507.0
1658410998.1416936,510.0
1658410998.1610835,509.0
1658410998.1811893,505.0
1658410998.1988873,512.0
1658410998.219062,507.0
1658410998.237724,509.0
1658410998.2580135,504.0
1658410998.276201,504.0
1658410998.2953432,503.0
1658410998.3158598,512.0
1658410998.3347442,511.0
1658410998.3534532,504.0
1658410998.3729105,509.0
1658410998.3917239,504.0
1658410998.4116845,507.0
1658410998.431122,504.0
1658410998.4500034,507.0
1658410998.4689944,501.0
1658410998.487816,500.0
1658410998.508281,502.0
1658410998.527329,509.0
1658410998.5463908,512.0
1658410998.5652611,505.0
1658410998.5841258,511.0
1658410998.604222,511.0
1658410998.6234722,507.0
1658410998.6424234,504.0
1658410998.662036,505.0
1658410998.6815653,502.0
1658410998.7007077,504.0
1658410998.718981,511.0
1658410998.738977,505.0
1658410998.7575908,512.0
1658410998.7776282,507.0
1658410998.7960634,511.0
1658410998.81515,509.0
1658410998.8350759,501.0
1658410998.8535128,506.0
1658410998.873428,510.0
1658410998.8930073,504.0
1658410998.9130094,503.0
1658410998.9312408,509.0
1658410998.9505935,509.0
1658410998.9700184,509.0
1658410998.9883726,510.0
1658410999.008579,508.0
1658410999.0272927,505.0
1658410999.0474908,507.0
1658410999.0660155,498.0
1658410999.0844502,507.0
1658410999.1039298,504.0
1658410999.123369,505.0
1658410999.142773,507.0
1658410999.1625967,502.0
1658410999.1821775,504.0
1658410999.2009122,503.0
1658410999.219687,514.0
1658410999.2395773,505.0
1658410999.2584467,503.0
1658410999.2784832,505.0
1658410999.2964976,505.0
1658410999.316373,501.0
1658410999.3357282,501.0
1658410999.355054,500.0
1658410999.3732712,504.0
1658410999.3932443,506.0
1658410999.4119606,501.0
1658410999.432432,505.0
1658410999.4501827,499.0
1658410999.4700208,506.0
1658410999.488723,509.0
1658410999.5079093,500.0
1658410999.5274065,500.0
1658410999.546937,502.0
1658410999.5674858,504.0
1658410999.5848777,502.0
1658410999.6052647,508.0
1658410999.623409,498.0
1658410999.643851,500.0
1658410999.662494,504.0
1658410999.6824782,504.0
1658410999.7010746,501.0
1658410999.7212455,503.0
1658410999.7394288,501.0
1658410999.7590683,500.0
1658410999.7778153,505.0
1658410999.796915,502.0
1658410999.81602,502.0
1658410999.8364875,505.0
1658410999.8551147,499.0
1658410999.874711,506.0
1658410999.8941736,503.0
1658410999.9131644,500.0
1658410999.9316745,507.0
1658410999.9511273,503.0
1658410999.9713607,497.0
1658410999.9897735,494.0
1658411000.0086017,500.0
1658411000.0289426,503.0
1658411000.047912,498.0
1658411000.0666945,501.0
1658411000.0861347,501.0
1658411000.104992,503.0
1658411000.1243346,500.0
1658411000.1446161,501.0
1658411000.1636314,502.0
1658411000.1828518,501.0
1658411000.2014737,507.0
1658411000.2211072,499.0
1658411000.2402828,507.0
1658411000.2597587,502.0
1658411000.2787023,507.0
1658411000.2983124,494.0
1658411000.3171425,503.0
1658411000.335902,498.0
1658411000.355618,502.0
1658411000.3752897,506.0
1658411000.393429,499.0
1658411000.4142687,495.0
1658411000.43305,503.0
1658411000.4521174,499.0
1658411000.4714286,495.0
1658411000.4901335,499.0
1658411000.5095968,495.0
1658411000.5294147,500.0
1658411000.5483818,501.0
1658411000.5673575,502.0
1658411000.5861225,494.0
1658411000.6054118,494.0
1658411000.624536,494.0
1658411000.6440501,494.0
1658411000.6636775,494.0
1658411000.6825638,490.0
1658411000.701468,488.0
1658411000.7218537,485.0
1658411000.7408075,491.0
1658411000.7593443,481.0
1658411000.7784476,490.0
1658411000.797729,488.0
1658411000.817725,485.0
1658411000.8362997,486.0
1658411000.8559785,481.0
1658411000.8750582,484.0
1658411000.8947732,479.0
1658411000.9140332,487.0
1658411000.9327862,478.0
1658411000.9524574,476.0
1658411000.9729264,471.0
1658411000.9913814,471.0
1658411001.0099518,466.0
1658411001.0300958,465.0
1658411001.048675,461.0
1658411001.0684533,464.0
1658411001.0864937,460.0
1658411001.1059883,458.0
1658411001.1253743,453.0
1658411001.1457937,452.0
1658411001.1638072,446.0
1658411001.184031,446.0
1658411001.2029583,447.0
1658411001.221748,442.0
1658411001.2413738,440.0
1658411001.2609286,442.0
1658411001.2794132,441.0
1658411001.2983153,434.0
1658411001.31794,434.0
1658411001.3375986,436.0
1658411001.3571427,434.0
1658411001.3758447,432.0
1658411001.396028,431.0
1658411001.415081,423.0
1658411001.4343712,428.0
1658411001.4531553,435.0
1658411001.4717655,424.0
1658411001.4918842,425.0
1658411001.5104938,424.0
1658411001.5309918,419.0
1658411001.549038,420.0
1658411001.5685372,421.0
1658411001.5882912,418.0
1658411001.6065876,420.0
1658411001.6269755,412.0
1658411001.6457338,412.0
1658411001.6654546,413.0
1658411001.6836727,406.0
1658411001.7033865,412.0
1658411001.722101,410.0
1658411001.7418048,407.0
1658411001.761257,408.0
1658411001.7810526,405.0
1658411001.8003132,407.0
1658411001.818259,403.0
1658411001.8374543,406.0
1658411001.8567886,401.0
1658411001.8765194,410.0
1658411001.8958764,414.0
1658411001.915097,409.0
1658411001.9350853,411.0
1658411001.9529831,425.0
1658411001.9728045,421.0
1658411001.9930828,419.0
1658411002.0112998,422.0
1658411002.0307229,420.0
1658411002.0497332,432.0
1658411002.069757,428.0
1658411002.0886898,431.0
1658411002.1075037,434.0
1658411002.1278183,438.0
1658411002.1460881,439.0
1658411002.16535,439.0
1658411002.1845927,447.0
1658411002.203973,451.0
1658411002.223596,450.0
1658411002.2428813,458.0
1658411002.26209,448.0
1658411002.2815943,461.0
1658411002.3013246,461.0
1658411002.3192422,463.0
1658411002.3389843,472.0
1658411002.3577173,467.0
1658411002.3766248,481.0
1658411002.3968978,476.0
1658411002.4158823,485.0
1658411002.4351695,485.0
1658411002.4542038,490.0
1658411002.4730191,489.0
1658411002.4922366,496.0
1658411002.512242,494.0
1658411002.5307987,496.0
1658411002.5508835,501.0
1658411002.5694559,504.0
1658411002.5894682,496.0
1658411002.608309,498.0
1658411002.6273513,501.0
1658411002.6475675,501.0
1658411002.6663885,505.0
1658411002.6855197,501.0
1658411002.7044098,504.0
1658411002.7232006,504.0
1658411002.7430716,509.0
1658411002.7617888,501.0
1658411002.7822251,511.0
1658411002.8010383,507.0
1658411002.8200214,505.0
1658411002.838711,509.0
1658411002.8587027,506.0
1658411002.8775923,508.0
1658411002.8978817,508.0
1658411002.9166338,505.0
1658411002.9357715,502.0
1658411002.954437,500.0
1658411002.9744842,498.0
1658411002.9937596,498.0
1658411003.0120845,507.0
1658411003.031832,507.0
1658411003.0514076,509.0
1658411003.0709047,507.0
1658411003.088967,508.0
1658411003.1088233,505.0
1658411003.1274867,504.0
1658411003.1479397,508.0
1658411003.1667619,505.0
1658411003.185652,504.0
1658411003.204729,507.0
1658411003.2249126,506.0
1658411003.243777,511.0
1658411003.2625792,507.0
1658411003.2828267,507.0
1658411003.3014498,506.0
1658411003.3210397,505.0
1658411003.340397,499.0
1658411003.358772,510.0
1658411003.3791611,507.0
1658411003.397978,505.0
1658411003.4161453,504.0
1658411003.436746,510.0
1658411003.4554448,505.0
1658411003.4746478,508.0
1658411003.4936507,506.0
1658411003.5138001,506.0
1658411003.5319088,502.0
1658411003.5520303,506.0
1658411003.5706418,499.0
1658411003.5910902,513.0
1658411003.60949,505.0
1658411003.6279662,506.0
1658411003.64823,507.0
1658411003.6664667,506.0
1658411003.6857927,514.0
1658411003.7051926,506.0
1658411003.724756,514.0
1658411003.7442982,511.0
1658411003.7642918,505.0
1658411003.7827,508.0
1658411003.8013754,506.0
1658411003.8211515,506.0
1658411003.841013,505.0
1658411003.8591504,505.0
1658411003.878842,508.0
1658411003.898283,509.0
1658411003.9172304,508.0
1658411003.9361222,504.0
1658411003.956053,507.0
1658411003.9745598,506.0
1658411003.994115,504.0
1658411004.0138543,502.0
1658411004.0330865,501.0
1658411004.052272,502.0
1658411004.071421,509.0
1658411004.0906277,505.0
1658411004.1102686,509.0
1658411004.130053,513.0
1658411004.1484296,507.0
1658411004.1680243,507.0
1658411004.187607,503.0
1658411004.2062914,511.0
1658411004.226045,505.0
1658411004.244254,507.0
1658411004.2640483,516.0
1658411004.2836251,503.0
1658411004.3021593,512.0
1658411004.3219535,509.0
1658411004.3416736,509.0
1658411004.3598344,498.0
1658411004.3796356,507.0
1658411004.3981812,504.0
1658411004.4175074,503.0
1658411004.43738,508.0
1658411004.4565358,505.0
1658411004.475944,503.0
1658411004.4956532,508.0
1658411004.5148757,502.0
1658411004.533462,503.0
1658411004.5534058,506.0
1658411004.572032,510.0
1658411004.591788,507.0
1658411004.610246,506.0
1658411004.6304524,504.0
1658411004.648766,504.0
1658411004.6681702,500.0
1658411004.6879544,509.0
1658411004.7068202,503.0
1658411004.726544,500.0
1658411004.7464128,510.0
1658411004.765032,501.0
1658411004.7833266,504.0
1658411004.8031065,507.0
1658411004.8218162,509.0
1658411004.8420506,508.0
1658411004.8620393,505.0
1658411004.8809228,503.0
1658411004.899547,508.0
1658411004.9190786,510.0
1658411004.9379869,509.0
1658411004.9565165,513.0
1658411004.976683,505.0
1658411004.9953582,507.0
1658411005.0148563,509.0
1658411005.034896,503.0
1658411005.053335,509.0
1658411005.073083,509.0
1658411005.0913208,504.0
1658411005.1115727,504.0
1658411005.1309006,504.0
1658411005.1496942,505.0
1658411005.1685734,502.0
1658411005.1888113,509.0
1658411005.20786,506.0
1658411005.2265837,509.0
1658411005.245371,509.0
1658411005.2649195,505.0
1658411005.2847025,509.0
1658411005.303382,508.0
1658411005.3224773,497.0
1658411005.3424406,507.0
1658411005.361347,507.0
1658411005.380672,503.0
1658411005.399455,510.0
1658411005.4196403,506.0
1658411005.4386814,503.0
1658411005.4582765,506.0
1658411005.4770293,510.0
1658411005.49699,508.0
1658411005.5161057,503.0
1658411005.535024,504.0
1658411005.5537949,507.0
1658411005.5736089,506.0
1658411005.5920105,505.0
1658411005.6123085,507.0
1658411005.6309521,507.0
1658411005.6498048,511.0
1658411005.669943,507.0
1658411005.6886175,508.0
1658411005.7085762,507.0
1658411005.7272387,503.0
1658411005.7469397,504.0
1658411005.7657642,506.0
1658411005.7855873,508.0
1658411005.8045094,501.0
1658411005.8233008,506.0
1658411005.8432357,504.0
1658411005.8626425,513.0
1658411005.8814209,495.0
1658411005.9002776,507.0
1658411005.920449,509.0
1658411005.9391775,505.0
1658411005.957979,505.0
1658411005.9784331,503.0
1658411005.9965272,501.0
1658411006.0165691,510.0
1658411006.0355155,507.0
1658411006.0543766,503.0
1658411006.074707,504.0
1658411006.0926783,507.0
1658411006.1120265,507.0
1658411006.1318476,511.0
1658411006.1504018,512.0
1658411006.1704507,506.0
1658411006.1891117,503.0
1658411006.2090468,510.0
1658411006.2284915,501.0
1658411006.2479315,503.0
1658411006.2659745,509.0
1658411006.285664,509.0
1658411006.3045125,501.0
1658411006.3248894,512.0
1658411006.344214,509.0
1658411006.3642387,507.0
1658411006.3814971,506.0
1658411006.4009633,503.0
1658411006.4199655,506.0
1658411006.4394095,507.0
1658411006.4587007,510.0
1658411006.4791696,507.0
1658411006.497281,506.0
1658411006.516569,506.0
1658411006.5360029,504.0
1658411006.5550685,510.0
1658411006.5738807,510.0
1658411006.5943267,513.0
1658411006.6136475,504.0
1658411006.6324897,507.0
1658411006.651114,505.0
1658411006.6713407,502.0
1658411006.690106,504.0
1658411006.708937,502.0
1658411006.7286108,501.0
1658411006.7471728,506.0
1658411006.767309,508.0
1658411006.785832,502.0
1658411006.8057547,498.0
1658411006.8252056,502.0
1658411006.84471,500.0
1658411006.8641853,503.0
1658411006.8828702,498.0
1658411006.9017742,499.0
1658411006.9206128,505.0
1658411006.9406369,504.0
1658411006.9591718,501.0
1658411006.9799263,498.0
1658411006.9988546,497.0
1658411007.0173757,497.0
1658411007.0361254,505.0
1658411007.0560446,502.0
1658411007.074923,503.0
1658411007.0948913,502.0
1658411007.1142364,502.0
1658411007.1329408,502.0
1658411007.1517272,501.0
1658411007.1718318,505.0
1658411007.1909232,500.0
1658411007.2091036,494.0
1658411007.2296355,502.0
1658411007.2485578,499.0
1658411007.2675958,503.0
1658411007.286685,501.0
1658411007.3059144,508.0
1658411007.324935,503.0
1658411007.3453448,501.0
1658411007.3642998,502.0
1658411007.3832757,501.0
1658411007.4024417,501.0
1658411007.4210997,503.0
1658411007.4411476,498.0
1658411007.4598806,499.0
1658411007.4801533,503.0
1658411007.4986234,503.0
1658411007.5182958,505.0
1658411007.5369627,500.0
1658411007.5567112,503.0
1658411007.575116,501.0
1658411007.5953858,506.0
1658411007.614608,503.0
1658411007.6331294,503.0
1658411007.6530237,504.0
1658411007.6712146,507.0
1658411007.6907797,497.0
1658411007.7109222,504.0
1658411007.7304094,498.0
1658411007.7485342,502.0
1658411007.767592,499.0
1658411007.7867966,499.0
1658411007.806817,501.0
1658411007.82637,498.0
1658411007.8453863,504.0
1658411007.864455,500.0
1658411007.884385,496.0
1658411007.903439,502.0
1658411007.9214697,502.0
1658411007.941197,495.0
1658411007.9618642,498.0
1658411007.9805236,498.0
1658411007.9986002,499.0
1658411008.0178277,495.0
1658411008.0382361,495.0
1658411008.0572894,493.0
1658411008.0763588,494.0
1658411008.0954494,494.0
1658411008.115496,501.0
1658411008.1336281,500.0
1658411008.1528413,497.0
1658411008.1721497,493.0
1658411008.1917295,492.0
1658411008.2113526,497.0
1658411008.2297845,496.0
1658411008.249711,498.0
1658411008.2692513,494.0
1658411008.2875404,491.0
1658411008.3074067,496.0
1658411008.3264887,484.0
1658411008.345632,495.0
1658411008.3651881,491.0
1658411008.3843164,492.0
1658411008.4030728,485.0
1658411008.4234588,491.0
1658411008.4423237,481.0
1658411008.4616818,490.0
1658411008.4807699,490.0
1658411008.4994886,487.0
1658411008.519205,489.0
1658411008.5386255,488.0
1658411008.5571823,495.0
1658411008.5770652,488.0
1658411008.5955584,493.0
1658411008.6154113,494.0
1658411008.635042,493.0
1658411008.653054,494.0
1658411008.6727638,491.0
1658411008.6923456,499.0
1658411008.7121038,489.0
1658411008.7304718,492.0
1658411008.7500288,496.0
1658411008.7698708,497.0
1658411008.7881618,500.0
1658411008.8076916,501.0
1658411008.8273315,500.0
1658411008.8457725,496.0
1658411008.8655946,500.0
1658411008.8841097,502.0
1658411008.9037292,501.0
1658411008.92331,505.0
1658411008.9428751,499.0
1658411008.962416,498.0
1658411008.9812288,502.0
1658411009.0008528,500.0
1658411009.0190241,497.0
1658411009.0385404,504.0
1658411009.057883,502.0
1658411009.0776477,503.0
1658411009.0962112,505.0
1658411009.1158705,501.0
1658411009.1343176,503.0
1658411009.1539285,505.0
1658411009.1737978,499.0
1658411009.1932747,499.0
1658411009.2117825,499.0
1658411009.2315726,503.0
1658411009.2509782,501.0
1658411009.2694316,505.0
1658411009.288925,499.0
1658411009.3084836,499.0
1658411009.3269234,501.0
1658411009.346807,502.0
1658411009.3666255,506.0
1658411009.384865,502.0
1658411009.4045768,502.0
1658411009.424217,500.0
1658411009.4423249,504.0
1658411009.4619548,501.0
1658411009.4818757,508.0
1658411009.5000818,502.0
1658411009.5194364,502.0
1658411009.5396485,505.0
1658411009.5587587,502.0
1658411009.5779605,503.0
1658411009.5973246,508.0
1658411009.616553,504.0
1658411009.634886,501.0
1658411009.6543636,510.0
1658411009.6740808,508.0
1658411009.6935086,504.0
1658411009.7130759,503.0
1658411009.7314117,502.0
1658411009.7509267,505.0
1658411009.770633,510.0
1658411009.7887843,507.0
1658411009.808428,507.0
1658411009.8279362,504.0
1658411009.8475797,507.0
1658411009.8673537,508.0
1658411009.8857088,503.0
1658411009.9056628,508.0
1658411009.9242973,504.0
1658411009.9429176,507.0
1658411009.9629576,510.0
1658411009.981546,507.0
1658411010.0016062,509.0
1658411010.0201745,510.0
1658411010.0390887,503.0
1658411010.0591571,510.0
1658411010.0778089,507.0
1658411010.0978434,510.0
1658411010.1165683,509.0
1658411010.1364188,503.0
1658411010.1550796,512.0
1658411010.173935,507.0
1658411010.193933,498.0
1658411010.213082,499.0
1658411010.2318606,498.0
1658411010.2518826,504.0
1658411010.271459,498.0
1658411010.290051,502.0
1658411010.3097963,504.0
1658411010.3281324,504.0
1658411010.3478518,504.0
1658411010.3675041,501.0
1658411010.385891,505.0
1658411010.4052172,507.0
1658411010.4246945,508.0
1658411010.444344,508.0
1658411010.4640348,507.0
1658411010.482434,503.0
1658411010.5019295,507.0
1658411010.5214903,502.0
1658411010.5397315,501.0
1658411010.559306,511.0
1658411010.5791936,507.0
1658411010.597572,507.0
1658411010.6171417,510.0
1658411010.6364236,505.0
1658411010.6558855,505.0
1658411010.6753619,510.0
1658411010.6936522,506.0
1658411010.7135487,502.0
1658411010.7333465,507.0
1658411010.751585,506.0
1658411010.7718446,505.0
1658411010.7909985,501.0
1658411010.8094697,501.0
1658411010.829453,512.0
1658411010.8484657,502.0
1658411010.8682785,507.0
1658411010.8871734,506.0
1658411010.9066575,504.0
1658411010.9247324,502.0
1658411010.9446843,499.0
1658411010.963753,509.0
1658411010.9832177,510.0
1658411011.0035973,507.0
1658411011.0218098,511.0
1658411011.0415459,511.0
1658411011.060445,504.0
1658411011.0790198,505.0
1658411011.0993946,505.0
1658411011.1175506,504.0
1658411011.1378818,504.0
1658411011.156876,511.0
1658411011.1760406,509.0
1658411011.1956875,502.0
1658411011.214939,507.0
1658411011.2334518,504.0
1658411011.252914,508.0
1658411011.2717812,502.0
1658411011.291679,507.0
1658411011.3105083,504.0
1658411011.3301575,507.0
1658411011.3497581,506.0
1658411011.3683167,507.0
1658411011.38814,506.0
1658411011.406401,503.0
1658411011.4253895,504.0
1658411011.4457436,503.0
1658411011.464542,506.0
1658411011.4833093,507.0
1658411011.5033107,509.0
1658411011.5217874,506.0
1658411011.5418797,506.0
1658411011.560425,502.0
1658411011.5807266,508.0
1658411011.5992806,508.0
1658411011.6190724,503.0
1658411011.6373315,505.0
1658411011.6564467,509.0
1658411011.675894,508.0
1658411011.6956718,507.0
1658411011.7147331,499.0
1658411011.7336564,500.0
1658411011.754198,507.0
1658411011.7720077,509.0
1658411011.7922966,511.0
1658411011.8114665,510.0
1658411011.8308985,501.0
1658411011.8502178,505.0
1658411011.8685014,508.0
1658411011.8880002,510.0
1658411011.9071085,504.0
1658411011.9268367,507.0
1658411011.9471219,505.0
1658411011.9648373,505.0
1658411011.9839723,511.0
1658411012.0037165,509.0
1658411012.0237427,509.0
1658411012.041674,502.0
1658411012.0611491,503.0
1658411012.081036,504.0
1658411012.09966,512.0
1658411012.1186173,513.0
1658411012.1378937,508.0
1658411012.1586473,515.0
1658411012.177716,511.0
1658411012.1991673,507.0
1658411012.216161,513.0
1658411012.234216,513.0
1658411012.2532961,512.0
1658411012.27488,515.0
1658411012.2948418,517.0
1658411012.3112133,516.0
1658411012.331481,513.0
1658411012.34971,518.0
1658411012.3695846,517.0
1658411012.3891177,513.0
1658411012.4087563,519.0
1658411012.4268186,517.0
1658411012.4462094,517.0
1658411012.4656045,523.0
1658411012.4848895,517.0
1658411012.5046992,522.0
1658411012.5238364,526.0
1658411012.54279,529.0
1658411012.5616262,524.0
1658411012.5813167,522.0
1658411012.6007712,520.0
1658411012.6195154,524.0
1658411012.6388822,532.0
1658411012.6584823,514.0
1658411012.6774018,527.0
1658411012.6973956,525.0
1658411012.7165751,522.0
1658411012.735013,526.0
1658411012.7551227,531.0
1658411012.7739341,534.0
1658411012.7937262,534.0
1658411012.8132358,531.0
1658411012.8315957,534.0
1658411012.8515062,537.0
1658411012.8697543,542.0
1658411012.890103,534.0
1658411012.9089727,539.0
1658411012.9281762,537.0
1658411012.9477334,542.0
1658411012.9663467,541.0
1658411012.9863605,536.0
1658411013.0049565,539.0
1658411013.024618,538.0
1658411013.0429142,540.0
1658411013.0624595,536.0
1658411013.0826318,535.0
1658411013.1010048,534.0
1658411013.1209574,544.0
1658411013.1394472,544.0
1658411013.1592224,539.0
1658411013.1789243,546.0
1658411013.1974661,526.0
1658411013.2167404,544.0
1658411013.2357152,543.0
1658411013.2558498,545.0
1658411013.2745454,538.0
1658411013.2939167,546.0
1658411013.3141541,551.0
1658411013.3323717,538.0
1658411013.3510602,555.0
1658411013.3702633,552.0
1658411013.3908587,551.0
1658411013.4096441,545.0
1658411013.4295776,555.0
1658411013.4490035,550.0
1658411013.466675,551.0
1658411013.4869425,551.0
1658411013.5057862,558.0
1658411013.5247016,559.0
1658411013.5444672,561.0
1658411013.5631292,569.0
1658411013.5829067,560.0
1658411013.602444,558.0
1658411013.6216033,560.0
1658411013.6404076,571.0
1658411013.6593745,548.0
1658411013.679057,558.0
1658411013.6988146,560.0
1658411013.7183504,572.0
1658411013.7373447,569.0
1658411013.7558699,572.0
1658411013.7753847,568.0
1658411013.7948482,570.0
1658411013.8145301,565.0
1658411013.833725,569.0
1658411013.8523781,569.0
1658411013.872238,568.0
1658411013.890413,572.0
1658411013.9100204,563.0
1658411013.9292316,564.0
1658411013.9490476,567.0
1658411013.967477,547.0
1658411013.9870894,554.0
1658411014.0065331,564.0
1658411014.026795,554.0
1658411014.0451727,543.0
1658411014.0649607,553.0
1658411014.0839832,556.0
1658411014.103303,551.0
1658411014.1226768,558.0
1658411014.1429756,548.0
1658411014.1606085,547.0
1658411014.1809378,553.0
1658411014.198703,555.0
1658411014.2176576,553.0
1658411014.2378762,553.0
1658411014.256787,551.0
1658411014.2758436,548.0
1658411014.294808,540.0
1658411014.3145292,540.0
1658411014.333633,552.0
1658411014.3530989,548.0
1658411014.3729463,537.0
1658411014.3914323,542.0
1658411014.4115632,536.0
1658411014.4296966,540.0
1658411014.4496245,544.0
1658411014.4691064,537.0
1658411014.4874232,535.0
1658411014.506897,541.0
1658411014.526605,538.0
1658411014.5452642,539.0
1658411014.5651891,533.0
1658411014.5843291,532.0
1658411014.603141,531.0
1658411014.62338,520.0
1658411014.6422174,531.0
1658411014.661195,522.0
1658411014.6803367,529.0
1658411014.7002568,526.0
1658411014.7185743,533.0
1658411014.738483,530.0
1658411014.757323,530.0
1658411014.7775176,527.0
1658411014.7963476,530.0
1658411014.8151727,512.0
1658411014.8341627,518.0
1658411014.8542554,525.0
1658411014.8733718,528.0
1658411014.8919263,525.0
1658411014.9124672,520.0
1658411014.9314992,519.0
1658411014.9500754,521.0
1658411014.9688163,513.0
1658411014.9888256,525.0
1658411015.0076396,513.0
1658411015.0273912,514.0
1658411015.0467675,516.0
1658411015.0658896,509.0
1658411015.0850062,514.0
1658411015.1048098,513.0
1658411015.1237302,512.0
1658411015.1427639,509.0
1658411015.1613393,505.0
1658411015.181865,512.0
1658411015.20052,514.0
1658411015.2195175,508.0
1658411015.2387505,509.0
1658411015.258018,511.0
1658411015.2774127,506.0
1658411015.297478,513.0
1658411015.3166633,510.0
1658411015.3359382,511.0
1658411015.3550212,512.0
1658411015.3744674,507.0
1658411015.3941221,506.0
1658411015.4130166,512.0
1658411015.4312499,511.0
1658411015.4502666,507.0
1658411015.4696264,502.0
1658411015.4887755,512.0
1658411015.5090883,512.0
1658411015.5293784,509.0
1658411015.5472505,507.0
1658411015.565791,511.0
1658411015.5861695,506.0
1658411015.6054642,506.0
1658411015.624136,513.0
1658411015.6437032,506.0
1658411015.662883,507.0
1658411015.6822858,508.0
1658411015.7008612,509.0
1658411015.7207372,507.0
1658411015.7394745,507.0
1658411015.7595441,508.0
1658411015.7789557,504.0
1658411015.7985675,508.0
1658411015.8160853,504.0
1658411015.836398,502.0
1658411015.8549972,506.0
1658411015.8737242,512.0
1658411015.8940141,503.0
1658411015.913447,513.0
1658411015.9323516,509.0
1658411015.9513745,508.0
1658411015.9705508,509.0
1658411015.9892876,505.0
1658411016.00961,506.0
1658411016.0283403,507.0
1658411016.0485156,506.0
1658411016.0673635,513.0
1658411016.086108,505.0
1658411016.105072,508.0
1658411016.1239815,509.0
1658411016.1443398,506.0
1658411016.1642337,502.0
1658411016.181861,510.0
1658411016.2014804,504.0
1658411016.2206697,503.0
1658411016.2397199,508.0
1658411016.258777,502.0
1658411016.2794194,497.0
1658411016.2983859,508.0
1658411016.317694,508.0
1658411016.3360598,506.0
1658411016.3560047,505.0
1658411016.3744218,507.0
1658411016.3942282,500.0
1658411016.4142962,509.0
1658411016.4329069,507.0
1658411016.4514792,505.0
1658411016.471375,508.0
1658411016.49102,505.0
1658411016.5094724,499.0
1658411016.5293484,501.0
1658411016.5501006,506.0
1658411016.567108,504.0
1658411016.5863404,507.0
1658411016.6063573,511.0
1658411016.6256647,501.0
1658411016.6451275,504.0
1658411016.6642303,504.0
1658411016.68311,508.0
1658411016.702327,504.0
1658411016.721026,505.0
1658411016.7403538,509.0
1658411016.7605577,505.0
1658411016.7801077,503.0
1658411016.7993023,506.0
1658411016.8174152,507.0
1658411016.8374045,509.0
1658411016.8560967,509.0
1658411016.8760662,502.0
1658411016.894999,510.0
1658411016.9142094,511.0
1658411016.9333894,507.0
1658411016.9522932,503.0
1658411016.9712415,510.0
1658411016.9913516,507.0
1658411017.009665,509.0
1658411017.029579,507.0
1658411017.0493379,513.0
1658411017.0687134,507.0
1658411017.0877821,502.0
1658411017.1072526,508.0
1658411017.126107,514.0
1658411017.145502,505.0
1658411017.1641505,503.0
1658411017.1840353,504.0
1658411017.2024922,505.0
1658411017.2213895,504.0
1658411017.2415864,501.0
1658411017.2602725,506.0
1658411017.28108,504.0
1658411017.2997072,506.0
1658411017.3185303,499.0
1658411017.337336,506.0
1658411017.3562317,507.0
1658411017.3765,509.0
1658411017.3952286,511.0
1658411017.414638,506.0
1658411017.4335713,505.0
1658411017.4524987,507.0
1658411017.4723995,510.0
1658411017.4912388,504.0
1658411017.5111783,503.0
1658411017.530467,506.0
1658411017.5492961,506.0
1658411017.5680356,508.0
1658411017.5877597,501.0
1658411017.6075745,507.0
1658411017.6261203,503.0
1658411017.6462667,504.0
1658411017.664899,504.0
1658411017.6845002,506.0
1658411017.704015,508.0
1658411017.722208,505.0
1658411017.741843,515.0
1658411017.7613873,503.0
1658411017.7811763,500.0
1658411017.799292,506.0
1658411017.819098,505.0
1658411017.8375802,508.0
1658411017.8570056,507.0
1658411017.8763447,503.0
1658411017.8971097,509.0
1658411017.9150252,508.0
1658411017.9343064,499.0
1658411017.953632,511.0
1658411017.9724905,513.0
1658411017.9929187,513.0
1658411018.0125744,504.0
1658411018.0315795,508.0
1658411018.0505943,506.0
1658411018.0691998,507.0
1658411018.0879862,508.0
1658411018.1081915,506.0
1658411018.1265461,506.0
1658411018.1466384,508.0
1658411018.1659746,503.0
1658411018.1841094,510.0
1658411018.203632,501.0
1658411018.2230906,503.0
1658411018.2428613,509.0
1658411018.2633839,506.0
1658411018.2805896,509.0
1658411018.3003945,501.0
1658411018.3192742,511.0
1658411018.3381906,511.0
1658411018.3587081,511.0
1658411018.3780553,505.0
1658411018.3961577,507.0
1658411018.4154375,511.0
1658411018.4348865,511.0
1658411018.4540806,511.0
1658411018.4732387,508.0
1658411018.492238,512.0
1658411018.5124414,506.0
1658411018.5317435,508.0
1658411018.551134,511.0
1658411018.5704765,507.0
1658411018.5897272,514.0
1658411018.6082914,513.0
1658411018.6272416,507.0
1658411018.6481316,513.0
1658411018.666369,507.0
1658411018.6859074,516.0
1658411018.7042897,507.0
1658411018.72381,513.0
1658411018.7428422,503.0
1658411018.7631657,504.0
1658411018.7820518,518.0
1658411018.8006444,512.0
1658411018.8206642,494.0
1658411018.839763,506.0
1658411018.858194,508.0
1658411018.8783972,502.0
1658411018.8974373,497.0
1658411018.9160569,506.0
1658411018.9361687,506.0
1658411018.9548318,509.0
1658411018.9748359,502.0
1658411018.993641,496.0
1658411019.012326,500.0
1658411019.032674,506.0
1658411019.0515778,505.0
1658411019.070167,498.0
1658411019.090413,490.0
1658411019.1097076,496.0
1658411019.1291165,496.0
1658411019.1476743,490.0
1658411019.166954,492.0
1658411019.18636,486.0
1658411019.205519,487.0
1658411019.225259,482.0
1658411019.2442594,480.0
1658411019.2635875,475.0
1658411019.2824614,468.0
1658411019.3024538,476.0
1658411019.3208804,481.0
1658411019.339657,476.0
1658411019.3589933,477.0
1658411019.3795376,479.0
1658411019.398225,479.0
1658411019.4184256,479.0
1658411019.4361901,463.0
1658411019.4565089,470.0
1658411019.4750173,470.0
1658411019.494644,476.0
1658411019.5147111,475.0
1658411019.5330544,474.0
1658411019.5524771,466.0
1658411019.5726576,466.0
1658411019.5908942,460.0
1658411019.6104,462.0
1658411019.6289582,464.0
1658411019.6482878,469.0
1658411019.6670425,473.0
1658411019.6868331,468.0
1658411019.7055142,465.0
1658411019.7259028,468.0
1658411019.7442634,466.0
1658411019.763947,457.0
1658411019.7834918,461.0
1658411019.8024688,470.0
1658411019.8220701,465.0
1658411019.8417673,473.0
1658411019.8609436,471.0
1658411019.8793588,462.0
1658411019.8990796,472.0
1658411019.917341,467.0
1658411019.937365,476.0
1658411019.9573677,469.0
1658411019.9763365,478.0
1658411019.9948418,483.0
1658411020.0138278,477.0
1658411020.0331848,483.0
1658411020.052767,473.0
1658411020.0723643,489.0
1658411020.0908093,508.0
1658411020.1104143,491.0
1658411020.1306493,496.0
1658411020.1485472,505.0
1658411020.1689982,498.0
1658411020.1879568,505.0
1658411020.2070363,499.0
1658411020.2259085,501.0
1658411020.2446575,506.0
1658411020.2653182,508.0
1658411020.283607,511.0
1658411020.3027134,513.0
1658411020.323133,505.0
1658411020.3419328,499.0
1658411020.3604717,510.0
1658411020.380396,506.0
1658411020.3993087,506.0
1658411020.4182556,510.0
1658411020.438332,509.0
1658411020.4569597,499.0
1658411020.4768403,512.0
1658411020.495441,504.0
1658411020.5147913,502.0
1658411020.53482,507.0
1658411020.5530357,505.0
1658411020.5727198,505.0
1658411020.5923011,512.0
1658411020.6116827,505.0
1658411020.63166,504.0
1658411020.6504614,505.0
1658411020.6683571,502.0
1658411020.6888034,503.0
1658411020.707793,499.0
1658411020.7270417,507.0
1658411020.7463727,508.0
1658411020.765255,511.0
1658411020.7851918,504.0
1658411020.8041215,504.0
1658411020.8227735,502.0
1658411020.842733,508.0
1658411020.8614116,504.0
1658411020.881589,504.0
1658411020.9001477,506.0
1658411020.9192352,503.0
1658411020.9382198,500.0
1658411020.9580593,505.0
1658411020.9771507,506.0
1658411020.9974375,505.0
1658411021.016121,508.0
1658411021.0347006,507.0
1658411021.0544653,503.0
1658411021.0729203,505.0
1658411021.0929825,503.0
1658411021.1118226,507.0
1658411021.1320043,499.0
1658411021.1509364,507.0
1658411021.1692734,511.0
1658411021.1886616,513.0
1658411021.2098763,506.0
1658411021.2274005,507.0
1658411021.247559,502.0
1658411021.265547,506.0
1658411021.285537,505.0
1658411021.3042169,503.0
1658411021.324094,506.0
1658411021.3425968,505.0
1658411021.363143,513.0
1658411021.381358,503.0
1658411021.4008775,510.0
1658411021.4204986,508.0
1658411021.4388103,498.0
1658411021.4581523,505.0
1658411021.4780838,511.0
1658411021.4970362,505.0
1658411021.5158587,509.0
1658411021.534989,504.0
1658411021.5545924,512.0
1658411021.5742745,507.0
1658411021.593237,502.0
1658411021.612724,510.0
1658411021.6319234,507.0
1658411021.6505446,502.0
1658411021.6703594,511.0
1658411021.6900861,508.0
1658411021.7084937,505.0
1658411021.7279806,503.0
1658411021.7473524,504.0
1658411021.7666826,507.0
1658411021.7860286,507.0
1658411021.8044212,507.0
1658411021.8246794,507.0
1658411021.8434172,509.0
1658411021.8636932,501.0
1658411021.8831134,509.0
1658411021.9022372,506.0
1658411021.9209306,509.0
1658411021.939973,501.0
1658411021.959268,510.0
1658411021.978947,511.0
1658411021.9986603,514.0
1658411022.0167072,510.0
1658411022.0367541,509.0
1658411022.0557094,506.0
1658411022.074417,510.0
1658411022.0933769,508.0
1658411022.1137018,508.0
1658411022.1327727,522.0
1658411022.1521533,517.0
1658411022.1707482,518.0
1658411022.189956,525.0
1658411022.2115116,516.0
1658411022.2283432,517.0
1658411022.2476518,524.0
1658411022.267395,518.0
1658411022.2864065,527.0
1658411022.3051302,537.0
1658411022.32441,526.0
1658411022.3437338,526.0
1658411022.3638773,532.0
1658411022.3829336,530.0
1658411022.4022105,536.0
1658411022.4215214,535.0
1658411022.44129,537.0
1658411022.4591522,544.0
1658411022.4801292,538.0
1658411022.4981587,541.0
1658411022.5169866,542.0
1658411022.537111,547.0
1658411022.5556846,537.0
1658411022.5757842,546.0
1658411022.594659,554.0
1658411022.613683,543.0
1658411022.632568,546.0
1658411022.6525798,544.0
1658411022.6710656,543.0
1658411022.6916485,545.0
1658411022.7104776,538.0
1658411022.7293692,540.0
1658411022.7481604,531.0
1658411022.768724,535.0
1658411022.7870166,536.0
1658411022.8072343,535.0
1658411022.825869,533.0
1658411022.8447664,531.0
1658411022.8638105,527.0
1658411022.8836286,517.0
1658411022.9024928,516.0
1658411022.9229262,508.0
1658411022.9418871,517.0
1658411022.960783,513.0
1658411022.9796407,502.0
1658411022.9988327,507.0
1658411023.0187697,510.0
1658411023.0371122,509.0
1658411023.056554,510.0
1658411023.0760653,509.0
1658411023.0958416,507.0
1658411023.1141944,508.0
1658411023.1336284,504.0
1658411023.1535645,505.0
1658411023.1724858,504.0
1658411023.1925354,507.0
1658411023.211135,506.0
1658411023.230134,508.0
1658411023.2489827,512.0
1658411023.2681816,503.0
1658411023.2889073,509.0
1658411023.30675,506.0
1658411023.3257966,504.0
1658411023.3455243,504.0
1658411023.364741,507.0
1658411023.384193,508.0
1658411023.4033868,503.0
1658411023.4236002,507.0
1658411023.4423413,506.0
1658411023.4610531,502.0
1658411023.481038,506.0
1658411023.4994173,504.0
1658411023.5190766,501.0
1658411023.5388608,503.0
1658411023.5569775,511.0
1658411023.5762517,504.0
1658411023.5956845,503.0
1658411023.6151288,501.0
1658411023.6343884,503.0
1658411023.6539488,504.0
1658411023.6736097,506.0
1658411023.6925638,506.0
1658411023.711081,509.0
1658411023.7303886,499.0
1658411023.7492046,504.0
1658411023.769672,503.0
1658411023.7886894,509.0
1658411023.8074353,501.0
1658411023.8274755,498.0
1658411023.846463,507.0
1658411023.865601,505.0
1658411023.8843427,506.0
1658411023.903333,504.0
1658411023.9226694,504.0
1658411023.9429178,501.0
1658411023.96241,507.0
1658411023.9815168,507.0
1658411023.9996414,504.0
1658411024.0190654,515.0
1658411024.0384102,505.0
1658411024.058392,512.0
1658411024.0771303,501.0
1658411024.0962598,508.0
1658411024.1152055,510.0
1658411024.1349814,512.0
1658411024.1539128,507.0
1658411024.1730428,506.0
1658411024.1922905,506.0
1658411024.2129424,507.0
1658411024.2314882,507.0
1658411024.2503161,502.0
1658411024.2699296,507.0
1658411024.2888615,504.0
1658411024.3081386,505.0
1658411024.3271432,498.0
1658411024.3463101,509.0
1658411024.365736,504.0
1658411024.3848891,504.0
1658411024.4040294,504.0
1658411024.4230912,502.0
1658411024.4424536,503.0
1658411024.4621089,503.0
1658411024.4809518,506.0
1658411024.5009754,505.0
1658411024.5198755,509.0
1658411024.5396821,505.0
1658411024.5588303,503.0
1658411024.5782828,508.0
1658411024.5975986,508.0
1658411024.6165106,501.0
1658411024.6360772,507.0
1658411024.655133,505.0
1658411024.6736631,506.0
1658411024.6937113,504.0
1658411024.7125306,499.0
1658411024.732563,504.0
1658411024.751275,501.0
1658411024.7704432,503.0
1658411024.7895455,509.0
1658411024.8084533,510.0
1658411024.827659,510.0
1658411024.847393,508.0
1658411024.866251,508.0
1658411024.8860805,504.0
1658411024.904983,506.0
1658411024.9247084,504.0
1658411024.9433842,503.0
1658411024.9629018,509.0
1658411024.9821565,496.0
1658411025.0022786,500.0
1658411025.0210416,503.0
1658411025.039156,504.0
1658411025.0589552,499.0
1658411025.077575,501.0
1658411025.097531,505.0
1658411025.1174984,501.0
1658411025.1359506,503.0
1658411025.1557915,507.0
1658411025.1744645,506.0
1658411025.1941497,502.0
1658411025.2126398,497.0
1658411025.2333033,507.0
1658411025.2528183,506.0
1658411025.270476,499.0
1658411025.2897062,502.0
1658411025.308983,501.0
1658411025.3294206,493.0
1658411025.3473833,499.0
1658411025.3675826,501.0
1658411025.3862925,500.0
1658411025.4052033,497.0
1658411025.425234,502.0
1658411025.4434578,502.0
1658411025.4631732,496.0
1658411025.4825377,494.0
1658411025.5020938,500.0
1658411025.521208,501.0
1658411025.539749,496.0
1658411025.559634,499.0
1658411025.579167,500.0
1658411025.5981107,498.0
1658411025.6166177,501.0
1658411025.6366715,497.0
1658411025.6559212,502.0
1658411025.6752563,501.0
1658411025.6940074,500.0
1658411025.71379,497.0
1658411025.7334533,499.0
1658411025.7521021,502.0
1658411025.7708948,498.0
1658411025.7899063,501.0
1658411025.8091402,494.0
1658411025.8285086,499.0
1658411025.8478963,498.0
1658411025.8671784,501.0
1658411025.8865788,500.0
1658411025.9058037,502.0
1658411025.924985,502.0
1658411025.9446793,495.0
1658411025.9639814,501.0
1658411025.9821832,496.0
1658411026.0015833,499.0
1658411026.0207558,497.0
1658411026.0399878,500.0
1658411026.059415,495.0
1658411026.0786653,495.0
1658411026.0980785,500.0
1658411026.1171913,497.0
1658411026.1362028,495.0
1658411026.1556854,497.0
1658411026.1750374,496.0
1658411026.1948345,503.0
1658411026.2149308,500.0
1658411026.2327487,497.0
1658411026.2525687,495.0
1658411026.2710893,493.0
1658411026.2906613,492.0
1658411026.3094018,498.0
1658411026.3302588,494.0
1658411026.3501012,498.0
1658411026.3689625,490.0
1658411026.3875258,494.0
1658411026.4056134,497.0
1658411026.4255705,499.0
1658411026.4444327,500.0
1658411026.463871,498.0
1658411026.4829373,501.0
1658411026.5033295,501.0
1658411026.5222185,503.0
1658411026.5410833,503.0
1658411026.5598207,495.0
1658411026.579338,496.0
1658411026.598704,496.0
1658411026.6180158,501.0
1658411026.6372025,492.0
1658411026.656579,498.0
1658411026.6763666,494.0
1658411026.6948,497.0
1658411026.7146933,494.0
1658411026.7331707,495.0
1658411026.752966,493.0
1658411026.7727647,491.0
1658411026.7912314,495.0
1658411026.8109105,493.0
1658411026.8293967,491.0
1658411026.8494196,495.0
1658411026.8678505,495.0
1658411026.8875647,493.0
1658411026.9073157,492.0
1658411026.9257083,494.0
1658411026.9456503,497.0
1658411026.964134,491.0
1658411026.9835455,498.0
1658411027.0029657,486.0
1658411027.0222077,499.0
1658411027.0416718,484.0
1658411027.0616527,494.0
1658411027.0809267,495.0
1658411027.0997448,491.0
1658411027.1185408,492.0
1658411027.137562,498.0
1658411027.1578197,488.0
1658411027.1765316,490.0
1658411027.1956012,495.0
1658411027.2145987,487.0
1658411027.2338266,487.0
1658411027.252836,483.0
1658411027.2730315,487.0
1658411027.2918193,480.0
1658411027.3110604,487.0
1658411027.330222,489.0
1658411027.3492537,483.0
1658411027.3683782,487.0
1658411027.3884075,487.0
1658411027.4072778,486.0
1658411027.4261358,490.0
1658411027.4465816,489.0
1658411027.4655051,492.0
1658411027.4844043,488.0
1658411027.503638,490.0
1658411027.5225844,494.0
1658411027.5427928,488.0
1658411027.5619812,496.0
1658411027.5811653,491.0
1658411027.6000085,494.0
1658411027.618922,495.0
1658411027.639072,492.0
1658411027.6582248,490.0
1658411027.677036,497.0
1658411027.6958013,495.0
1658411027.7150877,496.0
1658411027.73403,492.0
1658411027.7540886,493.0
1658411027.773804,498.0
1658411027.7935278,500.0
1658411027.8133497,502.0
1658411027.8306324,497.0
1658411027.8500667,502.0
1658411027.8691182,498.0
1658411027.8884876,504.0
1658411027.907888,501.0
1658411027.9268982,497.0
1658411027.94613,497.0
1658411027.9686894,498.0
1658411027.985609,497.0
1658411028.004084,503.0
1658411028.0240507,497.0
1658411028.042248,504.0
1658411028.0614038,501.0
1658411028.0808816,500.0
1658411028.1005886,500.0
1658411028.1191282,504.0
1658411028.1392004,501.0
1658411028.1587245,500.0
1658411028.178695,502.0
1658411028.1976607,501.0
1658411028.2165537,503.0
1658411028.2346182,504.0
1658411028.2545831,499.0
1658411028.2738836,498.0
1658411028.2929351,503.0
1658411028.3136294,502.0
1658411028.331784,501.0
1658411028.351135,501.0
1658411028.370374,500.0
1658411028.389377,506.0
1658411028.4087913,507.0
1658411028.4283414,503.0
1658411028.4477906,499.0
1658411028.465365,504.0
1658411028.4847174,502.0
1658411028.5043297,506.0
1658411028.5241392,498.0
1658411028.5436575,499.0
1658411028.5618734,506.0
1658411028.5825152,502.0
1658411028.6008942,500.0
1658411028.619471,504.0
1658411028.639209,500.0
1658411028.6589448,501.0
1658411028.6773267,499.0
1658411028.6978667,506.0
1658411028.7162476,501.0
1658411028.736008,507.0
1658411028.7543619,501.0
1658411028.7739897,502.0
1658411028.7926507,510.0
1658411028.812015,505.0
1658411028.83149,504.0
1658411028.8509314,506.0
1658411028.869771,501.0
1658411028.8889706,499.0
1658411028.9087043,508.0
1658411028.9286356,504.0
1658411028.9473412,509.0
1658411028.96725,500.0
1658411028.9862401,508.0
1658411029.0047824,508.0
1658411029.0246224,501.0
1658411029.0430942,508.0
1658411029.0630069,512.0
1658411029.0834017,511.0
1658411029.1010478,504.0
1658411029.1208563,508.0
1658411029.1393569,505.0
1658411029.1590486,504.0
1658411029.1787095,504.0
1658411029.197221,509.0
1658411029.2167509,504.0
1658411029.2364979,502.0
1658411029.2550335,507.0
1658411029.2747018,504.0
1658411029.294361,507.0
1658411029.31262,510.0
1658411029.332645,504.0
1658411029.3514395,505.0
1658411029.370974,505.0
1658411029.390039,503.0
1658411029.409447,507.0
1658411029.4280682,511.0
1658411029.4489112,509.0
1658411029.46656,502.0
1658411029.4857428,503.0
1658411029.5054142,511.0
1658411029.5249696,501.0
1658411029.5436141,509.0
1658411029.5646448,506.0
1658411029.5832121,504.0
1658411029.6021607,503.0
1658411029.6210883,510.0
1658411029.6404145,506.0
1658411029.6593275,504.0
1658411029.6793618,507.0
1658411029.6981654,504.0
1658411029.7176049,510.0
1658411029.737347,506.0
1658411029.7553718,510.0
1658411029.7755358,509.0
1658411029.7945976,509.0
1658411029.8139293,503.0
1658411029.8325632,508.0
1658411029.852673,509.0
1658411029.8714814,507.0
1658411029.8902402,506.0
1658411029.9094162,506.0
1658411029.9300814,513.0
1658411029.948529,503.0
1658411029.967513,509.0
1658411029.9872255,504.0
1658411030.0067027,510.0
1658411030.0254614,502.0
1658411030.0446222,510.0
1658411030.065021,509.0
1658411030.0831668,508.0
1658411030.1028113,511.0
1658411030.1223006,511.0
1658411030.1414325,505.0
1658411030.1597726,509.0
1658411030.1805813,511.0
1658411030.1988935,510.0
1658411030.2186313,506.0
1658411030.2371387,513.0
1658411030.257487,511.0
1658411030.2754521,513.0
1658411030.294852,504.0
1658411030.314866,515.0
1658411030.3338346,504.0
1658411030.3525999,505.0
1658411030.372951,506.0
1658411030.3909276,512.0
1658411030.4110246,509.0
1658411030.429726,507.0
1658411030.448738,511.0
1658411030.4682846,510.0
1658411030.4881737,509.0
1658411030.5073805,509.0
1658411030.5266929,508.0
1658411030.5459573,513.0
1658411030.565528,511.0
1658411030.5843356,511.0
1658411030.603771,510.0
1658411030.6221893,507.0
1658411030.6414852,505.0
1658411030.6612651,508.0
1658411030.6800003,505.0
1658411030.6988504,513.0
1658411030.7190988,508.0
1658411030.7378492,512.0
1658411030.7578225,506.0
1658411030.776843,512.0
1658411030.795294,509.0
1658411030.8153858,508.0
1658411030.8338711,506.0
1658411030.854014,512.0
1658411030.8730967,504.0
1658411030.8919294,507.0
1658411030.9113483,509.0
1658411030.9310963,507.0
1658411030.9495866,501.0
1658411030.968655,507.0
1658411030.988307,505.0
1658411031.0072205,508.0
1658411031.0269578,500.0
1658411031.0470452,501.0
1658411031.0654414,501.0
1658411031.084223,507.0
1658411031.1031759,506.0
1658411031.1241665,502.0
1658411031.1431842,502.0
1658411031.1621268,502.0
1658411031.1806476,505.0
1658411031.2004416,501.0
1658411031.219571,500.0
1658411031.2379045,505.0
1658411031.2585585,503.0
1658411031.2779648,504.0
1658411031.2960918,498.0
1658411031.3159728,505.0
1658411031.3354526,500.0
1658411031.3538148,505.0
1658411031.3735213,499.0
1658411031.3927693,500.0
1658411031.4113975,505.0
1658411031.4321356,501.0
1658411031.4500172,500.0
1658411031.4694574,505.0
1658411031.4898624,498.0
1658411031.5075192,502.0
1658411031.527466,504.0
1658411031.5464437,501.0
1658411031.5651627,506.0
1658411031.584746,502.0
1658411031.6044796,505.0
1658411031.623977,503.0
1658411031.6423788,497.0
1658411031.6625562,504.0
1658411031.6825318,502.0
1658411031.7006052,504.0
1658411031.7197564,502.0
1658411031.7391293,500.0
1658411031.7584999,502.0
1658411031.7779737,503.0
1658411031.797231,501.0
1658411031.8163269,498.0
1658411031.8355114,500.0
1658411031.8547494,499.0
1658411031.8742359,500.0
1658411031.8936357,499.0
1658411031.9129927,495.0
1658411031.9323318,493.0
1658411031.950125,501.0
1658411031.9699914,501.0
1658411031.9886074,494.0
1658411032.0084448,498.0
1658411032.028192,493.0
1658411032.0480227,502.0
1658411032.0664315,499.0
1658411032.0859864,498.0
1658411032.1044757,493.0
1658411032.124039,502.0
1658411032.1436336,500.0
1658411032.1635237,499.0
1658411032.1822703,494.0
1658411032.2008054,503.0
1658411032.2208002,501.0
1658411032.239576,501.0
1658411032.2592785,499.0
1658411032.278068,494.0
1658411032.2982268,497.0
1658411032.3165343,495.0
1658411032.3361185,498.0
1658411032.3545663,498.0
1658411032.3744838,499.0
1658411032.3931408,496.0
1658411032.4130962,497.0
1658411032.4329624,501.0
1658411032.45119,503.0
1658411032.4713206,497.0
1658411032.49,495.0
1658411032.509029,499.0
1658411032.5279632,502.0
1658411032.5483136,497.0
1658411032.5662363,498.0
1658411032.5867276,499.0
1658411032.6054077,502.0
1658411032.6242023,495.0
1658411032.6443617,498.0
1658411032.663549,497.0
1658411032.6826928,500.0
1658411032.7010608,501.0
1658411032.7202713,498.0
1658411032.7398157,498.0
1658411032.7597523,494.0
1658411032.778571,497.0
1658411032.798255,497.0
1658411032.817544,497.0
1658411032.837082,497.0
1658411032.8553748,494.0
1658411032.874815,498.0
1658411032.8944306,491.0
1658411032.9137807,491.0
1658411032.932833,493.0
1658411032.9516668,495.0
1658411032.9709046,489.0
1658411032.9901943,497.0
1658411033.0093253,497.0
1658411033.028491,495.0
1658411033.0483518,495.0
1658411033.067332,497.0
1658411033.0873032,495.0
1658411033.1061807,493.0
1658411033.124911,491.0
1658411033.144807,496.0
1658411033.163109,492.0
1658411033.1829712,492.0
1658411033.2028146,496.0
1658411033.220991,495.0
1658411033.239998,495.0
1658411033.2602527,498.0
1658411033.280304,491.0
1658411033.2984364,497.0
1658411033.3174188,493.0
1658411033.3361943,491.0
1658411033.3561451,497.0
1658411033.374854,493.0
1658411033.3951757,495.0
1658411033.4139655,494.0
1658411033.4329922,500.0
1658411033.452812,494.0
1658411033.4725904,496.0
1658411033.4904864,492.0
1658411033.509908,488.0
1658411033.5300548,497.0
1658411033.548681,494.0
1658411033.5671587,494.0
1658411033.5865195,491.0
1658411033.607245,490.0
1658411033.6262045,488.0
1658411033.6447992,492.0
1658411033.6646183,492.0
1658411033.6835942,491.0
1658411033.7028496,494.0
1658411033.7212293,490.0
1658411033.7413483,493.0
1658411033.7603822,490.0
1658411033.77986,491.0
1658411033.7991126,487.0
1658411033.8185902,493.0
1658411033.836599,495.0
1658411033.8559787,495.0
1658411033.8767617,492.0
1658411033.8962193,485.0
1658411033.9142497,490.0
1658411033.9342067,488.0
1658411033.9527617,487.0
1658411033.9727037,490.0
1658411033.9907787,489.0
1658411034.0101995,491.0
1658411034.0295339,488.0
1658411034.0491366,487.0
1658411034.0685253,491.0
1658411034.087318,488.0
1658411034.1070712,480.0
1658411034.1256037,486.0
1658411034.1452556,484.0
1658411034.1652873,484.0
1658411034.1837754,493.0
1658411034.202696,491.0
1658411034.2224514,486.0
1658411034.2410486,492.0
1658411034.2607634,487.0
1658411034.2807932,487.0
1658411034.2993646,494.0
1658411034.3180916,488.0
1658411034.3379483,489.0
1658411034.3577743,494.0
1658411034.3762808,493.0
1658411034.3962066,493.0
1658411034.414966,491.0
1658411034.4335752,493.0
1658411034.4535813,496.0
1658411034.4720864,493.0
1658411034.4919667,493.0
1658411034.5117323,501.0
1658411034.5303092,497.0
1658411034.550203,492.0
1658411034.5688632,498.0
1658411034.587498,501.0
1658411034.608087,497.0
1658411034.6271744,498.0
1658411034.6463733,497.0
1658411034.6655152,495.0
1658411034.6845174,497.0
1658411034.704277,499.0
1658411034.7222013,501.0
1658411034.742776,497.0
1658411034.761421,500.0
1658411034.7811239,500.0
1658411034.8003097,499.0
1658411034.8195512,499.0
1658411034.8385468,495.0
1658411034.8577101,498.0
1658411034.876795,499.0
1658411034.8964038,499.0
1658411034.9156764,492.0
1658411034.9349318,503.0
1658411034.954193,500.0
1658411034.9732015,502.0
1658411034.9923823,501.0
1658411035.0128655,503.0
1658411035.0315907,504.0
1658411035.0502858,500.0
1658411035.0688577,504.0
1658411035.0881312,502.0
1658411035.1075609,501.0
1658411035.1268935,498.0
1658411035.1472085,506.0
1658411035.165704,501.0
1658411035.1841712,503.0
1658411035.2043254,505.0
1658411035.2229128,502.0
1658411035.242156,505.0
1658411035.2628925,503.0
1658411035.281121,511.0
1658411035.299729,508.0
1658411035.3192978,510.0
1658411035.3390956,507.0
1658411035.358002,506.0
1658411035.3778725,507.0
1658411035.3972528,507.0
1658411035.416341,512.0
1658411035.435461,501.0
1658411035.4537497,510.0
1658411035.473858,508.0
1658411035.492706,502.0
1658411035.5146272,505.0
1658411035.5322008,508.0
1658411035.5513873,507.0
1658411035.5703232,504.0
1658411035.588843,510.0
1658411035.6089132,510.0
1658411035.6278934,504.0
1658411035.64693,504.0
1658411035.6661203,509.0
1658411035.686025,506.0
1658411035.704577,507.0
1658411035.7239056,505.0
1658411035.7435164,512.0
1658411035.7623224,505.0
1658411035.7812383,508.0
1658411035.8004618,497.0
1658411035.8211036,503.0
1658411035.840053,509.0
1658411035.859325,508.0
1658411035.8783965,510.0
1658411035.8979344,505.0
1658411035.9170723,506.0
1658411035.9350953,507.0
1658411035.9543579,506.0
1658411035.9747388,511.0
1658411035.993051,507.0
1658411036.0129466,506.0
1658411036.0321326,510.0
1658411036.0517545,502.0
1658411036.070179,507.0
1658411036.0899694,505.0
1658411036.1086242,498.0
1658411036.1289132,502.0
1658411036.147535,500.0
1658411036.167355,503.0
1658411036.1855524,509.0
1658411036.205192,511.0
1658411036.2240958,507.0
1658411036.2438927,506.0
1658411036.2632113,509.0
1658411036.2828298,508.0
1658411036.3015356,510.0
1658411036.3215382,504.0
1658411036.3400068,503.0
1658411036.358739,504.0
1658411036.378832,501.0
1658411036.3980858,503.0
1658411036.4177182,505.0
1658411036.4363768,504.0
1658411036.4563873,502.0
1658411036.474826,505.0
1658411036.4933345,509.0
1658411036.5129356,509.0
1658411036.5327787,506.0
1658411036.552468,501.0
1658411036.5706182,510.0
1658411036.5910861,510.0
1658411036.6102629,512.0
1658411036.6293893,506.0
1658411036.648955,505.0
1658411036.6670978,506.0
1658411036.686387,504.0
1658411036.7059188,508.0
1658411036.7247953,507.0
1658411036.74502,511.0
1658411036.7640278,511.0
1658411036.783277,508.0
1658411036.8020537,512.0
1658411036.8209348,521.0
1658411036.8428977,510.0
1658411036.8596213,518.0
1658411036.880533,517.0
1658411036.899101,520.0
1658411036.9179034,515.0
1658411036.936764,516.0
1658411036.9566853,519.0
1658411036.9756908,525.0
1658411036.9948447,522.0
1658411037.0142932,518.0
1658411037.0336258,523.0
1658411037.0526361,525.0
1658411037.0716686,528.0
1658411037.0909479,528.0
1658411037.1104093,529.0
1658411037.1304128,523.0
1658411037.148736,530.0
1658411037.1683774,533.0
1658411037.187871,534.0
1658411037.206023,537.0
1658411037.2255611,533.0
1658411037.244799,532.0
1658411037.265229,533.0
1658411037.283814,534.0
1658411037.3023596,523.0
1658411037.3227,532.0
1658411037.3411326,527.0
1658411037.361092,544.0
1658411037.3801997,542.0
1658411037.3990765,540.0
1658411037.4179118,537.0
1658411037.438477,546.0
1658411037.4571996,555.0
1658411037.4757605,542.0
1658411037.495873,546.0
1658411037.5149636,542.0
1658411037.5339353,550.0
1658411037.553938,547.0
1658411037.5728514,545.0
1658411037.591431,553.0
1658411037.6113229,562.0
1658411037.631028,554.0
1658411037.6490428,559.0
1658411037.6682904,555.0
1658411037.6880107,557.0
1658411037.7068703,556.0
1658411037.7270002,571.0
1658411037.7454143,566.0
1658411037.7658186,572.0
1658411037.783788,573.0
1658411037.8035452,559.0
1658411037.8221884,556.0
1658411037.842672,562.0
1658411037.8618393,566.0
1658411037.8811436,569.0
1658411037.899318,565.0
1658411037.9191198,566.0
1658411037.9387338,564.0
1658411037.958163,563.0
1658411037.9771016,556.0
1658411037.9964015,566.0
1658411038.0159297,555.0
1658411038.0348027,559.0
1658411038.0534227,557.0
1658411038.0733876,554.0
1658411038.0931573,555.0
1658411038.1115007,555.0
1658411038.1330276,550.0
1658411038.1498191,547.0
1658411038.1695716,550.0
1658411038.188714,533.0
1658411038.2074692,551.0
1658411038.2277353,541.0
1658411038.246676,544.0
1658411038.2666411,541.0
1658411038.2847438,537.0
1658411038.3043723,543.0
1658411038.323858,540.0
1658411038.343475,541.0
1658411038.362574,542.0
1658411038.3823726,542.0
1658411038.4002068,538.0
1658411038.4195652,523.0
1658411038.4390123,530.0
1658411038.4588156,529.0
1658411038.478167,531.0
1658411038.4983976,529.0
1658411038.5165124,528.0
1658411038.535444,525.0
1658411038.5551708,519.0
1658411038.5747232,523.0
1658411038.593125,529.0
1658411038.614254,522.0
1658411038.6322842,518.0
1658411038.6514118,526.0
1658411038.6699383,514.0
1658411038.6891272,515.0
1658411038.7084534,517.0
1658411038.7275453,522.0
1658411038.7478552,518.0
1658411038.7672355,514.0
1658411038.786407,516.0
1658411038.8051476,519.0
1658411038.8237677,516.0
1658411038.8429499,515.0
1658411038.8636,513.0
1658411038.8835049,508.0
1658411038.9022899,512.0
1658411038.920004,505.0
1658411038.9400358,511.0
1658411038.9589586,505.0
1658411038.9779084,518.0
1658411038.9975338,508.0
1658411039.017764,514.0
1658411039.0355196,508.0
1658411039.0550346,510.0
1658411039.0742183,515.0
1658411039.0942822,510.0
1658411039.113505,508.0
1658411039.1325285,501.0
1658411039.1522155,505.0
1658411039.170412,512.0
1658411039.189916,509.0
1658411039.2098389,506.0
1658411039.229345,508.0
1658411039.2478478,506.0
1658411039.2673275,507.0
1658411039.2870615,506.0
1658411039.3059351,505.0
1658411039.325434,509.0
1658411039.3440113,509.0
1658411039.3635728,508.0
1658411039.3826883,509.0
1658411039.4029627,504.0
1658411039.4214993,503.0
1658411039.440896,505.0
1658411039.4593997,513.0
1658411039.4789877,505.0
1658411039.49861,504.0
1658411039.5172973,502.0
1658411039.5362456,505.0
1658411039.5561044,497.0
1658411039.575375,508.0
1658411039.5953288,502.0
1658411039.6145215,504.0
1658411039.6326406,500.0
1658411039.6526766,495.0
1658411039.6710143,503.0
1658411039.6910715,502.0
1658411039.7095635,508.0
1658411039.728845,501.0
1658411039.7481587,505.0
1658411039.7682729,498.0
1658411039.7872875,498.0
1658411039.8063247,501.0
1658411039.8249526,506.0
1658411039.8448482,506.0
1658411039.8643687,503.0
1658411039.8831785,498.0
1658411039.9019604,501.0
1658411039.922384,496.0
1658411039.9416878,504.0
1658411039.9601119,504.0
1658411039.9793,507.0
1658411039.9986136,509.0
1658411040.017625,505.0
1658411040.0370045,496.0
1658411040.057012,503.0
1658411040.075833,501.0
1658411040.094513,500.0
1658411040.113971,505.0
1658411040.1340454,500.0
1658411040.1528106,500.0
1658411040.1714764,506.0
1658411040.191932,500.0
1658411040.210657,504.0
1658411040.2296977,497.0
1658411040.2493677,499.0
1658411040.268272,503.0
1658411040.2872703,500.0
1658411040.306606,498.0
1658411040.3270311,500.0
1658411040.3460655,506.0
1658411040.3648536,502.0
1658411040.384117,501.0
1658411040.402955,502.0
1658411040.4221234,502.0
1658411040.4418452,499.0
1658411040.4606824,500.0
1658411040.4802306,498.0
1658411040.4998055,501.0
1658411040.5183146,505.0
1658411040.5379348,506.0
1658411040.5577035,502.0
1658411040.5766206,495.0
1658411040.598111,501.0
1658411040.6160288,497.0
1658411040.634376,497.0
1658411040.6528077,499.0
1658411040.6731346,497.0
1658411040.6917207,498.0
1658411040.7111015,500.0
1658411040.7316778,499.0
1658411040.7501397,498.0
1658411040.769065,496.0
1658411040.7877688,497.0
1658411040.8065948,498.0
1658411040.8268678,491.0
1658411040.8465214,498.0
1658411040.8656924,497.0
1658411040.8844075,494.0
1658411040.903234,489.0
1658411040.9232068,492.0
1658411040.9423537,499.0
1658411040.9608626,496.0
1658411040.9819112,501.0
1658411040.9994588,495.0
1658411041.0191643,496.0
1658411041.0379412,499.0
1658411041.0575843,497.0
1658411041.0762467,496.0
1658411041.0963755,503.0
1658411041.115587,499.0
1658411041.134972,501.0
1658411041.153469,496.0
1658411041.1734998,497.0
1658411041.1920633,500.0
1658411041.211277,504.0
1658411041.2302747,498.0
1658411041.2495308,503.0
1658411041.2692823,493.0
1658411041.2886384,503.0
1658411041.3079426,498.0
1658411041.3265097,501.0
1658411041.3455973,505.0
1658411041.36491,502.0
1658411041.385066,504.0
1658411041.4040992,501.0
1658411041.422718,501.0
1658411041.4427855,508.0
1658411041.4623985,503.0
1658411041.4804056,503.0
1658411041.500245,499.0
1658411041.5200958,499.0
1658411041.5386555,503.0
1658411041.5586395,501.0
1658411041.5772562,501.0
1658411041.5970354,501.0
1658411041.6151826,497.0
1658411041.6348345,502.0
1658411041.6549704,496.0
1658411041.673234,494.0
1658411041.6927357,497.0
1658411041.7124712,500.0
1658411041.732348,499.0
1658411041.7507548,494.0
1658411041.7692268,499.0
1658411041.7887752,496.0
1658411041.8084466,493.0
1658411041.8279123,491.0
1658411041.847657,495.0
1658411041.8660007,488.0
1658411041.885431,492.0
1658411041.9039526,489.0
1658411041.9237394,485.0
1658411041.9435318,484.0
1658411041.9618847,487.0
1658411041.9816806,483.0
1658411042.0013757,485.0
1658411042.0195274,489.0
1658411042.0395217,487.0
1658411042.0585318,484.0
1658411042.078593,483.0
1658411042.0977497,483.0
1658411042.1166387,483.0
1658411042.1353228,485.0
1658411042.1545482,488.0
1658411042.174588,486.0
1658411042.1936054,490.0
1658411042.2124002,490.0
1658411042.2329028,492.0
1658411042.2524838,494.0
1658411042.2711957,498.0
1658411042.2900016,499.0
1658411042.308527,501.0
1658411042.3285172,500.0
1658411042.3477504,492.0
1658411042.3663058,502.0
1658411042.3867981,495.0
1658411042.4045656,501.0
1658411042.4249043,505.0
1658411042.4431157,504.0
1658411042.4630442,502.0
1658411042.482716,501.0
1658411042.5009458,508.0
1658411042.5215156,502.0
1658411042.5402663,500.0
1658411042.5589962,503.0
1658411042.5779116,504.0
1658411042.5975294,502.0
1658411042.6176329,507.0
1658411042.6357949,505.0
1658411042.6554904,503.0
1658411042.6749024,505.0
1658411042.6945484,505.0
1658411042.7140214,507.0
1658411042.7320995,507.0
1658411042.7512112,505.0
1658411042.7703094,509.0
1658411042.790875,508.0
1658411042.8098903,501.0
1658411042.8294644,502.0
1658411042.8493755,505.0
1658411042.8673263,506.0
1658411042.8871803,505.0
1658411042.9051874,511.0
1658411042.9247057,505.0
1658411042.9447684,506.0
1658411042.9637082,503.0
1658411042.9832885,506.0
1658411043.0023634,505.0
1658411043.0208712,508.0
1658411043.039998,504.0
1658411043.0596275,507.0
1658411043.0791159,504.0
1658411043.098403,508.0
1658411043.1173337,503.0
1658411043.1363406,508.0
1658411043.157138,510.0
1658411043.1765285,503.0
1658411043.1941495,502.0
1658411043.2143419,506.0
1658411043.2340925,502.0
1658411043.2521849,507.0
1658411043.2718751,507.0
1658411043.2911284,504.0
1658411043.3103287,506.0
1658411043.3294694,506.0
1658411043.3487158,500.0
1658411043.367173,508.0
1658411043.3864267,497.0
1658411043.4057128,511.0
1658411043.4251223,499.0
1658411043.4443443,497.0
1658411043.464308,505.0
1658411043.4837575,507.0
1658411043.5028493,508.0
1658411043.5221589,503.0
1658411043.5414774,501.0
1658411043.56004,506.0
1658411043.580294,502.0
1658411043.5993426,504.0
1658411043.6173654,509.0
1658411043.6368635,509.0
1658411043.6570535,506.0
1658411043.676265,506.0
1658411043.6959794,500.0
1658411043.7143536,502.0
1658411043.7337165,504.0
1658411043.752992,503.0
1658411043.772285,504.0
1658411043.7915545,506.0
1658411043.8099523,509.0
1658411043.8296747,505.0
1658411043.8485205,506.0
1658411043.8684573,501.0
1658411043.8869424,501.0
1658411043.906786,502.0
1658411043.9265413,506.0
1658411043.9450145,497.0
1658411043.9650278,504.0
1658411043.9834504,506.0
1658411044.0033638,504.0
1658411044.021787,508.0
1658411044.0416574,495.0
1658411044.0615466,502.0
1658411044.0802584,509.0
1658411044.09881,503.0
1658411044.1187153,501.0
1658411044.1374395,509.0
1658411044.1576324,497.0
1658411044.1766095,500.0
1658411044.1952322,501.0
1658411044.21495,506.0
1658411044.2335281,506.0
1658411044.2538393,508.0
1658411044.2726884,509.0
1658411044.2912126,512.0
1658411044.3113573,518.0
1658411044.3307953,509.0
1658411044.3496287,510.0
1658411044.3684204,513.0
1658411044.3886514,507.0
1658411044.4079716,510.0
1658411044.427292,507.0
1658411044.445913,519.0
1658411044.4652607,516.0
1658411044.4846315,521.0
1658411044.5043104,515.0
1658411044.523378,523.0
1658411044.5417714,525.0
1658411044.5618541,513.0
1658411044.5815728,518.0
1658411044.6000376,526.0
1658411044.61932,509.0
1658411044.6378322,520.0
1658411044.6571317,513.0
1658411044.677296,520.0
1658411044.6961057,517.0
1658411044.7160864,523.0
1658411044.7351582,522.0
1658411044.75414,519.0
1658411044.773074,541.0
1658411044.793136,516.0
1658411044.8125103,522.0
1658411044.8314219,520.0
1658411044.8498907,519.0
1658411044.870072,521.0
1658411044.888997,532.0
1658411044.9079933,524.0
1658411044.927677,519.0
1658411044.9470387,522.0
1658411044.9668617,529.0
1658411044.9846952,527.0
1658411045.0040584,517.0
1658411045.0236516,531.0
1658411045.042909,528.0
1658411045.0630608,528.0
1658411045.0830946,527.0
1658411045.100624,529.0
1658411045.1199303,531.0
1658411045.1391778,527.0
1658411045.1587987,520.0
1658411045.1782591,529.0
1658411045.198775,536.0
1658411045.2169821,529.0
1658411045.2362394,528.0
1658411045.2544415,528.0
1658411045.2739956,545.0
1658411045.2937524,527.0
1658411045.3143237,534.0
1658411045.3323522,529.0
1658411045.350558,535.0
1658411045.3699403,542.0
1658411045.3894267,531.0
1658411045.4090784,537.0
1658411045.429152,539.0
1658411045.4472272,539.0
1658411045.466291,532.0
1658411045.485562,544.0
1658411045.5066662,537.0
1658411045.5254154,543.0
1658411045.5433288,533.0
1658411045.5636046,542.0
1658411045.5824232,533.0
1658411045.602009,530.0
1658411045.6211379,536.0
1658411045.640405,530.0
1658411045.659607,535.0
1658411045.6790512,534.0
1658411045.697286,541.0
1658411045.716655,530.0
1658411045.7360487,525.0
1658411045.7561133,525.0
1658411045.774349,516.0
1658411045.7943296,524.0
1658411045.8127806,515.0
1658411045.8330698,528.0
