1658409782.604263,345.0
1658409782.6251395,343.0
1658409782.642709,347.0
1658409782.6658914,343.0
1658409782.6843052,344.0
1658409782.7018054,343.0
1658409782.7230134,343.0
1658409782.7399468,345.0
1658409782.7600985,342.0
1658409782.7790792,344.0
1658409782.7990646,344.0
1658409782.8180683,344.0
1658409782.8383503,345.0
1658409782.8575368,347.0
1658409782.8776066,344.0
1658409782.8964808,342.0
1658409782.9167404,343.0
1658409782.9359145,340.0
1658409782.955308,343.0
1658409782.9755645,344.0
1658409782.9943109,344.0
1658409783.0132756,347.0
1658409783.0334783,349.0
1658409783.052454,352.0
1658409783.0715325,353.0
1658409783.0904086,357.0
1658409783.110405,354.0
1658409783.129217,359.0
1658409783.149272,360.0
1658409783.1686451,358.0
1658409783.1868842,365.0
1658409783.2066097,366.0
1658409783.2263732,367.0
1658409783.2445767,372.0
1658409783.264163,373.0
1658409783.2836304,374.0
1658409783.3030548,378.0
1658409783.322927,381.0
1658409783.3410637,388.0
1658409783.3608863,384.0
1658409783.3803318,387.0
1658409783.3983796,382.0
1658409783.4178686,389.0
1658409783.437544,391.0
1658409783.4573722,397.0
1658409783.4756339,398.0
1658409783.495176,402.0
1658409783.514618,402.0
1658409783.5342925,403.0
1658409783.552705,404.0
1658409783.5724378,407.0
1658409783.5919244,410.0
1658409783.61022,415.0
1658409783.629853,417.0
1658409783.6493692,416.0
1658409783.668799,416.0
1658409783.688245,420.0
1658409783.7064476,420.0
1658409783.7259607,423.0
1658409783.7453442,423.0
1658409783.7648265,423.0
1658409783.7842386,431.0
1658409783.8036911,431.0
1658409783.8222044,436.0
1658409783.8416748,437.0
1658409783.861435,436.0
1658409783.8808799,439.0
1658409783.8989682,444.0
1658409783.9183464,442.0
1658409783.9380062,446.0
1658409783.95783,448.0
1658409783.9758458,450.0
1658409783.995362,450.0
1658409784.0147753,450.0
1658409784.0343897,454.0
1658409784.0539818,461.0
1658409784.0726137,459.0
1658409784.0921109,461.0
1658409784.1116283,464.0
1658409784.1299977,464.0
1658409784.1494823,469.0
1658409784.1689942,472.0
1658409784.188746,467.0
1658409784.2069087,480.0
1658409784.2267709,474.0
1658409784.2461255,482.0
1658409784.264667,481.0
1658409784.2841587,490.0
1658409784.3036158,487.0
1658409784.3235848,488.0
1658409784.3417418,487.0
1658409784.361392,493.0
1658409784.380952,495.0
1658409784.4005349,491.0
1658409784.4186666,499.0
1658409784.4384434,499.0
1658409784.4580593,502.0
1658409784.4763126,494.0
1658409784.4961543,508.0
1658409784.5160599,506.0
1658409784.5347147,511.0
1658409784.5533676,508.0
1658409784.57373,515.0
1658409784.5924854,515.0
1658409784.6113412,521.0
1658409784.631309,520.0
1658409784.6497366,522.0
1658409784.6697881,519.0
1658409784.6883557,523.0
1658409784.7081215,530.0
1658409784.726698,528.0
1658409784.7466273,530.0
1658409784.7651849,528.0
1658409784.7850065,532.0
1658409784.804765,537.0
1658409784.823354,536.0
1658409784.8420372,539.0
1658409784.8620875,543.0
1658409784.8817604,547.0
1658409784.900131,550.0
1658409784.9196603,548.0
1658409784.9396238,550.0
1658409784.9580863,559.0
1658409784.9775648,550.0
1658409784.996939,560.0
1658409785.0163143,560.0
1658409785.0357578,560.0
1658409785.054046,573.0
1658409785.0736713,562.0
1658409785.093161,578.0
1658409785.1124759,575.0
1658409785.1319087,575.0
1658409785.1512988,574.0
1658409785.16945,571.0
1658409785.1891794,579.0
1658409785.2084846,586.0
1658409785.2280223,583.0
1658409785.2473187,582.0
1658409785.2655923,594.0
1658409785.284943,591.0
1658409785.3043666,594.0
1658409785.3238986,601.0
1658409785.3433464,600.0
1658409785.3627915,602.0
1658409785.3822916,605.0
1658409785.4003494,602.0
1658409785.419722,602.0
1658409785.4396272,604.0
1658409785.4590814,612.0
1658409785.4785793,617.0
1658409785.4966996,614.0
1658409785.5161345,615.0
1658409785.535656,617.0
1658409785.5553272,623.0
1658409785.5749013,620.0
1658409785.5931308,631.0
1658409785.6127357,629.0
1658409785.632151,631.0
1658409785.6514158,627.0
1658409785.6710875,632.0
1658409785.6906242,629.0
1658409785.7085893,631.0
1658409785.727992,640.0
1658409785.7473388,641.0
1658409785.7670343,638.0
1658409785.786417,650.0
1658409785.8059716,651.0
1658409785.8241096,639.0
1658409785.8435524,651.0
1658409785.8630853,651.0
1658409785.8824706,653.0
1658409785.9019675,652.0
1658409785.9214866,659.0
1658409785.9398077,658.0
1658409785.9592068,658.0
1658409785.9787753,663.0
1658409785.9981809,664.0
1658409786.017521,665.0
1658409786.037111,676.0
1658409786.055452,675.0
1658409786.0749013,677.0
1658409786.0942888,676.0
1658409786.1136518,676.0
1658409786.1330926,689.0
1658409786.1524277,684.0
1658409786.1708775,680.0
1658409786.1904912,693.0
1658409786.2097857,692.0
1658409786.2292314,695.0
1658409786.2486405,689.0
1658409786.268091,687.0
1658409786.287519,699.0
1658409786.3058074,687.0
1658409786.3253405,699.0
1658409786.344945,706.0
1658409786.3643222,706.0
1658409786.3825104,710.0
1658409786.402192,720.0
1658409786.4217381,711.0
1658409786.4413636,711.0
1658409786.459604,715.0
1658409786.4793034,703.0
1658409786.4987075,722.0
1658409786.5180702,717.0
1658409786.5378206,719.0
1658409786.5562499,725.0
1658409786.575791,724.0
1658409786.5943859,723.0
1658409786.6142333,731.0
1658409786.6338773,729.0
1658409786.6533914,725.0
1658409786.6720762,732.0
1658409786.6915383,728.0
1658409786.7109215,738.0
1658409786.7305307,739.0
1658409786.7486272,735.0
1658409786.7683294,737.0
1658409786.7879043,749.0
1658409786.8073962,751.0
1658409786.825813,760.0
1658409786.8454661,750.0
1658409786.8651662,759.0
1658409786.8834062,761.0
1658409786.903028,761.0
1658409786.922658,763.0
1658409786.9421995,764.0
1658409786.96044,773.0
1658409786.9802773,763.0
1658409786.9996538,778.0
1658409787.0190697,761.0
1658409787.0374062,767.0
1658409787.0570395,769.0
1658409787.0765228,778.0
1658409787.0962398,786.0
1658409787.1142902,788.0
1658409787.1337824,780.0
1658409787.1532373,790.0
1658409787.173083,786.0
1658409787.1924713,789.0
1658409787.2105336,789.0
1658409787.2302024,795.0
1658409787.2496781,799.0
1658409787.2693734,801.0
1658409787.2876399,813.0
1658409787.3072689,809.0
1658409787.3267367,813.0
1658409787.346428,810.0
1658409787.3658502,806.0
1658409787.384271,809.0
1658409787.4040103,818.0
1658409787.4224854,816.0
1658409787.4419947,813.0
1658409787.4615202,819.0
1658409787.4811249,815.0
1658409787.5004554,819.0
1658409787.519877,827.0
1658409787.5382066,828.0
1658409787.5580835,831.0
1658409787.5764914,834.0
1658409787.596236,831.0
1658409787.6159532,839.0
1658409787.6353366,834.0
1658409787.6536477,834.0
1658409787.6734738,835.0
1658409787.6928656,849.0
1658409787.7121735,845.0
1658409787.7316678,846.0
1658409787.75107,847.0
1658409787.7690616,857.0
1658409787.7894914,846.0
1658409787.8080842,860.0
1658409787.8279865,854.0
1658409787.846365,850.0
1658409787.8660667,861.0
1658409787.8849313,863.0
1658409787.9047086,860.0
1658409787.9236066,878.0
1658409787.942538,871.0
1658409787.9623382,866.0
1658409787.9822206,886.0
1658409788.0007935,874.0
1658409788.0206826,878.0
1658409788.039565,879.0
1658409788.0579739,882.0
1658409788.0781844,876.0
1658409788.0970309,881.0
1658409788.1166787,883.0
1658409788.1351707,890.0
1658409788.1549962,890.0
1658409788.173816,895.0
1658409788.1934981,895.0
1658409788.2120774,892.0
1658409788.2318838,903.0
1658409788.2518208,894.0
1658409788.270443,908.0
1658409788.2891366,904.0
1658409788.309094,896.0
1658409788.327674,892.0
1658409788.3477225,915.0
1658409788.3660557,912.0
1658409788.3856351,922.0
1658409788.405368,919.0
1658409788.4248078,921.0
1658409788.4430785,917.0
1658409788.4624236,920.0
1658409788.4820278,930.0
1658409788.501341,922.0
1658409788.5207102,921.0
1658409788.5404658,934.0
1658409788.5597878,925.0
1658409788.5780418,932.0
1658409788.597623,926.0
1658409788.6173134,936.0
1658409788.6368363,945.0
1658409788.654988,952.0
1658409788.6744702,937.0
1658409788.694001,938.0
1658409788.7133396,950.0
1658409788.7325408,958.0
1658409788.7521214,949.0
1658409788.7716901,958.0
1658409788.7911766,950.0
1658409788.8090441,955.0
1658409788.829239,967.0
1658409788.8480413,966.0
1658409788.8668678,963.0
1658409788.8869462,971.0
1658409788.9069924,967.0
1658409788.9257748,964.0
1658409788.9444945,972.0
1658409788.9634154,978.0
1658409788.982497,977.0
1658409789.0018387,974.0
1658409789.0212255,992.0
1658409789.0405304,980.0
1658409789.060161,987.0
1658409789.0795047,1000.0
1658409789.0984383,975.0
1658409789.118173,1004.0
1658409789.13692,982.0
1658409789.1558037,996.0
1658409789.1759186,1003.0
1658409789.1947954,1014.0
1658409789.2134473,1000.0
1658409789.2334192,1004.0
1658409789.2520237,995.0
1658409789.2722657,1001.0
1658409789.2909567,1018.0
1658409789.3097775,1022.0
1658409789.329606,1017.0
1658409789.3483026,1011.0
1658409789.3684216,1002.0
1658409789.387167,1027.0
1658409789.4072294,1025.0
1658409789.4260082,1020.0
1658409789.4448967,1033.0
1658409789.464909,1025.0
1658409789.4837255,1029.0
1658409789.5023642,1033.0
1658409789.5224376,1030.0
1658409789.541109,1030.0
1658409789.5611079,1042.0
1658409789.5800147,1044.0
1658409789.5988605,1047.0
1658409789.6190183,1045.0
1658409789.6377892,1039.0
1658409789.6567945,1064.0
1658409789.6769133,1060.0
1658409789.695547,1049.0
1658409789.714278,1057.0
1658409789.7344046,1047.0
1658409789.7531505,1079.0
1658409789.7723546,1066.0
1658409789.791386,1059.0
1658409789.811524,1067.0
1658409789.8301225,1066.0
1658409789.8504097,1064.0
1658409789.8689306,1060.0
1658409789.887823,1085.0
1658409789.907516,1063.0
1658409789.9271188,1075.0
1658409789.9452152,1068.0
1658409789.9645178,1073.0
1658409789.9841864,1068.0
1658409790.003431,1089.0
1658409790.0234032,1086.0
1658409790.0416791,1092.0
1658409790.0612066,1070.0
1658409790.0808825,1099.0
1658409790.0990722,1097.0
1658409790.1184075,1110.0
1658409790.1377096,1083.0
1658409790.1575916,1090.0
1658409790.177157,1105.0
1658409790.1955638,1099.0
1658409790.2149584,1097.0
1658409790.234657,1093.0
1658409790.2539344,1113.0
1658409790.2735286,1109.0
1658409790.2917237,1109.0
1658409790.3112986,1107.0
1658409790.3308554,1108.0
1658409790.3495026,1115.0
1658409790.3699355,1130.0
1658409790.388947,1115.0
1658409790.4074101,1130.0
1658409790.4259675,1122.0
1658409790.4460561,1122.0
1658409790.4647143,1130.0
1658409790.4834728,1127.0
1658409790.5033393,1148.0
1658409790.5222018,1126.0
1658409790.5418355,1137.0
1658409790.560617,1122.0
1658409790.5805051,1157.0
1658409790.5996132,1142.0
1658409790.6191514,1147.0
1658409790.6378872,1149.0
1658409790.657121,1144.0
1658409790.6758657,1143.0
1658409790.694962,1138.0
1658409790.7149074,1145.0
1658409790.733807,1161.0
1658409790.7525792,1165.0
1658409790.7728188,1173.0
1658409790.7920377,1142.0
1658409790.8114111,1177.0
1658409790.830549,1155.0
1658409790.84955,1156.0
1658409790.8685858,1169.0
1658409790.8881083,1170.0
1658409790.9063509,1158.0
1658409790.9266143,1175.0
1658409790.9455073,1177.0
1658409790.9639769,1180.0
1658409790.9840765,1209.0
1658409791.002571,1188.0
1658409791.0225806,1199.0
1658409791.0414164,1197.0
1658409791.0600302,1186.0
1658409791.0799375,1194.0
1658409791.098842,1193.0
1658409791.1173437,1186.0
1658409791.1372695,1162.0
1658409791.1560109,1196.0
1658409791.1757817,1181.0
1658409791.1944733,1206.0
1658409791.214093,1210.0
1658409791.2339103,1197.0
1658409791.2524672,1192.0
1658409791.272441,1214.0
1658409791.2911074,1164.0
1658409791.3097992,1215.0
1658409791.3297448,1206.0
1658409791.3482194,1205.0
1658409791.367968,1201.0
1658409791.3865933,1215.0
1658409791.4054818,1229.0
1658409791.4253085,1229.0
1658409791.4441972,1212.0
1658409791.464185,1219.0
1658409791.4824812,1216.0
1658409791.502281,1245.0
1658409791.5208526,1230.0
1658409791.5399232,1228.0
1658409791.559958,1233.0
1658409791.5783746,1235.0
1658409791.5985959,1246.0
1658409791.6174707,1238.0
1658409791.6360083,1242.0
1658409791.6563122,1257.0
1658409791.6748657,1255.0
1658409791.6937096,1254.0
1658409791.713643,1245.0
1658409791.7323432,1265.0
1658409791.751183,1261.0
1658409791.7710087,1268.0
1658409791.7899864,1267.0
1658409791.809726,1259.0
1658409791.8281074,1274.0
1658409791.8479483,1261.0
1658409791.8665726,1277.0
1658409791.8865254,1280.0
1658409791.9062817,1267.0
1658409791.9249072,1271.0
1658409791.9437542,1275.0
1658409791.9624662,1267.0
1658409791.9824474,1249.0
1658409792.0014274,1278.0
1658409792.0199947,1281.0
1658409792.0392966,1288.0
1658409792.0593915,1263.0
1658409792.0777931,1282.0
1658409792.0968456,1288.0
1658409792.1166174,1312.0
1658409792.1364956,1292.0
1658409792.1554348,1280.0
1658409792.1737692,1310.0
1658409792.1936626,1301.0
1658409792.2122157,1295.0
1658409792.232017,1299.0
1658409792.2505708,1276.0
1658409792.2703102,1307.0
1658409792.2891922,1298.0
1658409792.309389,1304.0
1658409792.3279557,1314.0
1658409792.3467045,1295.0
1658409792.366465,1329.0
1658409792.3850827,1333.0
1658409792.405364,1332.0
1658409792.423863,1334.0
1658409792.4425817,1340.0
1658409792.4625363,1313.0
1658409792.4808986,1313.0
1658409792.5013142,1324.0
1658409792.5198185,1357.0
1658409792.5400176,1351.0
1658409792.558712,1351.0
1658409792.5770884,1340.0
1658409792.5973942,1336.0
1658409792.6167445,1349.0
1658409792.6356602,1323.0
1658409792.6543992,1355.0
1658409792.6732721,1328.0
1658409792.6933765,1339.0
1658409792.7122312,1333.0
1658409792.730718,1333.0
1658409792.7508788,1336.0
1658409792.769412,1342.0
1658409792.7895584,1339.0
1658409792.8082006,1364.0
1658409792.826744,1307.0
1658409792.84682,1343.0
1658409792.8652155,1312.0
1658409792.8851452,1353.0
1658409792.9037514,1325.0
1658409792.9239647,1345.0
1658409792.9426959,1338.0
1658409792.9612002,1341.0
1658409792.9809482,1339.0
1658409792.9998565,1363.0
1658409793.0197122,1333.0
1658409793.0386298,1323.0
1658409793.0571594,1330.0
1658409793.076896,1327.0
1658409793.0958114,1324.0
1658409793.1157286,1342.0
1658409793.1343071,1335.0
1658409793.1544058,1307.0
1658409793.1730294,1332.0
1658409793.1917527,1353.0
1658409793.2117422,1318.0
1658409793.2302077,1351.0
1658409793.2501872,1326.0
1658409793.268581,1330.0
1658409793.2887206,1336.0
1658409793.3071759,1325.0
1658409793.3269563,1373.0
1658409793.3455248,1326.0
1658409793.3654163,1326.0
1658409793.3837461,1320.0
1658409793.4039328,1356.0
1658409793.4226503,1348.0
1658409793.4412925,1324.0
1658409793.4605467,1330.0
1658409793.480528,1335.0
1658409793.4997134,1313.0
1658409793.5186386,1324.0
1658409793.5378041,1344.0
1658409793.5570276,1341.0
1658409793.5769842,1330.0
1658409793.5958822,1329.0
1658409793.614372,1336.0
1658409793.633881,1338.0
1658409793.6533937,1345.0
1658409793.6730256,1327.0
1658409793.6915143,1343.0
1658409793.7111187,1328.0
1658409793.7306952,1318.0
1658409793.7490625,1331.0
1658409793.7684324,1349.0
1658409793.7880435,1360.0
1658409793.8062696,1331.0
1658409793.8259304,1337.0
1658409793.8444922,1331.0
1658409793.8640113,1353.0
1658409793.8835442,1343.0
1658409793.903128,1354.0
1658409793.9224236,1344.0
1658409793.9418375,1319.0
1658409793.9596565,1325.0
1658409793.980053,1354.0
1658409793.9993155,1330.0
1658409794.0184534,1326.0
1658409794.0377398,1315.0
1658409794.055886,1328.0
1658409794.0750272,1340.0
1658409794.0944011,1317.0
1658409794.1136901,1348.0
1658409794.1328075,1316.0
1658409794.1521251,1349.0
1658409794.171314,1312.0
1658409794.1905518,1346.0
1658409794.2096903,1295.0
1658409794.2287862,1317.0
1658409794.2479906,1321.0
1658409794.2670808,1339.0
1658409794.2861326,1322.0
1658409794.3055027,1360.0
1658409794.3246844,1321.0
1658409794.3439884,1371.0
1658409794.3631346,1339.0
1658409794.382268,1335.0
1658409794.4016285,1332.0
1658409794.4207256,1326.0
1658409794.440266,1315.0
1658409794.4595394,1344.0
1658409794.4787688,1325.0
1658409794.497968,1345.0
1658409794.5173204,1332.0
1658409794.5358963,1356.0
1658409794.5554729,1362.0
1658409794.5747664,1341.0
1658409794.594274,1345.0
1658409794.612669,1347.0
1658409794.6332793,1319.0
1658409794.651086,1334.0
1658409794.6715555,1336.0
1658409794.6910045,1323.0
1658409794.7088785,1345.0
1658409794.7280233,1323.0
1658409794.7473257,1316.0
1658409794.76653,1325.0
1658409794.7857127,1308.0
1658409794.8051739,1320.0
1658409794.8244011,1288.0
1658409794.8436997,1323.0
1658409794.8629143,1324.0
1658409794.8820007,1304.0
1658409794.9013345,1303.0
1658409794.9207036,1311.0
1658409794.9401824,1300.0
1658409794.959449,1298.0
1658409794.9785948,1296.0
1658409794.9977205,1300.0
1658409795.0169468,1321.0
1658409795.036209,1299.0
1658409795.055561,1274.0
1658409795.0748146,1291.0
1658409795.0927594,1296.0
1658409795.113011,1284.0
1658409795.1318216,1290.0
1658409795.1512308,1279.0
1658409795.170206,1301.0
1658409795.1894112,1258.0
1658409795.2085133,1252.0
1658409795.2275062,1276.0
1658409795.2466698,1287.0
1658409795.2657743,1275.0
1658409795.2854617,1279.0
1658409795.3047853,1281.0
1658409795.3235216,1259.0
1658409795.3431816,1275.0
1658409795.3627172,1249.0
1658409795.3810668,1264.0
1658409795.4011264,1252.0
1658409795.420506,1252.0
1658409795.4399416,1268.0
1658409795.4578178,1267.0
1658409795.4768832,1247.0
1658409795.4960222,1254.0
1658409795.515341,1258.0
1658409795.5344713,1235.0
1658409795.5537777,1237.0
1658409795.5730782,1239.0
1658409795.5923364,1240.0
1658409795.6118813,1231.0
1658409795.6308954,1244.0
1658409795.650322,1247.0
1658409795.669398,1245.0
1658409795.6886382,1245.0
1658409795.7080472,1208.0
1658409795.727132,1241.0
1658409795.7462895,1215.0
1658409795.7653873,1214.0
1658409795.7844234,1224.0
1658409795.8035707,1214.0
1658409795.8230932,1192.0
1658409795.8422906,1214.0
1658409795.8614912,1215.0
1658409795.8805509,1209.0
1658409795.8997107,1225.0
1658409795.9190423,1207.0
1658409795.9383051,1213.0
1658409795.9576447,1208.0
1658409795.9767904,1214.0
1658409795.996239,1219.0
1658409796.0154212,1188.0
1658409796.0346606,1199.0
1658409796.0539293,1196.0
1658409796.073254,1203.0
1658409796.0925467,1175.0
1658409796.1118326,1194.0
1658409796.1297674,1205.0
1658409796.1491427,1185.0
1658409796.1685116,1177.0
1658409796.1878986,1178.0
1658409796.2075057,1177.0
1658409796.226665,1168.0
1658409796.2459977,1178.0
1658409796.2654262,1194.0
1658409796.284691,1173.0
1658409796.30275,1180.0
1658409796.322441,1155.0
1658409796.3417425,1171.0
1658409796.3609805,1165.0
1658409796.380304,1174.0
1658409796.399609,1164.0
1658409796.4191024,1173.0
1658409796.4386976,1152.0
1658409796.4567282,1177.0
1658409796.4760425,1141.0
1658409796.495311,1148.0
1658409796.5146165,1139.0
1658409796.5339792,1142.0
1658409796.5533974,1146.0
1658409796.5730882,1141.0
1658409796.5912066,1149.0
1658409796.610936,1142.0
1658409796.6302652,1134.0
1658409796.6495569,1124.0
1658409796.6687334,1130.0
1658409796.6880763,1141.0
1658409796.7063408,1136.0
1658409796.725776,1136.0
1658409796.745071,1121.0
1658409796.7643418,1113.0
1658409796.783603,1120.0
1658409796.8029237,1116.0
1658409796.8226006,1106.0
1658409796.8407044,1109.0
1658409796.859992,1112.0
1658409796.8793178,1128.0
1658409796.8986127,1115.0
1658409796.9180486,1109.0
1658409796.9377074,1119.0
1658409796.9563951,1117.0
1658409796.9760172,1115.0
1658409796.9955573,1102.0
1658409797.0137548,1093.0
1658409797.0333996,1101.0
1658409797.053179,1088.0
1658409797.07213,1109.0
1658409797.0904236,1090.0
1658409797.1103535,1094.0
1658409797.129936,1102.0
1658409797.1494408,1089.0
1658409797.1674073,1091.0
1658409797.1866841,1090.0
1658409797.206376,1071.0
1658409797.2256773,1085.0
1658409797.2451906,1076.0
1658409797.2644992,1077.0
1658409797.2839367,1077.0
1658409797.3020437,1074.0
1658409797.3214843,1068.0
1658409797.3408673,1067.0
1658409797.3602057,1048.0
1658409797.379512,1071.0
1658409797.3986664,1064.0
1658409797.4181714,1050.0
1658409797.4376223,1074.0
1658409797.4572005,1066.0
1658409797.4763975,1063.0
1658409797.4957883,1053.0
1658409797.5149872,1051.0
1658409797.533108,1056.0
1658409797.5523586,1049.0
1658409797.5719106,1044.0
1658409797.5913537,1053.0
1658409797.610691,1042.0
1658409797.6300907,1030.0
1658409797.6495686,1037.0
1658409797.6689405,1042.0
1658409797.6883376,1033.0
1658409797.707797,1042.0
1658409797.725986,1030.0
1658409797.7453456,1019.0
1658409797.7647874,1021.0
1658409797.7841253,1014.0
1658409797.8035555,1021.0
1658409797.8233457,1038.0
1658409797.841536,1015.0
1658409797.8609734,1023.0
1658409797.880404,1010.0
1658409797.8997164,1012.0
1658409797.9189737,1011.0
1658409797.9383862,1006.0
1658409797.957922,992.0
1658409797.9772227,1004.0
1658409797.9966125,992.0
1658409798.0159009,988.0
1658409798.03509,990.0
1658409798.0532207,1002.0
1658409798.0728233,990.0
1658409798.0924435,1002.0
1658409798.1118085,986.0
1658409798.1312125,989.0
1658409798.15066,999.0
1658409798.169923,984.0
1658409798.1893456,985.0
1658409798.2073655,980.0
1658409798.2266202,980.0
1658409798.2460048,980.0
1658409798.2652698,981.0
1658409798.284485,971.0
1658409798.3036616,966.0
1658409798.3233478,960.0
1658409798.3426664,964.0
1658409798.3619866,957.0
1658409798.3813171,948.0
1658409798.4005184,962.0
1658409798.4200652,958.0
1658409798.4395716,941.0
1658409798.4588413,956.0
1658409798.4779906,951.0
1658409798.4972198,945.0
1658409798.5164602,973.0
1658409798.5346513,947.0
1658409798.5542076,942.0
1658409798.573618,956.0
1658409798.5930417,952.0
1658409798.6123886,927.0
1658409798.631835,933.0
1658409798.6512194,933.0
1658409798.6705835,925.0
1658409798.689997,925.0
1658409798.7092497,925.0
1658409798.7285311,908.0
1658409798.747809,917.0
1658409798.7670798,927.0
1658409798.7850661,920.0
1658409798.8043802,918.0
1658409798.82406,902.0
1658409798.843198,918.0
1658409798.8624482,911.0
1658409798.8817494,920.0
1658409798.900947,899.0
1658409798.9203546,905.0
1658409798.9397807,915.0
1658409798.95946,888.0
1658409798.97862,890.0
1658409798.998188,900.0
1658409799.01749,886.0
1658409799.0354784,895.0
1658409799.0550675,878.0
1658409799.0745907,890.0
1658409799.0938058,881.0
1658409799.112976,896.0
1658409799.1321313,897.0
1658409799.1514153,875.0
1658409799.1704512,877.0
1658409799.1898146,875.0
1658409799.2090197,872.0
1658409799.2287333,861.0
1658409799.2485409,864.0
1658409799.2668478,864.0
1658409799.2865016,851.0
1658409799.3065352,862.0
1658409799.3244953,857.0
1658409799.343624,857.0
1658409799.3628647,855.0
1658409799.3832858,848.0
1658409799.4024546,858.0
1658409799.4217553,860.0
1658409799.4410217,850.0
1658409799.4601986,846.0
1658409799.479315,842.0
1658409799.4986763,846.0
1658409799.518208,832.0
1658409799.5366883,832.0
1658409799.5566418,831.0
1658409799.574957,833.0
1658409799.5949664,829.0
1658409799.6146235,834.0
1658409799.6326487,827.0
1658409799.6517923,832.0
1658409799.672456,811.0
1658409799.6916385,816.0
1658409799.7107933,812.0
1658409799.730025,817.0
1658409799.7491324,805.0
1658409799.7682939,821.0
1658409799.7874565,808.0
1658409799.8068109,816.0
1658409799.8253067,802.0
1658409799.8450463,809.0
1658409799.8648562,812.0
1658409799.8832057,799.0
1658409799.903319,786.0
1658409799.9215147,800.0
1658409799.9408777,799.0
1658409799.960042,802.0
1658409799.979153,800.0
1658409799.9986742,784.0
1658409800.01785,791.0
1658409800.0371275,793.0
1658409800.056651,787.0
1658409800.0758197,782.0
1658409800.0953352,782.0
1658409800.114493,776.0
1658409800.1337686,786.0
1658409800.1530983,774.0
1658409800.1723046,774.0
1658409800.1914856,772.0
1658409800.2106168,765.0
1658409800.2297976,772.0
1658409800.248954,766.0
1658409800.2682824,757.0
1658409800.287554,759.0
1658409800.3071966,755.0
1658409800.3263373,762.0
1658409800.3455167,752.0
1658409800.3647518,738.0
1658409800.3838575,758.0
1658409800.40318,740.0
1658409800.4224613,741.0
1658409800.4418094,746.0
1658409800.4609659,735.0
1658409800.4800396,741.0
1658409800.499263,738.0
1658409800.5196593,727.0
1658409800.5376694,730.0
1658409800.5569823,728.0
1658409800.5774503,725.0
1658409800.5954795,729.0
1658409800.6147568,723.0
1658409800.6340828,716.0
1658409800.6533349,713.0
1658409800.6725786,707.0
1658409800.691755,714.0
1658409800.7122984,713.0
1658409800.7314284,714.0
1658409800.7506397,710.0
1658409800.769778,705.0
1658409800.7890294,716.0
1658409800.8082855,696.0
1658409800.8274133,704.0
1658409800.8466423,704.0
1658409800.865852,697.0
1658409800.884928,701.0
1658409800.9041224,695.0
1658409800.9233963,691.0
1658409800.9427102,692.0
1658409800.9619849,691.0
1658409800.981093,688.0
1658409801.0002792,695.0
1658409801.0193417,687.0
1658409801.0386987,682.0
1658409801.0580747,679.0
1658409801.077178,685.0
1658409801.096409,666.0
1658409801.1155298,664.0
1658409801.1347408,673.0
1658409801.1539888,672.0
1658409801.1734614,667.0
1658409801.1925817,672.0
1658409801.2117283,670.0
1658409801.2309434,662.0
1658409801.251492,661.0
1658409801.2707708,654.0
1658409801.290044,658.0
1658409801.309244,652.0
1658409801.32841,655.0
1658409801.3475504,643.0
1658409801.3667479,641.0
1658409801.3854852,652.0
1658409801.404878,644.0
1658409801.4243195,643.0
1658409801.4429748,636.0
1658409801.462807,638.0
1658409801.4813278,638.0
1658409801.5010836,640.0
1658409801.5208511,630.0
1658409801.5397677,637.0
1658409801.5583367,629.0
1658409801.5781515,624.0
1658409801.5967703,625.0
1658409801.616771,619.0
1658409801.6353703,613.0
1658409801.6555467,616.0
1658409801.6741626,615.0
1658409801.6939633,609.0
1658409801.7126186,607.0
1658409801.7324116,610.0
1658409801.7509587,606.0
1658409801.7707613,603.0
1658409801.7895842,594.0
1658409801.809324,596.0
1658409801.8278284,603.0
1658409801.8475444,598.0
1658409801.8673327,599.0
1658409801.8858259,595.0
1658409801.9058359,594.0
1658409801.924416,585.0
1658409801.9442163,588.0
1658409801.9627542,586.0
1658409801.982498,584.0
1658409802.0010862,579.0
1658409802.0208082,581.0
1658409802.0398357,577.0
1658409802.0596178,574.0
1658409802.0781972,572.0
1658409802.0982013,578.0
1658409802.1167562,568.0
1658409802.1364443,559.0
1658409802.1564372,561.0
1658409802.1749055,556.0
1658409802.1946185,555.0
1658409802.2142892,559.0
1658409802.2335558,554.0
1658409802.252697,547.0
1658409802.2720587,555.0
1658409802.291331,547.0
1658409802.3104527,542.0
1658409802.3295841,542.0
1658409802.3487651,542.0
1658409802.3679862,536.0
1658409802.3871074,537.0
1658409802.4066842,534.0
1658409802.4248366,527.0
1658409802.4447947,534.0
1658409802.4634378,530.0
1658409802.4832952,523.0
1658409802.5020437,527.0
1658409802.5224075,521.0
1658409802.5405328,522.0
1658409802.5598693,520.0
1658409802.5792353,516.0
1658409802.598424,517.0
1658409802.6179714,512.0
1658409802.637497,513.0
1658409802.6569824,502.0
1658409802.674992,504.0
1658409802.6942859,505.0
1658409802.713612,500.0
1658409802.73294,498.0
1658409802.7523966,498.0
1658409802.771953,493.0
1658409802.7914438,494.0
1658409802.8107994,491.0
1658409802.8301554,492.0
1658409802.849454,487.0
1658409802.867791,488.0
1658409802.8876762,487.0
1658409802.9066331,478.0
1658409802.9263024,478.0
1658409802.944561,477.0
1658409802.964415,476.0
1658409802.9840276,468.0
1658409803.0025342,473.0
1658409803.0225904,465.0
1658409803.0411096,467.0
1658409803.0609052,462.0
1658409803.0793967,464.0
1658409803.0987492,461.0
1658409803.118049,459.0
1658409803.1374505,453.0
1658409803.1571987,452.0
1658409803.176456,451.0
1658409803.1956985,451.0
1658409803.215055,448.0
1658409803.2343254,449.0
1658409803.2536438,444.0
1658409803.2733214,439.0
1658409803.2913597,438.0
1658409803.310599,435.0
1658409803.3299582,436.0
1658409803.349337,439.0
1658409803.3686144,432.0
1658409803.38782,428.0
1658409803.4074938,427.0
1658409803.4267752,426.0
1658409803.4461176,428.0
1658409803.4643037,421.0
1658409803.484236,423.0
1658409803.5029624,417.0
1658409803.5230927,415.0
1658409803.5413504,415.0
1658409803.560682,412.0
1658409803.5799994,412.0
1658409803.599464,407.0
1658409803.6193557,406.0
1658409803.6375966,403.0
1658409803.657332,401.0
1658409803.6769357,402.0
1658409803.6962862,396.0
1658409803.7144845,392.0
1658409803.733825,392.0
1658409803.7531574,391.0
1658409803.7728171,389.0
1658409803.792171,386.0
1658409803.811875,386.0
1658409803.8298736,382.0
1658409803.8492482,383.0
1658409803.8687265,382.0
1658409803.8879027,378.0
1658409803.9074824,374.0
1658409803.9269338,370.0
1658409803.9459856,368.0
1658409803.965383,367.0
1658409803.984642,367.0
1658409804.0042305,365.0
1658409804.0224822,360.0
1658409804.0423806,360.0
1658409804.062085,361.0
1658409804.080249,356.0
1658409804.0996447,345.0
1658409804.1191673,349.0
1658409804.1388183,346.0
1658409804.158187,344.0
1658409804.17757,344.0
1658409804.1982481,341.0
1658409804.2167377,340.0
1658409804.2371511,341.0
1658409804.2568836,339.0
1658409804.2764192,342.0
1658409804.2961662,340.0
1658409804.31552,341.0
1658409804.3345695,343.0
1658409804.3543308,339.0
1658409804.3738835,337.0
1658409804.3935957,340.0
1658409804.4134772,341.0
1658409804.433779,339.0
1658409804.4523268,341.0
1658409804.4720888,342.0
1658409804.4922967,342.0
1658409804.5117168,339.0
1658409804.531599,340.0
1658409804.551426,340.0
1658409804.5712082,344.0
1658409804.591166,344.0
1658409804.6092458,338.0
1658409804.6290948,343.0
1658409804.6492712,338.0
1658409804.669298,342.0
1658409804.6889253,337.0
1658409804.7075374,339.0
1658409804.7272396,339.0
1658409804.747081,341.0
1658409804.7667735,343.0
1658409804.7867002,342.0
1658409804.806903,340.0
1658409804.8251288,342.0
1658409804.845985,343.0
1658409804.8655055,338.0
1658409804.884925,338.0
1658409804.904375,340.0
1658409804.9241655,339.0
1658409804.9437826,342.0
1658409804.9633687,343.0
1658409804.9829438,341.0
1658409805.0029607,337.0
1658409805.0214841,342.0
1658409805.041168,339.0
1658409805.0605235,343.0
1658409805.081364,343.0
1658409805.1007743,342.0
1658409805.1202245,339.0
1658409805.140051,341.0
1658409805.1593635,340.0
1658409805.1786633,343.0
1658409805.197955,341.0
1658409805.218635,344.0
1658409805.2378442,343.0
1658409805.2575629,340.0
1658409805.276904,340.0
1658409805.296132,340.0
1658409805.3154826,341.0
1658409805.3361971,341.0
1658409805.3559284,342.0
1658409805.375451,339.0
1658409805.3946958,339.0
1658409805.4140024,343.0
1658409805.433355,340.0
1658409805.4540668,342.0
1658409805.4737923,343.0
1658409805.493036,340.0
1658409805.5126648,338.0
1658409805.5320122,341.0
1658409805.5514789,341.0
1658409805.570804,341.0
1658409805.5918603,339.0
1658409805.6111403,341.0
1658409805.6305838,341.0
1658409805.650035,340.0
1658409805.6694307,341.0
1658409805.690081,342.0
1658409805.708438,342.0
1658409805.7282584,339.0
1658409805.74821,341.0
1658409805.7679858,341.0
1658409805.78795,342.0
1658409805.8064075,343.0
1658409805.825929,339.0
1658409805.8458433,338.0
1658409805.8657227,339.0
1658409805.8852684,341.0
1658409805.9052966,342.0
1658409805.925246,340.0
1658409805.943715,340.0
1658409805.9634118,343.0
1658409805.9835205,341.0
1658409806.0028036,338.0
1658409806.0226672,344.0
1658409806.0417626,338.0
1658409806.0624523,337.0
1658409806.0816655,344.0
1658409806.100934,337.0
1658409806.1219528,341.0
1658409806.1397474,344.0
1658409806.1596422,341.0
1658409806.1790326,343.0
1658409806.1994395,342.0
1658409806.218463,343.0
1658409806.2384217,339.0
1658409806.257631,337.0
1658409806.2778885,340.0
1658409806.296738,342.0
1658409806.316844,340.0
1658409806.3371964,340.0
1658409806.3569577,340.0
1658409806.3751726,341.0
1658409806.3947418,338.0
1658409806.414374,342.0
1658409806.4339905,342.0
1658409806.4538,343.0
1658409806.4738328,343.0
1658409806.4935236,340.0
1658409806.5132399,341.0
1658409806.5329611,341.0
1658409806.5519512,340.0
1658409806.571913,342.0
1658409806.5913672,341.0
1658409806.6112013,341.0
1658409806.6311533,342.0
1658409806.649636,340.0
1658409806.6692975,342.0
1658409806.690306,342.0
1658409806.7085903,341.0
1658409806.7284496,340.0
1658409806.7482285,340.0
1658409806.7678807,341.0
1658409806.7872112,341.0
1658409806.8071291,339.0
1658409806.8268757,343.0
1658409806.846568,344.0
1658409806.8661342,340.0
1658409806.8855698,342.0
1658409806.9052253,341.0
1658409806.9253201,340.0
1658409806.9446588,341.0
1658409806.9640932,344.0
1658409806.9834688,341.0
1658409807.0031822,337.0
1658409807.0229714,338.0
1658409807.0430186,338.0
1658409807.061697,341.0
1658409807.0824337,336.0
1658409807.1014214,340.0
1658409807.1211414,339.0
1658409807.1416903,341.0
1658409807.1598318,341.0
1658409807.1798892,341.0
1658409807.1992188,343.0
1658409807.219854,338.0
1658409807.239831,340.0
1658409807.258022,338.0
1658409807.2787528,341.0
1658409807.2981884,341.0
1658409807.3175058,340.0
1658409807.3369803,345.0
1658409807.3567863,343.0
1658409807.3762019,346.0
1658409807.3956823,337.0
1658409807.415193,342.0
1658409807.434791,339.0
1658409807.4543872,339.0
1658409807.4742057,338.0
1658409807.4935799,338.0
1658409807.5132928,342.0
1658409807.5329275,337.0
1658409807.5526474,338.0
1658409807.5720928,338.0
1658409807.5916371,339.0
1658409807.611503,342.0
1658409807.630674,338.0
1658409807.6502569,342.0
1658409807.671008,340.0
1658409807.6906624,342.0
1658409807.7101808,339.0
1658409807.7298028,341.0
1658409807.7494109,338.0
1658409807.76907,340.0
1658409807.7886503,336.0
1658409807.8082771,339.0
1658409807.8285418,338.0
1658409807.8468342,341.0
1658409807.8660948,339.0
1658409807.88663,341.0
1658409807.9063947,339.0
1658409807.9253728,341.0
1658409807.9456007,339.0
1658409807.9651706,342.0
1658409807.983939,342.0
1658409808.0038261,342.0
1658409808.0242035,343.0
1658409808.042602,338.0
1658409808.0621982,339.0
1658409808.0825777,342.0
1658409808.102574,340.0
1658409808.1212265,342.0
1658409808.1409216,343.0
1658409808.1617637,338.0
1658409808.1805944,340.0
1658409808.2008862,340.0
1658409808.22014,341.0
1658409808.2392194,341.0
1658409808.2589488,340.0
1658409808.2785463,340.0
1658409808.297989,343.0
1658409808.317547,341.0
1658409808.3372703,342.0
1658409808.3573527,339.0
1658409808.3768485,338.0
1658409808.396255,341.0
1658409808.4158015,342.0
1658409808.435572,341.0
1658409808.4553049,340.0
1658409808.4750452,341.0
1658409808.494449,345.0
1658409808.5137832,340.0
1658409808.533266,339.0
1658409808.5529766,338.0
1658409808.5731645,341.0
1658409808.5929499,338.0
1658409808.6113167,340.0
1658409808.6309695,340.0
1658409808.6507905,343.0
1658409808.6704824,340.0
1658409808.6901479,339.0
1658409808.7096863,342.0
1658409808.729227,341.0
1658409808.7487712,341.0
1658409808.7683945,342.0
1658409808.7893496,338.0
1658409808.8075144,344.0
1658409808.8283768,342.0
1658409808.847085,340.0
1658409808.8666456,339.0
1658409808.886007,337.0
1658409808.9055834,342.0
1658409808.9253693,339.0
1658409808.9453409,342.0
1658409808.964834,343.0
1658409808.9848475,338.0
1658409809.0043387,340.0
1658409809.0242763,339.0
1658409809.0440793,343.0
1658409809.0625076,342.0
1658409809.0823452,340.0
1658409809.1019912,339.0
1658409809.1214745,341.0
1658409809.1416276,338.0
1658409809.1611364,342.0
1658409809.1806376,343.0
1658409809.2001936,338.0
1658409809.2196167,340.0
1658409809.2394304,340.0
1658409809.2593029,339.0
1658409809.278965,341.0
1658409809.29878,343.0
1658409809.3182876,342.0
1658409809.3381758,340.0
1658409809.3580904,339.0
1658409809.3765879,341.0
1658409809.396029,340.0
1658409809.415803,339.0
1658409809.4354208,340.0
1658409809.4551604,341.0
1658409809.4750564,338.0
1658409809.4945817,339.0
1658409809.5142562,344.0
1658409809.533674,340.0
1658409809.5534735,342.0
1658409809.5733323,339.0
1658409809.5928016,341.0
1658409809.6123602,346.0
1658409809.6320453,348.0
1658409809.6514778,346.0
1658409809.671203,354.0
1658409809.6905928,354.0
1658409809.7100081,353.0
1658409809.7293978,358.0
1658409809.7477396,358.0
1658409809.7673166,358.0
1658409809.78678,360.0
1658409809.8066523,362.0
1658409809.824818,366.0
1658409809.844775,369.0
1658409809.8630536,372.0
1658409809.8827188,379.0
1658409809.9020605,375.0
1658409809.921588,381.0
1658409809.9412367,379.0
1658409809.9595482,382.0
1658409809.9789803,383.0
1658409809.998241,386.0
1658409810.0177548,388.0
1658409810.0371184,391.0
1658409810.0557096,393.0
1658409810.075568,396.0
1658409810.0951862,399.0
1658409810.1135862,402.0
1658409810.1331396,402.0
1658409810.1517339,404.0
1658409810.1711175,410.0
1658409810.190623,408.0
1658409810.2099233,408.0
1658409810.2293038,409.0
1658409810.2488825,412.0
1658409810.2684102,411.0
1658409810.2864463,411.0
1658409810.3059306,416.0
1658409810.3252091,417.0
1658409810.3449526,425.0
1658409810.3644547,425.0
1658409810.3837743,430.0
1658409810.4030766,429.0
1658409810.421423,431.0
1658409810.4417486,433.0
1658409810.4606297,436.0
1658409810.4801693,436.0
1658409810.4984493,439.0
1658409810.5178258,440.0
1658409810.5379395,443.0
1658409810.5564115,445.0
1658409810.5751176,444.0
1658409810.5947042,445.0
1658409810.6142828,448.0
1658409810.633042,447.0
1658409810.6524463,455.0
1658409810.672173,460.0
1658409810.6907425,460.0
1658409810.7103305,463.0
1658409810.72999,466.0
1658409810.748297,464.0
1658409810.7679362,469.0
1658409810.7873273,468.0
1658409810.807621,468.0
1658409810.8259394,475.0
1658409810.8455937,477.0
1658409810.864015,478.0
1658409810.8837185,482.0
1658409810.9031544,482.0
1658409810.9220815,484.0
1658409810.9420357,490.0
1658409810.9602773,494.0
1658409810.979873,488.0
1658409810.9994578,493.0
1658409811.0190263,493.0
1658409811.0374503,497.0
1658409811.0575953,498.0
1658409811.0760043,506.0
1658409811.0956142,498.0
1658409811.114089,509.0
1658409811.1337855,511.0
1658409811.1533885,511.0
1658409811.1732857,509.0
1658409811.1915317,512.0
1658409811.211327,514.0
1658409811.2297075,513.0
1658409811.2493246,517.0
1658409811.2690504,520.0
1658409811.2877593,523.0
1658409811.307844,528.0
1658409811.3257332,522.0
1658409811.3454363,531.0
1658409811.3652074,538.0
1658409811.3847125,531.0
1658409811.4033344,538.0
1658409811.42361,537.0
1658409811.4420052,539.0
1658409811.4617956,544.0
1658409811.4800913,536.0
1658409811.4997306,543.0
1658409811.5194395,555.0
1658409811.5378468,551.0
1658409811.5576477,554.0
1658409811.5760057,550.0
1658409811.5956197,562.0
1658409811.6154487,554.0
1658409811.6342518,568.0
1658409811.653675,566.0
1658409811.6735406,574.0
1658409811.6917272,567.0
1658409811.7110577,569.0
1658409811.730332,571.0
1658409811.7498674,575.0
1658409811.7697275,573.0
1658409811.7881742,575.0
1658409811.8071911,582.0
1658409811.826903,581.0
1658409811.8457246,583.0
1658409811.865853,582.0
1658409811.8845568,592.0
1658409811.9045782,588.0
1658409811.9234211,594.0
1658409811.9428303,594.0
1658409811.9621153,600.0
1658409811.9804184,593.0
1658409812.0008948,602.0
1658409812.0189416,600.0
1658409812.0387015,607.0
1658409812.0575128,611.0
1658409812.0771856,607.0
1658409812.096911,615.0
1658409812.1156042,609.0
1658409812.13532,609.0
1658409812.1535907,619.0
1658409812.1739266,616.0
1658409812.1922286,618.0
1658409812.2120035,622.0
1658409812.2319286,631.0
1658409812.250374,625.0
1658409812.270473,625.0
1658409812.290931,625.0
1658409812.30816,635.0
1658409812.3278143,632.0
1658409812.3464122,631.0
1658409812.3664038,639.0
1658409812.3851912,646.0
1658409812.4044757,643.0
1658409812.424861,649.0
1658409812.4425802,646.0
1658409812.4618933,649.0
1658409812.4816287,653.0
1658409812.5006027,656.0
1658409812.520946,658.0
1658409812.53937,660.0
1658409812.5591624,658.0
1658409812.5776706,660.0
1658409812.5971231,663.0
1658409812.6168003,658.0
1658409812.6355236,664.0
1658409812.6550844,675.0
1658409812.6748538,672.0
1658409812.6929805,678.0
1658409812.7126477,681.0
1658409812.731972,680.0
1658409812.751411,685.0
1658409812.7703881,684.0
1658409812.7895532,688.0
1658409812.809532,692.0
1658409812.8276737,686.0
1658409812.8477015,690.0
1658409812.8671691,695.0
1658409812.8856764,694.0
1658409812.905411,692.0
1658409812.9240143,701.0
1658409812.9439874,700.0
1658409812.963719,694.0
1658409812.9817183,706.0
1658409813.0020893,708.0
1658409813.0210838,704.0
1658409813.0398166,706.0
1658409813.0600104,704.0
1658409813.0788977,714.0
1658409813.0974503,712.0
1658409813.117457,721.0
1658409813.1360397,715.0
1658409813.1557336,721.0
1658409813.1743507,716.0
1658409813.1943512,719.0
1658409813.2129436,727.0
1658409813.2326207,725.0
1658409813.2525668,728.0
1658409813.2712364,731.0
1658409813.2901108,733.0
1658409813.310787,738.0
1658409813.328864,744.0
1658409813.3487337,746.0
1658409813.3681982,736.0
1658409813.386881,742.0
1658409813.4060419,747.0
1658409813.4251835,753.0
1658409813.4451118,754.0
1658409813.4639673,752.0
1658409813.482813,758.0
1658409813.5023427,748.0
1658409813.5220783,760.0
1658409813.540358,757.0
1658409813.5604172,756.0
1658409813.5792878,759.0
1658409813.5990694,774.0
1658409813.6179667,763.0
1658409813.636798,775.0
1658409813.6569283,770.0
1658409813.6759713,775.0
1658409813.6944366,784.0
1658409813.7136686,782.0
1658409813.7338018,784.0
1658409813.7528756,788.0
1658409813.7713764,784.0
1658409813.791476,794.0
1658409813.8112948,797.0
1658409813.829266,787.0
1658409813.8490443,795.0
1658409813.8684163,795.0
1658409813.8881712,805.0
1658409813.9064288,803.0
1658409813.9260097,804.0
1658409813.945884,808.0
1658409813.964619,808.0
1658409813.9834824,812.0
1658409814.0025725,820.0
1658409814.0229745,801.0
1658409814.0414124,806.0
1658409814.0602279,817.0
1658409814.0798988,825.0
1658409814.0993555,814.0
1658409814.1190403,819.0
1658409814.1376255,827.0
1658409814.1577165,828.0
1658409814.1763349,824.0
1658409814.1959596,830.0
1658409814.2145846,831.0
1658409814.2335823,836.0
1658409814.2534387,841.0
1658409814.272516,836.0
1658409814.2919235,854.0
1658409814.3114262,848.0
1658409814.3302581,851.0
1658409814.3490653,852.0
1658409814.368604,844.0
1658409814.3886404,850.0
1658409814.4073362,841.0
1658409814.4260614,856.0
1658409814.4461768,864.0
1658409814.465015,859.0
1658409814.4848044,856.0
1658409814.5034256,866.0
1658409814.52385,870.0
1658409814.5423725,867.0
1658409814.561071,877.0
1658409814.5813506,876.0
1658409814.5993803,879.0
1658409814.6197326,872.0
1658409814.638583,882.0
1658409814.6576169,879.0
1658409814.6764085,889.0
1658409814.6963494,891.0
1658409814.7150748,892.0
1658409814.7348232,898.0
1658409814.7542808,886.0
1658409814.7740674,891.0
1658409814.7927928,895.0
1658409814.8114355,899.0
1658409814.8310194,885.0
1658409814.850562,895.0
1658409814.8702526,897.0
1658409814.8891313,899.0
1658409814.9084692,902.0
1658409814.9267766,911.0
1658409814.9460564,924.0
1658409814.9656572,914.0
1658409814.9859543,914.0
1658409815.0050304,915.0
1658409815.0236938,902.0
1658409815.04347,915.0
1658409815.0624306,908.0
1658409815.0813422,915.0
1658409815.1008742,919.0
1658409815.120665,924.0
1658409815.1397016,932.0
1658409815.158128,934.0
1658409815.1781938,923.0
1658409815.1964812,936.0
1658409815.215791,930.0
1658409815.235033,939.0
1658409815.254503,945.0
1658409815.2740958,947.0
1658409815.2931385,951.0
1658409815.3130078,939.0
1658409815.3315465,945.0
1658409815.3514526,958.0
1658409815.3709846,951.0
1658409815.3905795,958.0
1658409815.4090977,961.0
1658409815.4277706,968.0
1658409815.4476283,944.0
1658409815.4672153,970.0
1658409815.4858577,958.0
1658409815.5058265,966.0
1658409815.5240428,964.0
1658409815.543381,976.0
1658409815.5622861,971.0
1658409815.582294,980.0
1658409815.6013453,973.0
1658409815.6211786,972.0
1658409815.640064,994.0
1658409815.6599526,977.0
1658409815.679014,985.0
1658409815.69819,989.0
1658409815.7165391,964.0
1658409815.7367413,985.0
1658409815.7562237,1003.0
1658409815.774887,1002.0
1658409815.794347,998.0
1658409815.8131545,998.0
1658409815.8335857,997.0
1658409815.8527722,1006.0
1658409815.8713439,1017.0
1658409815.8907673,1005.0
1658409815.9095404,1007.0
1658409815.9285853,1017.0
1658409815.948912,1018.0
1658409815.9674127,1014.0
1658409815.987373,1019.0
1658409816.0061889,1017.0
1658409816.025818,1021.0
1658409816.0442283,1023.0
1658409816.0638776,1024.0
1658409816.0825853,1023.0
1658409816.102983,1029.0
1658409816.1216736,1027.0
1658409816.1417491,1044.0
1658409816.1596005,1043.0
1658409816.1795819,1027.0
1658409816.1982384,1024.0
1658409816.2175505,1040.0
1658409816.237151,1044.0
1658409816.2569711,1050.0
1658409816.2763486,1050.0
1658409816.2947402,1050.0
1658409816.3144343,1055.0
1658409816.3339295,1071.0
1658409816.3520908,1060.0
1658409816.3721292,1050.0
1658409816.3918374,1051.0
1658409816.4106045,1067.0
1658409816.429598,1067.0
1658409816.448366,1062.0
1658409816.468344,1074.0
1658409816.4869292,1055.0
1658409816.506595,1076.0
1658409816.5259893,1070.0
1658409816.5452917,1074.0
1658409816.563397,1062.0
1658409816.5830636,1064.0
1658409816.6025436,1073.0
1658409816.6221752,1083.0
1658409816.6406126,1063.0
1658409816.6604183,1078.0
1658409816.6791353,1104.0
1658409816.6992269,1104.0
1658409816.717846,1086.0
1658409816.736415,1079.0
1658409816.7565725,1105.0
1658409816.7760093,1099.0
1658409816.7942755,1094.0
1658409816.8136768,1111.0
1658409816.833334,1100.0
1658409816.8527703,1114.0
1658409816.8721578,1123.0
1658409816.8915477,1109.0
1658409816.9095733,1097.0
1658409816.9291284,1112.0
1658409816.9487329,1106.0
1658409816.9680467,1115.0
1658409816.9875617,1121.0
1658409817.0059314,1111.0
1658409817.0254092,1115.0
1658409817.045058,1134.0
1658409817.0633087,1122.0
1658409817.0827334,1118.0
1658409817.1021783,1136.0
1658409817.1218925,1137.0
1658409817.141331,1132.0
1658409817.1595306,1132.0
1658409817.1791263,1139.0
1658409817.1986153,1128.0
1658409817.2180316,1152.0
1658409817.2373202,1159.0
1658409817.2556992,1159.0
1658409817.2752461,1149.0
1658409817.2938235,1141.0
1658409817.313203,1154.0
1658409817.3333845,1157.0
1658409817.3520727,1150.0
1658409817.371898,1161.0
1658409817.3901956,1165.0
1658409817.4107165,1164.0
1658409817.428412,1160.0
1658409817.447692,1150.0
1658409817.467961,1161.0
1658409817.4868844,1185.0
1658409817.5065656,1168.0
1658409817.5246403,1174.0
1658409817.544016,1180.0
1658409817.5632079,1165.0
1658409817.5828187,1184.0
1658409817.6014857,1165.0
1658409817.6209297,1193.0
1658409817.640059,1185.0
1658409817.659727,1180.0
1658409817.6780372,1167.0
1658409817.697924,1190.0
1658409817.717463,1186.0
1658409817.735913,1181.0
1658409817.7560375,1188.0
1658409817.7740922,1202.0
1658409817.7936387,1192.0
1658409817.812878,1204.0
1658409817.8322954,1197.0
1658409817.8516958,1210.0
1658409817.8712528,1195.0
1658409817.8895643,1204.0
1658409817.9088316,1194.0
1658409817.9283066,1215.0
1658409817.9476917,1209.0
1658409817.967004,1214.0
1658409817.986463,1210.0
1658409818.0061033,1221.0
1658409818.0242388,1239.0
1658409818.0436237,1225.0
1658409818.062045,1214.0
1658409818.081347,1220.0
1658409818.1006672,1218.0
1658409818.120193,1231.0
1658409818.1400332,1239.0
1658409818.1583605,1233.0
1658409818.177733,1234.0
1658409818.1970084,1223.0
1658409818.216273,1236.0
1658409818.2357898,1244.0
1658409818.2555714,1249.0
1658409818.2737536,1244.0
1658409818.2931426,1254.0
1658409818.3124173,1245.0
1658409818.3317997,1255.0
1658409818.3511276,1263.0
1658409818.3706126,1257.0
1658409818.3887286,1259.0
1658409818.4079666,1256.0
1658409818.4273977,1270.0
1658409818.4467523,1254.0
1658409818.4662774,1276.0
1658409818.4856372,1276.0
1658409818.5037925,1273.0
1658409818.5234032,1269.0
1658409818.542687,1281.0
1658409818.562216,1283.0
1658409818.5814707,1261.0
1658409818.600742,1262.0
1658409818.6199775,1274.0
1658409818.638293,1287.0
1658409818.6581485,1270.0
1658409818.6773036,1272.0
1658409818.6966774,1305.0
1658409818.7159402,1308.0
1658409818.7351491,1289.0
1658409818.7547426,1269.0
1658409818.772713,1289.0
1658409818.792207,1291.0
1658409818.8113925,1286.0
1658409818.8309333,1284.0
1658409818.850276,1315.0
1658409818.869456,1301.0
1658409818.8894587,1321.0
1658409818.9074411,1294.0
1658409818.926675,1314.0
1658409818.9458885,1287.0
1658409818.9651074,1307.0
1658409818.9844084,1318.0
1658409819.0038757,1313.0
1658409819.0237184,1314.0
1658409819.041635,1327.0
1658409819.0610836,1322.0
1658409819.0801578,1335.0
1658409819.0994475,1304.0
1658409819.1186278,1331.0
1658409819.1380723,1328.0
1658409819.1576009,1340.0
1658409819.1766922,1327.0
1658409819.1959984,1343.0
1658409819.2151241,1299.0
1658409819.2344398,1332.0
1658409819.2537324,1336.0
1658409819.273128,1333.0
1658409819.2924476,1326.0
1658409819.3116539,1311.0
1658409819.3307989,1342.0
1658409819.3500397,1340.0
1658409819.368014,1313.0
1658409819.3871698,1301.0
1658409819.4065952,1332.0
1658409819.4257784,1337.0
1658409819.4449472,1314.0
1658409819.464438,1335.0
1658409819.483763,1341.0
1658409819.503026,1355.0
1658409819.522478,1320.0
1658409819.5417697,1330.0
1658409819.5613015,1320.0
1658409819.580535,1330.0
1658409819.5984826,1337.0
1658409819.6189322,1333.0
1658409819.6371167,1346.0
1658409819.6567304,1330.0
1658409819.6758966,1329.0
1658409819.695094,1341.0
1658409819.714161,1345.0
1658409819.7335024,1348.0
1658409819.7528462,1353.0
1658409819.772113,1349.0
1658409819.791501,1312.0
1658409819.8106337,1339.0
1658409819.8298757,1341.0
1658409819.8490407,1331.0
1658409819.868357,1324.0
1658409819.88755,1333.0
1658409819.906949,1331.0
1658409819.925042,1355.0
1658409819.944182,1332.0
1658409819.963589,1329.0
1658409819.9826908,1329.0
1658409820.0018606,1339.0
1658409820.0224333,1321.0
1658409820.0404963,1348.0
1658409820.060042,1313.0
1658409820.0791554,1356.0
1658409820.0983968,1325.0
1658409820.1175194,1352.0
1658409820.1366842,1305.0
1658409820.1564043,1363.0
1658409820.175582,1344.0
1658409820.1948826,1328.0
1658409820.2140005,1304.0
1658409820.2331889,1344.0
1658409820.252404,1332.0
1658409820.2718449,1334.0
1658409820.291342,1320.0
1658409820.3092299,1314.0
1658409820.328518,1334.0
1658409820.3476267,1343.0
1658409820.3669248,1306.0
1658409820.3862417,1317.0
1658409820.4056067,1343.0
1658409820.4249558,1322.0
1658409820.4439285,1318.0
1658409820.4631484,1336.0
1658409820.4830935,1322.0
1658409820.5017047,1336.0
1658409820.5204716,1348.0
1658409820.5409307,1338.0
1658409820.559818,1325.0
1658409820.5790021,1337.0
1658409820.5983565,1357.0
1658409820.6174705,1326.0
1658409820.635654,1325.0
1658409820.6553326,1328.0
1658409820.674618,1357.0
1658409820.6939976,1335.0
1658409820.713124,1325.0
1658409820.7322834,1352.0
1658409820.7514167,1348.0
1658409820.770786,1335.0
1658409820.790398,1323.0
1658409820.809627,1348.0
1658409820.8288527,1329.0
1658409820.848082,1337.0
1658409820.8673272,1336.0
1658409820.8853223,1340.0
1658409820.9046893,1316.0
1658409820.9239035,1339.0
1658409820.943375,1342.0
1658409820.9627292,1337.0
1658409820.9818234,1326.0
1658409821.001166,1320.0
1658409821.0203211,1346.0
1658409821.0399709,1312.0
1658409821.059238,1354.0
1658409821.0782917,1337.0
1658409821.0975814,1335.0
1658409821.1166852,1318.0
1658409821.1360025,1343.0
1658409821.1554585,1321.0
1658409821.1736455,1323.0
1658409821.1929562,1338.0
1658409821.2122538,1317.0
1658409821.2313938,1346.0
1658409821.2505229,1327.0
1658409821.2697213,1320.0
1658409821.2892246,1336.0
1658409821.3084807,1315.0
1658409821.3276372,1307.0
1658409821.3467138,1315.0
1658409821.36609,1312.0
1658409821.3852186,1319.0
1658409821.4044523,1302.0
1658409821.4238496,1315.0
1658409821.443072,1282.0
1658409821.462359,1295.0
1658409821.4816074,1318.0
1658409821.5009406,1304.0
1658409821.5200891,1301.0
1658409821.5396807,1287.0
1658409821.557872,1295.0
1658409821.5770657,1286.0
1658409821.5963387,1295.0
1658409821.6155214,1288.0
1658409821.6350718,1300.0
1658409821.6546168,1272.0
1658409821.6742108,1271.0
1658409821.6921608,1287.0
1658409821.711418,1313.0
1658409821.7307012,1286.0
1658409821.7498775,1286.0
1658409821.769337,1260.0
1658409821.7885637,1255.0
1658409821.808054,1264.0
1658409821.8271677,1271.0
1658409821.846503,1267.0
1658409821.865966,1273.0
1658409821.8848305,1278.0
1658409821.9036305,1278.0
1658409821.9225202,1260.0
1658409821.9418466,1255.0
1658409821.960951,1252.0
1658409821.9801054,1258.0
1658409821.9993782,1271.0
1658409822.019093,1259.0
1658409822.0390239,1240.0
1658409822.0572634,1251.0
1658409822.0771005,1265.0
1658409822.0965872,1228.0
1658409822.1148503,1223.0
1658409822.134922,1235.0
1658409822.1530085,1235.0
1658409822.1726873,1242.0
1658409822.1924384,1227.0
1658409822.210661,1213.0
1658409822.2304642,1251.0
1658409822.250031,1241.0
1658409822.2681947,1220.0
1658409822.2878087,1188.0
1658409822.3076591,1222.0
1658409822.3259225,1190.0
1658409822.345434,1245.0
1658409822.365137,1230.0
1658409822.3845868,1214.0
1658409822.4030185,1203.0
1658409822.4227936,1218.0
1658409822.441079,1200.0
1658409822.4605129,1197.0
1658409822.4801095,1193.0
1658409822.499694,1203.0
1658409822.5179305,1201.0
1658409822.537691,1202.0
1658409822.5570846,1197.0
1658409822.5764618,1202.0
1658409822.5956368,1195.0
1658409822.6148462,1202.0
1658409822.6340463,1172.0
1658409822.6521037,1198.0
1658409822.6716614,1182.0
1658409822.6910746,1193.0
1658409822.710309,1189.0
1658409822.7293968,1189.0
1658409822.748642,1193.0
1658409822.7678664,1189.0
1658409822.7870235,1185.0
1658409822.806484,1165.0
1658409822.82553,1174.0
1658409822.8447394,1176.0
1658409822.8640993,1167.0
1658409822.8831723,1179.0
1658409822.90236,1174.0
1658409822.9215398,1170.0
1658409822.941178,1170.0
1658409822.9603941,1156.0
1658409822.9796302,1155.0
1658409822.9988062,1164.0
1658409823.0179954,1155.0
1658409823.0371904,1154.0
1658409823.0566,1132.0
1658409823.0758626,1160.0
1658409823.095105,1144.0
1658409823.114288,1156.0
1658409823.1335177,1144.0
1658409823.1527221,1119.0
1658409823.172182,1143.0
1658409823.1902416,1131.0
1658409823.2095208,1143.0
1658409823.228565,1139.0
1658409823.2476962,1126.0
1658409823.2669358,1137.0
1658409823.2860837,1124.0
1658409823.3055954,1120.0
1658409823.3247328,1123.0
1658409823.344051,1132.0
1658409823.3631122,1127.0
1658409823.3834589,1120.0
1658409823.4026725,1104.0
1658409823.4206321,1109.0
1658409823.4414055,1105.0
1658409823.459229,1128.0
1658409823.4796379,1100.0
1658409823.4988084,1117.0
1658409823.5167801,1120.0
1658409823.536065,1100.0
1658409823.5566094,1111.0
1658409823.574572,1095.0
1658409823.5938025,1097.0
1658409823.6130462,1111.0
1658409823.6321797,1100.0
1658409823.651556,1086.0
1658409823.6707535,1101.0
1658409823.6903524,1110.0
1658409823.7095947,1081.0
1658409823.729101,1093.0
1658409823.7485883,1085.0
1658409823.7669861,1084.0
1658409823.7861521,1084.0
1658409823.8053904,1078.0
1658409823.8247197,1090.0
1658409823.843879,1086.0
1658409823.8629513,1081.0
1658409823.88217,1076.0
1658409823.9027138,1072.0
1658409823.9206586,1079.0
1658409823.9401793,1055.0
1658409823.9594386,1055.0
1658409823.9788253,1068.0
1658409823.998074,1055.0
1658409824.0173128,1061.0
1658409824.0365999,1064.0
1658409824.0559504,1054.0
1658409824.0754666,1062.0
1658409824.0951047,1027.0
1658409824.1132898,1058.0
1658409824.132959,1034.0
1658409824.152699,1029.0
1658409824.1709366,1022.0
1658409824.1908023,1038.0
1658409824.2105377,1035.0
1658409824.2287667,1028.0
1658409824.248125,1027.0
1658409824.2677548,1026.0
1658409824.2872217,1020.0
1658409824.3068626,1024.0
1658409824.3261588,1024.0
1658409824.3453948,1021.0
1658409824.3645313,1031.0
1658409824.3836179,1006.0
1658409824.4027328,1021.0
1658409824.4220862,1017.0
1658409824.4416301,1013.0
1658409824.4607468,998.0
1658409824.4798682,994.0
1658409824.49927,1005.0
1658409824.5184455,1003.0
1658409824.537642,1001.0
1658409824.5570617,994.0
1658409824.576204,1004.0
1658409824.5954483,994.0
1658409824.6146653,988.0
1658409824.6337676,994.0
1658409824.6534114,977.0
1658409824.6727893,997.0
1658409824.6909482,986.0
1658409824.7114465,982.0
1658409824.7305098,987.0
1658409824.749713,972.0
1658409824.7690074,982.0
1658409824.7881773,967.0
1658409824.807585,973.0
1658409824.8266957,975.0
1658409824.8460705,978.0
1658409824.8653286,975.0
1658409824.8844657,970.0
1658409824.9036016,964.0
1658409824.9228692,950.0
1658409824.942352,945.0
1658409824.961455,957.0
1658409824.9807703,963.0
1658409825.0000875,946.0
1658409825.0194097,954.0
1658409825.0388384,954.0
1658409825.056959,938.0
1658409825.0760949,946.0
1658409825.095374,945.0
1658409825.114585,941.0
1658409825.1338692,934.0
1658409825.1534326,937.0
1658409825.1730466,931.0
1658409825.1924193,941.0
1658409825.2116156,928.0
1658409825.230806,918.0
1658409825.2502477,924.0
1658409825.269551,932.0
1658409825.288745,925.0
1658409825.3081214,924.0
1658409825.3272383,924.0
1658409825.3464632,916.0
1658409825.3655736,909.0
1658409825.3847625,915.0
1658409825.4040408,905.0
1658409825.4233093,906.0
1658409825.4427748,912.0
1658409825.4619787,904.0
1658409825.4813492,894.0
1658409825.500679,898.0
1658409825.520111,892.0
1658409825.5394263,897.0
1658409825.5577116,886.0
1658409825.5769887,892.0
1658409825.596193,882.0
1658409825.6154177,888.0
1658409825.634866,883.0
1658409825.6549008,885.0
1658409825.6732683,887.0
1658409825.692924,879.0
1658409825.712427,881.0
1658409825.7320828,879.0
1658409825.7505298,886.0
1658409825.7702672,884.0
1658409825.7902997,879.0
1658409825.8085666,873.0
1658409825.828362,870.0
1658409825.8466516,867.0
1658409825.866314,867.0
1658409825.885891,866.0
1658409825.9043872,857.0
1658409825.9245312,854.0
1658409825.9428558,873.0
1658409825.9620552,851.0
1658409825.9813263,836.0
1658409826.0005832,842.0
1658409826.0201714,849.0
1658409826.039388,845.0
1658409826.058827,842.0
1658409826.0781436,835.0
1658409826.0973394,835.0
1658409826.1164901,835.0
1658409826.135652,831.0
1658409826.1551611,827.0
1658409826.1745253,826.0
1658409826.1938465,824.0
1658409826.213008,817.0
1658409826.232162,822.0
1658409826.251456,813.0
1658409826.2706544,812.0
1658409826.290193,819.0
1658409826.3095958,806.0
1658409826.3288605,813.0
1658409826.3482683,808.0
1658409826.367452,809.0
1658409826.3868785,804.0
1658409826.4053957,809.0
1658409826.425236,799.0
1658409826.44493,791.0
1658409826.4630492,801.0
1658409826.4828272,798.0
1658409826.502476,797.0
1658409826.5206268,793.0
1658409826.54027,792.0
1658409826.5602906,793.0
1658409826.5787678,796.0
1658409826.5985656,783.0
1658409826.616836,779.0
1658409826.6364088,779.0
1658409826.6568143,780.0
1658409826.67482,780.0
1658409826.694409,772.0
1658409826.7140896,768.0
1658409826.7333832,773.0
1658409826.7527404,774.0
1658409826.7710907,768.0
1658409826.791149,767.0
1658409826.810865,761.0
1658409826.828972,759.0
1658409826.8488016,752.0
1658409826.8682024,758.0
1658409826.88656,755.0
1658409826.9065514,760.0
1658409826.9262037,752.0
1658409826.9445488,747.0
1658409826.9641337,746.0
1658409826.9836688,749.0
1658409827.0031414,739.0
1658409827.0215528,743.0
1658409827.0414078,735.0
1658409827.0610716,737.0
1658409827.0792663,733.0
1658409827.0987751,728.0
1658409827.1183944,733.0
1658409827.136801,734.0
1658409827.1565874,718.0
1658409827.1761742,726.0
1658409827.195516,721.0
1658409827.2146943,721.0
1658409827.2339685,716.0
1658409827.2532167,708.0
1658409827.2725945,714.0
1658409827.2920642,708.0
1658409827.311187,709.0
1658409827.3303335,712.0
1658409827.3495424,703.0
1658409827.368791,698.0
1658409827.3881118,705.0
1658409827.4076743,707.0
1658409827.426886,705.0
1658409827.446075,706.0
1658409827.4651582,695.0
1658409827.4844007,693.0
1658409827.5036054,698.0
1658409827.522974,691.0
1658409827.542202,689.0
1658409827.5613992,685.0
1658409827.5807178,678.0
1658409827.5999074,675.0
1658409827.6190984,675.0
1658409827.6383245,685.0
1658409827.658105,678.0
1658409827.6773858,672.0
1658409827.6966228,671.0
1658409827.7157779,670.0
1658409827.735119,669.0
1658409827.7543197,664.0
1658409827.7737586,666.0
1658409827.7916188,667.0
1658409827.8120122,659.0
1658409827.8311925,656.0
1658409827.8505123,650.0
1658409827.8696578,644.0
1658409827.889098,645.0
1658409827.9084249,650.0
1658409827.9263837,645.0
1658409827.9468439,634.0
1658409827.9659393,642.0
1658409827.9853153,643.0
1658409828.004559,638.0
1658409828.0239458,632.0
1658409828.0430923,634.0
1658409828.0623467,635.0
1658409828.0815904,632.0
1658409828.1007519,621.0
1658409828.1198776,629.0
1658409828.1393614,619.0
1658409828.1586277,622.0
1658409828.1777816,624.0
1658409828.1968892,620.0
1658409828.2160437,611.0
1658409828.2353206,608.0
1658409828.2547927,612.0
1658409828.274166,609.0
1658409828.2934835,602.0
1658409828.3126388,608.0
1658409828.331794,601.0
1658409828.3509815,598.0
1658409828.370098,603.0
1658409828.3894737,596.0
1658409828.4089417,587.0
1658409828.4283404,589.0
1658409828.4475596,592.0
1658409828.4656153,586.0
1658409828.484784,583.0
1658409828.5040631,579.0
1658409828.5238204,581.0
1658409828.543303,584.0
1658409828.5627544,575.0
1658409828.5822482,583.0
1658409828.6003184,577.0
1658409828.619572,576.0
1658409828.63909,569.0
1658409828.65894,569.0
1658409828.678213,568.0
1658409828.6977324,562.0
1658409828.7169707,572.0
1658409828.736313,564.0
1658409828.7545161,554.0
1658409828.7740178,560.0
1658409828.793295,546.0
1658409828.8126748,550.0
1658409828.8320646,544.0
1658409828.8513494,548.0
1658409828.8707054,545.0
1658409828.8903358,543.0
1658409828.9096322,535.0
1658409828.927619,537.0
1658409828.946926,540.0
1658409828.9662917,536.0
1658409828.9856517,525.0
1658409829.0050766,535.0
1658409829.0248406,523.0
1658409829.0441544,528.0
1658409829.0635417,526.0
1658409829.0830266,519.0
1658409829.100987,523.0
1658409829.120373,518.0
1658409829.1398683,518.0
1658409829.159476,514.0
1658409829.1786876,519.0
1658409829.1978877,513.0
1658409829.217168,510.0
1658409829.236463,503.0
1658409829.255896,502.0
1658409829.275276,502.0
1658409829.2933729,498.0
1658409829.3127828,498.0
1658409829.3326306,495.0
1658409829.3526433,492.0
1658409829.3710089,488.0
1658409829.3897939,490.0
1658409829.409746,492.0
1658409829.4291878,488.0
1658409829.4476457,485.0
1658409829.4673975,483.0
1658409829.486933,482.0
1658409829.5054007,476.0
1658409829.5253487,471.0
1658409829.5437098,474.0
1658409829.5635445,467.0
1658409829.583281,470.0
1658409829.6017442,463.0
1658409829.6214073,461.0
1658409829.6398764,461.0
1658409829.6597164,461.0
1658409829.678325,459.0
1658409829.698258,453.0
1658409829.7175193,452.0
1658409829.736758,452.0
1658409829.7562118,448.0
1658409829.7746298,446.0
1658409829.7943015,446.0
1658409829.8139873,439.0
1658409829.8327217,444.0
1658409829.85191,441.0
1658409829.8716395,433.0
1658409829.8914685,439.0
1658409829.909606,434.0
1658409829.9295669,433.0
1658409829.9483376,426.0
1658409829.9681802,429.0
1658409829.9865448,422.0
1658409830.0067585,427.0
1658409830.0253158,425.0
1658409830.0442784,419.0
1658409830.0638661,419.0
1658409830.0827296,415.0
1658409830.1021595,414.0
1658409830.1221416,414.0
1658409830.1407845,412.0
1658409830.1600494,412.0
1658409830.1790183,409.0
1658409830.1983523,405.0
1658409830.2180195,403.0
1658409830.237319,404.0
1658409830.2569582,398.0
1658409830.27601,399.0
1658409830.295329,393.0
1658409830.3137038,392.0
1658409830.333702,387.0
1658409830.35198,389.0
1658409830.3724618,387.0
1658409830.3907115,382.0
1658409830.410673,380.0
1658409830.4292839,381.0
1658409830.4486222,376.0
1658409830.4679677,372.0
1658409830.4873326,371.0
1658409830.5068872,368.0
1658409830.5262167,371.0
1658409830.544729,367.0
1658409830.564054,366.0
1658409830.5834386,361.0
1658409830.6027339,359.0
1658409830.6222425,354.0
1658409830.6411834,353.0
1658409830.6601377,350.0
1658409830.6801035,351.0
1658409830.7002254,352.0
1658409830.7186947,345.0
1658409830.7401555,344.0
1658409830.7589064,339.0
1658409830.778785,340.0
1658409830.7977903,337.0
1658409830.8173127,340.0
1658409830.837176,337.0
1658409830.8567102,337.0
1658409830.8759642,342.0
1658409830.8961155,340.0
1658409830.9149454,338.0
1658409830.9354274,336.0
1658409830.9540699,339.0
1658409830.975046,339.0
1658409830.9941604,336.0
1658409831.0146742,339.0
1658409831.0333805,340.0
1658409831.0523133,340.0
1658409831.0734246,341.0
1658409831.0921938,335.0
1658409831.112224,339.0
1658409831.1314366,340.0
1658409831.1504343,338.0
1658409831.170565,338.0
1658409831.1907866,339.0
1658409831.2093954,339.0
1658409831.229111,340.0
1658409831.2484777,338.0
1658409831.2681348,338.0
1658409831.289247,338.0
1658409831.3075051,337.0
1658409831.328219,339.0
1658409831.3478632,337.0
1658409831.367493,338.0
1658409831.386846,336.0
1658409831.4068077,336.0
1658409831.4262335,339.0
1658409831.4458003,334.0
1658409831.4655876,337.0
1658409831.4849017,340.0
1658409831.5046992,337.0
1658409831.5242152,338.0
1658409831.543529,341.0
1658409831.5629852,338.0
1658409831.5824473,337.0
1658409831.60206,336.0
1658409831.6220999,337.0
1658409831.6413841,339.0
1658409831.660697,336.0
1658409831.6806884,337.0
1658409831.700663,339.0
1658409831.7204115,337.0
1658409831.7393963,338.0
1658409831.759346,337.0
1658409831.7789795,336.0
1658409831.7987573,339.0
1658409831.8182883,336.0
1658409831.8378992,338.0
1658409831.8577728,339.0
1658409831.8776078,337.0
1658409831.8971617,336.0
1658409831.9166036,338.0
1658409831.9361222,339.0
1658409831.9561195,336.0
1658409831.9753852,337.0
1658409831.9945047,338.0
1658409832.015191,337.0
1658409832.0342903,339.0
1658409832.053536,338.0
1658409832.0728433,337.0
1658409832.0934627,335.0
1658409832.1127832,338.0
1658409832.1320226,337.0
1658409832.1512265,341.0
1658409832.1717448,336.0
1658409832.1911469,335.0
1658409832.2103465,338.0
1658409832.2308908,339.0
1658409832.250124,337.0
1658409832.2693279,339.0
1658409832.290056,338.0
1658409832.3082309,338.0
1658409832.3287404,338.0
1658409832.3480508,339.0
1658409832.367131,339.0
1658409832.3875842,339.0
1658409832.4071038,337.0
1658409832.4262264,340.0
1658409832.44552,339.0
1658409832.4659817,340.0
1658409832.48509,337.0
1658409832.5057466,338.0
1658409832.5250764,337.0
1658409832.544423,337.0
1658409832.5635202,336.0
1658409832.5841222,340.0
1658409832.60333,339.0
1658409832.6229033,337.0
1658409832.642313,338.0
1658409832.6618712,337.0
1658409832.6811078,341.0
1658409832.7016912,338.0
1658409832.7207806,336.0
1658409832.7402844,336.0
1658409832.759503,338.0
1658409832.7799835,340.0
1658409832.799165,336.0
1658409832.8195179,338.0
1658409832.8387945,339.0
1658409832.8582196,339.0
1658409832.8773959,339.0
1658409832.897983,339.0
1658409832.9172878,336.0
1658409832.9364648,336.0
1658409832.9572048,336.0
1658409832.9763427,338.0
1658409832.9955707,336.0
1658409833.0149474,335.0
1658409833.0355482,335.0
1658409833.0549183,337.0
1658409833.0742507,337.0
1658409833.0933583,337.0
1658409833.113584,340.0
1658409833.133052,337.0
1658409833.1533446,337.0
1658409833.172648,338.0
1658409833.1918,336.0
1658409833.2122974,340.0
1658409833.2315943,338.0
1658409833.2509198,336.0
1658409833.270121,336.0
1658409833.2908795,338.0
1658409833.310037,338.0
1658409833.329204,338.0
1658409833.3485682,340.0
1658409833.3691468,338.0
1658409833.3884106,334.0
1658409833.4077878,334.0
1658409833.4269524,338.0
1658409833.4475002,339.0
1658409833.4666193,339.0
1658409833.4871247,337.0
1658409833.5069332,337.0
1658409833.5261235,335.0
1658409833.5454726,340.0
1658409833.5646365,337.0
1658409833.585116,341.0
1658409833.604356,336.0
1658409833.6238337,341.0
1658409833.6431742,338.0
1658409833.6627614,337.0
1658409833.6820064,333.0
1658409833.7026505,336.0
1658409833.72193,338.0
1658409833.741377,338.0
1658409833.7605114,341.0
1658409833.7810066,336.0
1658409833.8001466,340.0
1658409833.8193924,337.0
1658409833.8401113,337.0
1658409833.8593643,337.0
1658409833.8785095,339.0
1658409833.8989549,337.0
1658409833.918054,337.0
1658409833.9372494,336.0
1658409833.9580157,338.0
1658409833.9771323,337.0
1658409833.9963162,337.0
1658409834.0154722,339.0
1658409834.0360363,338.0
1658409834.0553668,337.0
1658409834.0746496,338.0
1658409834.0940235,340.0
1658409834.1146457,338.0
1658409834.133906,336.0
1658409834.1531575,335.0
1658409834.1738253,340.0
1658409834.192967,338.0
1658409834.2121248,339.0
1658409834.2311938,336.0
1658409834.2517354,334.0
1658409834.2707942,338.0
1658409834.2902439,335.0
1658409834.3108892,336.0
1658409834.3299274,339.0
1658409834.349262,340.0
1658409834.3697293,339.0
1658409834.3889835,339.0
1658409834.4083705,339.0
1658409834.4275787,339.0
1658409834.4481013,337.0
1658409834.467195,337.0
1658409834.4862661,337.0
1658409834.507073,339.0
1658409834.526243,336.0
1658409834.5454495,338.0
1658409834.5661063,336.0
1658409834.5853179,339.0
1658409834.6045043,336.0
1658409834.6238387,340.0
1658409834.644364,341.0
1658409834.6641011,338.0
1658409834.6834185,337.0
1658409834.7026598,339.0
1658409834.7233555,338.0
1658409834.7426417,339.0
1658409834.7618675,335.0
1658409834.7810218,336.0
1658409834.8014913,332.0
1658409834.8206577,339.0
1658409834.839809,337.0
1658409834.8605142,337.0
1658409834.879665,339.0
1658409834.8987634,337.0
1658409834.91931,336.0
1658409834.9384665,336.0
1658409834.957903,340.0
1658409834.9772036,338.0
1658409834.9978402,336.0
1658409835.0173292,337.0
1658409835.0365667,339.0
1658409835.0558915,339.0
1658409835.0764914,337.0
1658409835.0956113,340.0
1658409835.114836,336.0
1658409835.1353765,339.0
1658409835.1546843,336.0
1658409835.1740086,339.0
1658409835.1931605,336.0
1658409835.213629,335.0
1658409835.2327385,340.0
1658409835.2520838,334.0
1658409835.2725966,342.0
1658409835.2920876,339.0
1658409835.311211,337.0
1658409835.3316963,335.0
1658409835.3508656,336.0
1658409835.3699858,336.0
1658409835.3907602,336.0
1658409835.4100227,338.0
1658409835.4291787,339.0
1658409835.4482675,340.0
1658409835.4688318,342.0
1658409835.4880307,336.0
1658409835.5073004,342.0
1658409835.5279734,336.0
1658409835.5472627,336.0
1658409835.5664322,337.0
1658409835.5869288,338.0
1658409835.6062949,336.0
1658409835.625667,338.0
1658409835.6450052,335.0
1658409835.6646278,338.0
1658409835.6850603,339.0
1658409835.704261,339.0
1658409835.7236915,336.0
1658409835.7429576,337.0
1658409835.7636,339.0
1658409835.782686,333.0
1658409835.8017704,337.0
1658409835.82233,338.0
1658409835.8418348,338.0
1658409835.860969,338.0
1658409835.8814516,337.0
1658409835.9005494,334.0
1658409835.9196467,336.0
1658409835.940529,333.0
1658409835.9596894,338.0
1658409835.978862,338.0
1658409835.9992833,336.0
1658409836.018558,336.0
1658409836.0376732,339.0
1658409836.0570252,337.0
1658409836.0775924,336.0
1658409836.0967104,336.0
1658409836.1158109,337.0
1658409836.1363156,338.0
1658409836.1557658,339.0
1658409836.1749845,340.0
1658409836.1953683,336.0
1658409836.2146006,336.0
1658409836.2336457,338.0
1658409836.2540784,339.0
1658409836.273399,338.0
1658409836.2938416,339.0
1658409836.313069,337.0
1658409836.3321688,335.0
1658409836.3526819,337.0
1658409836.3720374,337.0
1658409836.3913372,338.0
1658409836.4105763,338.0
1658409836.431009,341.0
1658409836.450162,339.0
1658409836.4693022,338.0
1658409836.4904437,340.0
1658409836.5086164,340.0
1658409836.5282352,334.0
1658409836.5479274,339.0
1658409836.5675864,337.0
1658409836.5869796,339.0
1658409836.606882,339.0
1658409836.62637,336.0
1658409836.646124,336.0
1658409836.666205,337.0
1658409836.6856585,339.0
1658409836.7052176,338.0
1658409836.7246535,338.0
1658409836.7439654,338.0
1658409836.7636921,337.0
1658409836.7833245,340.0
1658409836.8028615,336.0
1658409836.82268,337.0
1658409836.842035,335.0
1658409836.8625643,338.0
1658409836.8816988,339.0
1658409836.9020813,335.0
1658409836.9213843,337.0
1658409836.9408898,336.0
1658409836.9600646,337.0
1658409836.9805303,338.0
1658409836.9996676,336.0
1658409837.0190673,337.0
1658409837.039695,337.0
1658409837.059085,338.0
1658409837.078246,335.0
1658409837.0976212,339.0
1658409837.1167598,335.0
1658409837.1373625,336.0
1658409837.1569402,338.0
1658409837.1763015,340.0
1658409837.1955645,343.0
1658409837.216111,336.0
1658409837.2352538,340.0
1658409837.2544236,339.0
1658409837.2751772,337.0
1658409837.2943568,339.0
1658409837.3136048,337.0
1658409837.3327358,337.0
1658409837.3532135,338.0
1658409837.3726072,336.0
1658409837.391811,340.0
1658409837.4123604,337.0
1658409837.4314775,334.0
1658409837.45068,337.0
1658409837.4711962,341.0
1658409837.4905558,337.0
1658409837.5097435,335.0
1658409837.5301676,339.0
1658409837.5493484,337.0
1658409837.5685253,336.0
1658409837.5892289,337.0
1658409837.6085548,340.0
1658409837.627607,336.0
1658409837.6469278,338.0
1658409837.6663492,341.0
1658409837.6868637,336.0
1658409837.706259,338.0
1658409837.7255106,337.0
1658409837.7448537,338.0
1658409837.7653704,336.0
1658409837.7846434,333.0
1658409837.8037748,336.0
1658409837.8244507,337.0
1658409837.8436935,339.0
1658409837.862938,336.0
1658409837.883466,341.0
1658409837.9025853,341.0
1658409837.9216907,335.0
1658409837.9424424,337.0
1658409837.9616334,339.0
1658409837.9808443,339.0
1658409838.0013652,338.0
1658409838.0206218,334.0
1658409838.0399384,338.0
1658409838.0591917,336.0
1658409838.0797896,337.0
1658409838.098981,339.0
1658409838.1181455,341.0
1658409838.1386728,337.0
1658409838.1580205,338.0
1658409838.1778698,336.0
1658409838.1968963,336.0
1658409838.216104,336.0
1658409838.236514,335.0
1658409838.255869,336.0
1658409838.2752995,337.0
1658409838.2945035,340.0
1658409838.3150997,338.0
1658409838.3342564,337.0
1658409838.3534064,340.0
1658409838.3741465,334.0
1658409838.3933687,339.0
1658409838.412544,340.0
1658409838.4329715,338.0
1658409838.4521816,343.0
1658409838.4714558,340.0
1658409838.4908764,339.0
1658409838.511399,339.0
1658409838.5307221,339.0
1658409838.5498633,338.0
1658409838.5703552,339.0
1658409838.5897164,340.0
1658409838.609114,338.0
1658409838.6282158,337.0
1658409838.6488492,340.0
1658409838.6687095,336.0
1658409838.6871128,334.0
1658409838.7077808,339.0
1658409838.726386,339.0
1658409838.746752,338.0
1658409838.7668304,336.0
1658409838.786315,339.0
1658409838.804928,336.0
1658409838.8246303,337.0
1658409838.84439,339.0
1658409838.8637733,338.0
1658409838.8833594,338.0
1658409838.9030347,341.0
1658409838.9228325,341.0
1658409838.9425004,338.0
1658409838.9620044,336.0
1658409838.9816258,337.0
1658409839.0023873,336.0
1658409839.0218768,338.0
1658409839.0416434,337.0
1658409839.061114,337.0
1658409839.080568,334.0
1658409839.1001818,338.0
1658409839.119696,339.0
1658409839.139319,338.0
1658409839.1588025,341.0
1658409839.1782365,336.0
1658409839.1977758,335.0
1658409839.2171237,340.0
1658409839.2366617,339.0
1658409839.2575202,338.0
1658409839.276923,337.0
1658409839.296289,341.0
1658409839.3156834,334.0
1658409839.3349397,338.0
1658409839.3556256,339.0
1658409839.3750436,339.0
1658409839.3942752,339.0
1658409839.4136677,338.0
1658409839.433092,342.0
1658409839.4536252,340.0
1658409839.473348,340.0
1658409839.4926853,337.0
1658409839.512035,341.0
1658409839.5313363,339.0
1658409839.5506055,334.0
1658409839.5712132,340.0
1658409839.5908608,339.0
1658409839.6106088,341.0
1658409839.6295707,342.0
1658409839.6488929,341.0
1658409839.669514,340.0
1658409839.6887548,339.0
1658409839.7082472,338.0
1658409839.7273102,341.0
1658409839.7473195,337.0
1658409839.767502,336.0
1658409839.78621,336.0
1658409839.8067265,338.0
1658409839.825942,336.0
1658409839.8452373,335.0
1658409839.8646667,336.0
1658409839.8853488,335.0
1658409839.904818,338.0
1658409839.9243703,336.0
1658409839.9436252,336.0
1658409839.9631977,337.0
1658409839.982504,340.0
1658409840.0040424,336.0
1658409840.0228682,335.0
1658409840.042571,337.0
1658409840.0622082,336.0
1658409840.0808752,337.0
1658409840.1013455,338.0
1658409840.120912,337.0
1658409840.1400218,338.0
1658409840.159204,336.0
1658409840.1798751,340.0
1658409840.1990244,336.0
1658409840.218275,335.0
1658409840.2387614,337.0
1658409840.2579632,336.0
1658409840.2773874,338.0
1658409840.2965188,338.0
1658409840.3171897,336.0
1658409840.3363729,339.0
1658409840.3557918,340.0
1658409840.3764536,337.0
1658409840.3956225,339.0
1658409840.4148276,338.0
1658409840.4340215,335.0
1658409840.454386,337.0
1658409840.4735916,336.0
1658409840.4930108,337.0
1658409840.5136,339.0
1658409840.5330029,337.0
1658409840.552116,337.0
1658409840.572556,335.0
1658409840.5921264,336.0
1658409840.6116188,337.0
1658409840.6308677,341.0
1658409840.65124,336.0
1658409840.6704307,338.0
1658409840.6902623,341.0
1658409840.7092519,336.0
1658409840.7286441,335.0
1658409840.7491064,336.0
1658409840.7683747,337.0
1658409840.7881227,340.0
1658409840.8074152,336.0
1658409840.8274305,338.0
1658409840.8471456,338.0
1658409840.8657572,339.0
1658409840.8858492,336.0
1658409840.9055078,339.0
1658409840.925741,334.0
1658409840.944654,339.0
1658409840.964651,338.0
1658409840.984044,337.0
1658409841.0044324,334.0
1658409841.0234706,338.0
1658409841.0429368,336.0
1658409841.0623024,340.0
1658409841.0818741,335.0
1658409841.1024888,338.0
1658409841.1222813,337.0
1658409841.1409113,338.0
1658409841.160755,336.0
1658409841.1807659,337.0
1658409841.2006893,335.0
1658409841.219194,339.0
1658409841.2392592,341.0
1658409841.2592218,339.0
1658409841.2791183,340.0
1658409841.2988508,339.0
1658409841.317342,336.0
1658409841.3372304,337.0
1658409841.3573716,339.0
1658409841.376067,341.0
1658409841.3959026,336.0
1658409841.4156172,338.0
1658409841.435525,335.0
1658409841.4553802,338.0
1658409841.4753065,339.0
1658409841.4950116,335.0
1658409841.5134256,339.0
1658409841.5333517,341.0
1658409841.5533447,334.0
1658409841.5729344,337.0
1658409841.5924814,339.0
1658409841.611838,335.0
1658409841.6313858,337.0
1658409841.6508915,340.0
1658409841.6705678,337.0
1658409841.6904967,340.0
1658409841.70989,340.0
1658409841.7293458,335.0
1658409841.7502134,336.0
1658409841.7695992,338.0
1658409841.789226,337.0
1658409841.8086174,338.0
1658409841.8279967,335.0
1658409841.8474438,337.0
1658409841.8668308,336.0
1658409841.8864105,338.0
1658409841.907278,340.0
1658409841.926688,339.0
1658409841.9460983,342.0
1658409841.965564,339.0
1658409841.985069,334.0
1658409842.0044737,338.0
1658409842.024251,336.0
1658409842.0436306,341.0
1658409842.0631173,342.0
1658409842.0826283,336.0
1658409842.103391,339.0
1658409842.123001,339.0
1658409842.1427114,339.0
1658409842.162283,339.0
1658409842.1818547,339.0
1658409842.2013443,337.0
1658409842.2207828,335.0
1658409842.2404795,337.0
1658409842.260013,339.0
1658409842.2795997,336.0
1658409842.299156,339.0
1658409842.3185022,337.0
1658409842.338133,336.0
1658409842.3579044,340.0
1658409842.3774266,339.0
1658409842.3969646,339.0
1658409842.4163983,339.0
1658409842.4359834,336.0
1658409842.4569614,333.0
1658409842.4763126,336.0
1658409842.4960294,337.0
1658409842.5154696,339.0
1658409842.5348198,336.0
1658409842.5544205,337.0
1658409842.5742047,338.0
1658409842.593962,337.0
1658409842.6134696,336.0
1658409842.6329691,338.0
1658409842.6526792,338.0
1658409842.6724052,339.0
1658409842.6922727,341.0
1658409842.7116816,340.0
1658409842.7311234,343.0
1658409842.7506886,336.0
