1657635388.5340037,759
1657635388.5641422,779
1657635388.5931003,759
1657635388.6230698,728
1657635388.6513712,759
1657635388.6791637,731
1657635388.7071214,733
1657635388.7349079,794
1657635388.762834,734
1657635388.790784,701
1657635388.8185353,786
1657635388.8463902,777
1657635388.8753805,739
1657635388.9031148,738
1657635388.9309673,782
1657635388.9588802,794
1657635388.9868793,761
1657635389.0147157,755
1657635389.0426595,756
1657635389.0704622,753
1657635389.0985518,742
1657635389.1264844,720
1657635389.154353,758
1657635389.1824734,774
1657635389.2108028,708
1657635389.2392166,698
1657635389.267485,753
1657635389.2955139,744
1657635389.3236783,731
1657635389.3517241,755
1657635389.3797042,722
1657635389.4077847,793
1657635389.4356694,746
1657635389.4651031,751
1657635389.4942033,730
1657635389.5232673,776
1657635389.552815,778
1657635389.5814915,753
1657635389.6108222,776
1657635389.6400506,784
1657635389.6688504,721
1657635389.6982996,725
1657635389.7270699,749
1657635389.7559307,763
1657635389.7850914,718
1657635389.8146207,760
1657635389.8437855,730
1657635389.8734365,770
1657635389.9029598,702
1657635389.932446,742
1657635389.9624658,761
1657635389.9915876,708
1657635390.0208948,736
1657635390.0510879,770
1657635390.0841649,769
1657635390.1134994,723
1657635390.1426437,777
1657635390.1724553,764
1657635390.201901,745
1657635390.2312794,749
1657635390.2605407,770
1657635390.2896428,768
1657635390.3189826,795
1657635390.3483517,706
1657635390.3774412,703
1657635390.406431,736
1657635390.4358058,754
1657635390.4651856,759
1657635390.4941823,713
1657635390.523131,797
1657635390.5524962,739
1657635390.5814636,787
1657635390.610764,784
1657635390.6400394,744
1657635390.6694279,738
1657635390.6986215,784
1657635390.7278423,719
1657635390.7567852,750
1657635390.7861116,726
1657635390.8152952,744
1657635390.8445497,731
1657635390.8738415,724
1657635390.9031255,694
1657635390.9323418,738
1657635390.9622471,772
1657635390.9914365,741
1657635391.0207076,768
1657635391.049742,748
1657635391.07923,708
1657635391.1085143,724
1657635391.13764,749
1657635391.1668694,747
1657635391.1958337,744
1657635391.2251213,747
1657635391.2541654,749
1657635391.2834554,702
1657635391.3125923,752
1657635391.3419256,760
1657635391.371443,721
1657635391.401043,769
1657635391.4302337,737
1657635391.4593718,756
1657635391.4892192,731
1657635391.5189574,763
1657635391.54865,746
1657635391.5773575,750
1657635391.607615,703
1657635391.6361766,745
1657635391.6646836,770
1657635391.6936276,730
1657635391.7233357,750
1657635391.7519073,754
1657635391.7805388,781
1657635391.809629,758
1657635391.8384414,761
1657635391.8671877,775
1657635391.896339,778
1657635391.9252186,756
1657635391.9540792,747
1657635391.9828122,745
1657635392.0122647,749
1657635392.0411289,769
1657635392.0702577,732
1657635392.0992746,763
1657635392.1284585,780
1657635392.1572526,778
1657635392.1868184,744
1657635392.215919,729
1657635392.2450552,795
1657635392.274932,768
1657635392.303939,712
1657635392.332755,730
1657635392.3616345,793
1657635392.390284,766
1657635392.4189835,758
1657635392.4478524,733
1657635392.4768658,733
1657635392.5059397,744
1657635392.534798,739
1657635392.5635927,746
1657635392.5922441,716
1657635392.6209967,726
1657635392.6497834,738
1657635392.6787493,781
1657635392.7074285,757
1657635392.7362823,707
1657635392.7649853,779
1657635392.793698,754
1657635392.8242226,721
1657635392.8536544,740
1657635392.883998,740
1657635392.9142933,737
1657635392.9445808,758
1657635392.9745202,747
1657635393.004175,734
1657635393.0335498,768
1657635393.0623124,765
1657635393.0902493,760
1657635393.1182196,754
1657635393.1469235,746
1657635393.1755054,769
1657635393.20349,736
1657635393.231539,736
1657635393.2595134,744
1657635393.287805,717
1657635393.3160949,747
1657635393.3441103,781
1657635393.3721318,767
1657635393.4001129,757
1657635393.42834,764
1657635393.4564943,746
1657635393.4848757,785
1657635393.5129979,733
1657635393.5410974,730
1657635393.5691211,769
1657635393.5971255,750
1657635393.6261353,722
1657635393.6542919,751
1657635393.6837745,728
1657635393.7134037,747
1657635393.7427335,733
1657635393.7723858,722
1657635393.8024535,742
1657635393.8314478,737
1657635393.8603706,747
1657635393.8894067,741
1657635393.9184575,715
1657635393.9476137,725
1657635393.976765,723
1657635394.0059083,746
1657635394.0351036,713
1657635394.0638103,769
1657635394.092777,692
1657635394.1218586,778
1657635394.1508574,769
1657635394.1797168,743
1657635394.2085931,731
1657635394.2373993,750
1657635394.2663453,753
1657635394.2958164,710
1657635394.3249552,770
1657635394.3542511,732
1657635394.383345,756
1657635394.412748,715
1657635394.441998,722
1657635394.4713755,779
1657635394.500248,724
1657635394.5293918,740
1657635394.5585146,791
1657635394.5877087,749
1657635394.6169038,742
1657635394.64591,731
1657635394.6748102,755
1657635394.7034235,724
1657635394.732374,716
1657635394.7610722,770
1657635394.789941,745
1657635394.8186545,758
1657635394.8472354,746
1657635394.8758292,798
1657635394.9045134,768
1657635394.9330156,778
1657635394.9615536,755
1657635394.99024,776
1657635395.018879,777
1657635395.0475051,769
1657635395.0762942,727
1657635395.1050541,731
1657635395.1339166,803
1657635395.1625714,735
1657635395.191403,742
1657635395.2200515,789
1657635395.248588,731
1657635395.277119,710
1657635395.305874,747
1657635395.334646,733
1657635395.3635287,736
1657635395.3926454,780
1657635395.4216769,748
1657635395.4502323,804
1657635395.4789898,768
1657635395.5078886,733
1657635395.5367644,742
1657635395.5653915,769
1657635395.594395,719
1657635395.6234329,789
1657635395.652161,729
1657635395.6809347,748
1657635395.7097564,743
1657635395.7383566,746
1657635395.766955,722
1657635395.7958558,786
1657635395.8247144,747
1657635395.853725,777
1657635395.8826616,800
1657635395.9117563,755
1657635395.9405692,713
1657635395.9694543,763
1657635395.9981039,751
1657635396.0271559,720
1657635396.0556993,741
1657635396.0843775,720
1657635396.1130803,758
1657635396.1417127,731
1657635396.170602,719
1657635396.1997826,763
1657635396.2286444,735
1657635396.2574873,736
1657635396.2863867,805
1657635396.3155506,751
1657635396.3445823,739
1657635396.373551,761
1657635396.4028015,697
1657635396.4315205,773
1657635396.4600692,754
1657635396.4886727,767
1657635396.5172875,787
1657635396.5457995,774
1657635396.5743587,728
1657635396.6031547,763
1657635396.6318383,744
1657635396.6604118,706
1657635396.6890585,771
1657635396.7178473,791
1657635396.7466605,753
1657635396.7755978,721
1657635396.8045719,739
1657635396.8335257,697
1657635396.8624296,748
1657635396.891128,740
1657635396.9201465,754
1657635396.9490583,800
1657635396.977844,751
1657635397.0068517,777
1657635397.0354416,740
1657635397.0640063,774
1657635397.093001,746
1657635397.1216652,728
1657635397.1502874,746
1657635397.1788373,729
1657635397.2076495,736
1657635397.2362578,721
1657635397.2648535,753
1657635397.2935128,729
1657635397.322232,735
1657635397.350797,710
1657635397.3793344,752
1657635397.408268,714
1657635397.436884,719
1657635397.4654884,822
1657635397.494166,742
1657635397.5229406,706
1657635397.55153,731
1657635397.5800252,767
1657635397.6087353,702
1657635397.6372647,755
1657635397.665776,754
1657635397.694629,727
1657635397.723365,743
1657635397.7519817,746
1657635397.7805018,753
1657635397.8093581,744
1657635397.8379414,743
1657635397.8664231,741
1657635397.895046,743
1657635397.9237065,715
1657635397.9522233,753
1657635397.9807112,708
1657635398.00949,748
1657635398.0380518,732
1657635398.066515,744
1657635398.0954304,758
1657635398.1243865,775
1657635398.1533282,776
1657635398.1819234,736
1657635398.2107706,739
1657635398.2393577,782
1657635398.267912,765
1657635398.2965338,780
1657635398.325259,765
1657635398.3538685,726
1657635398.382459,772
1657635398.4115462,766
1657635398.4401696,765
1657635398.4687276,787
1657635398.497586,778
1657635398.526331,775
1657635398.5549152,713
1657635398.5833738,755
1657635398.6121697,744
1657635398.640673,747
1657635398.6691484,747
1657635398.6978295,726
1657635398.726632,770
1657635398.7554796,743
1657635398.7839947,763
1657635398.8127878,804
1657635398.8416967,771
1657635398.8702128,747
1657635398.8988938,780
1657635398.9278545,737
1657635398.956791,750
1657635398.9853375,758
1657635399.0142334,731
1657635399.0428195,732
1657635399.0713902,692
1657635399.1003141,740
1657635399.1289957,740
1657635399.1575613,740
1657635399.1861029,740
1657635399.2148046,729
1657635399.2433712,752
1657635399.272023,749
1657635399.3008924,749
1657635399.3297966,766
1657635399.3590465,757
1657635399.3884869,712
1657635399.4177139,798
1657635399.4473603,717
1657635399.476692,749
1657635399.5053544,794
1657635399.534129,758
1657635399.562359,764
1657635399.5912156,703
1657635399.6203282,736
1657635399.6493597,762
1657635399.6773973,781
1657635399.705271,738
1657635399.7331,767
1657635399.7608051,742
1657635399.7884798,777
1657635399.8171213,758
1657635399.847786,762
1657635399.8768668,785
1657635399.9078395,783
1657635399.93584,699
1657635399.9636123,730
1657635399.9913116,736
1657635400.019185,757
1657635400.0469007,776
1657635400.0746644,749
1657635400.1026764,739
1657635400.1305313,753
1657635400.1582422,742
1657635400.1858923,769
1657635400.2145107,767
1657635400.2434125,763
1657635400.2722173,765
1657635400.3011427,738
1657635400.3298144,754
1657635400.3583584,769
1657635400.386974,777
1657635400.415728,722
1657635400.4444327,780
1657635400.472973,738
1657635400.5016105,742
1657635400.5303392,750
1657635400.5588768,739
1657635400.5875752,726
1657635400.6162753,759
1657635400.6448505,717
1657635400.6733572,744
1657635400.7020493,752
1657635400.7307568,736
1657635400.7592688,701
1657635400.7877285,758
1657635400.8165183,739
1657635400.8451154,755
1657635400.8736243,722
1657635400.9021986,736
1657635400.9309254,718
1657635400.9594908,722
1657635400.9880955,703
1657635401.0168848,746
1657635401.0455694,747
1657635401.0741,784
1657635401.102873,771
1657635401.1316102,724
1657635401.1602025,769
1657635401.1886768,712
1657635401.217493,763
1657635401.24606,761
1657635401.2745736,712
1657635401.3031726,727
1657635401.3321052,749
1657635401.3607874,764
1657635401.3893645,736
1657635401.4181786,751
1657635401.4469779,771
1657635401.4755917,757
1657635401.504187,741
1657635401.5329804,746
1657635401.5615416,750
1657635401.5900059,725
1657635401.618728,776
1657635401.6472921,809
1657635401.6758573,736
1657635401.7044973,757
1657635401.7332466,729
1657635401.7617683,776
1657635401.7902515,753
1657635401.8189921,764
1657635401.8485725,732
1657635401.8779974,757
1657635401.9070532,703
1657635401.9358363,753
1657635401.964458,704
1657635401.9929738,745
1657635402.021705,753
1657635402.0504155,730
1657635402.0788956,756
1657635402.1076145,746
1657635402.136375,783
1657635402.1649938,709
1657635402.1934974,772
1657635402.2222047,696
1657635402.2508013,757
1657635402.279372,743
1657635402.3079088,769
1657635402.3366444,740
1657635402.365155,746
1657635402.3936613,736
1657635402.4224293,728
1657635402.4511833,708
1657635402.4797015,681
1657635402.508324,735
1657635402.5370264,739
1657635402.5656111,741
1657635402.5943053,710
1657635402.624205,744
1657635402.6533833,734
1657635402.6831033,755
1657635402.7123957,725
1657635402.7421396,763
1657635402.7711325,738
1657635402.7990386,735
1657635402.8268142,786
1657635402.854665,708
1657635402.882378,737
1657635402.9101489,730
1657635402.938083,727
1657635402.965794,740
1657635402.9941323,778
1657635403.02188,697
1657635403.0502799,754
1657635403.0780835,751
1657635403.1060307,763
1657635403.1339118,724
1657635403.1623793,782
1657635403.1910467,773
1657635403.220855,747
1657635403.2490263,719
1657635403.2768004,750
1657635403.305121,752
1657635403.3330526,750
1657635403.3610642,709
1657635403.3888197,742
1657635403.4167552,768
1657635403.4459963,758
1657635403.4749846,763
1657635403.5041983,761
1657635403.533147,737
1657635403.562305,720
1657635403.5914059,781
1657635403.621153,716
1657635403.6502738,746
1657635403.6790648,718
1657635403.7086616,788
1657635403.7377753,718
1657635403.7665603,737
1657635403.7953181,735
1657635403.8249993,786
1657635403.8540359,750
1657635403.8826768,736
1657635403.9111803,773
1657635403.93995,748
1657635403.9684968,730
1657635403.996979,754
1657635404.025807,794
1657635404.0544474,744
1657635404.083198,754
1657635404.1118624,746
1657635404.140699,695
1657635404.1692429,732
1657635404.197763,785
1657635404.226471,740
1657635404.2551668,728
1657635404.2836926,746
1657635404.3121707,778
1657635404.3409452,714
1657635404.3694878,757
1657635404.398024,735
1657635404.4266424,717
1657635404.4554837,731
1657635404.4839628,743
1657635404.5124576,752
1657635404.5412612,751
1657635404.5699322,773
1657635404.5984616,721
1657635404.627183,752
1657635404.6559055,707
1657635404.6846852,760
1657635404.7133565,718
1657635404.7421055,723
1657635404.7706156,768
1657635404.7991583,753
1657635404.827807,723
1657635404.8564389,733
1657635404.8849416,738
1657635404.9134338,713
1657635404.9421387,728
1657635404.971116,767
1657635404.9996374,772
1657635405.0284257,748
1657635405.0570474,721
1657635405.085544,771
1657635405.114323,746
1657635405.1430101,747
1657635405.1715164,735
1657635405.2000408,724
1657635405.2287865,736
1657635405.2575166,724
1657635405.2860951,741
1657635405.3147058,734
1657635405.3434162,769
1657635405.3720412,710
1657635405.400561,754
1657635405.429276,734
1657635405.458016,769
1657635405.486517,749
1657635405.515093,724
1657635405.5438836,739
1657635405.572428,777
1657635405.6009111,758
1657635405.6296792,780
1657635405.658403,726
1657635405.6868856,728
1657635405.7155502,700
1657635405.7442663,752
1657635405.773415,747
1657635405.8030536,783
1657635405.83221,767
1657635405.860901,734
1657635405.8895028,769
1657635405.918044,782
1657635405.9467502,784
1657635405.975295,790
1657635406.0038223,783
1657635406.0325077,784
1657635406.0613267,751
1657635406.0898523,780
1657635406.1186063,766
1657635406.1473181,742
1657635406.1759489,787
1657635406.204416,770
1657635406.233068,743
1657635406.2617934,783
1657635406.2903907,785
1657635406.3189065,744
1657635406.347604,748
1657635406.3762643,728
1657635406.404795,728
1657635406.4336302,769
1657635406.4622924,834
1657635406.4907823,735
1657635406.5193896,744
1657635406.5481696,751
1657635406.5767217,745
1657635406.605219,740
1657635406.6339102,723
1657635406.6625714,804
1657635406.6911228,757
1657635406.719777,729
1657635406.748497,755
1657635406.7771122,723
1657635406.8056474,776
1657635406.8342934,789
1657635406.8632247,718
1657635406.8929424,775
1657635406.9225852,738
1657635406.9518733,731
1657635406.9815633,709
1657635407.0103118,722
1657635407.0389347,726
1657635407.0673842,748
1657635407.0962281,768
1657635407.1248837,780
1657635407.153731,752
1657635407.1826575,750
1657635407.2121153,761
1657635407.2408462,754
1657635407.269981,785
1657635407.2990437,729
1657635407.3278494,746
1657635407.3567722,788
1657635407.3855608,746
1657635407.413986,726
1657635407.4425259,689
1657635407.4712114,791
1657635407.499785,726
1657635407.5284553,727
1657635407.5572436,788
1657635407.58577,764
1657635407.6142955,784
1657635407.6452599,721
1657635407.6758366,716
1657635407.7066753,740
1657635407.7360811,775
1657635407.7639759,716
1657635407.7917156,803
1657635407.8194396,694
1657635407.8473778,718
1657635407.8751829,763
1657635407.9028757,794
1657635407.9306207,772
1657635407.9585264,836
1657635407.9862301,763
1657635408.0139797,768
1657635408.0421777,740
1657635408.0701807,755
1657635408.0986166,790
1657635408.1263766,766
1657635408.1542556,753
1657635408.1820426,705
1657635408.210167,755
1657635408.2381794,795
1657635408.2664752,777
1657635408.2946317,732
1657635408.3226833,759
1657635408.350603,785
1657635408.3784149,742
1657635408.4061224,736
1657635408.4338884,712
1657635408.4624722,731
1657635408.4913023,712
1657635408.520153,732
1657635408.5491004,776
1657635408.5776725,790
1657635408.606111,744
1657635408.6347427,728
1657635408.6635032,703
1657635408.6919951,775
1657635408.720629,722
1657635408.7493622,757
1657635408.7779317,699
1657635408.8070858,723
1657635408.8362958,804
1657635408.8658838,740
1657635408.8947914,720
1657635408.923683,782
1657635408.9527836,750
1657635408.9814603,749
1657635409.00998,712
1657635409.038725,775
1657635409.067396,752
1657635409.0960221,712
1657635409.124683,723
1657635409.1534874,727
1657635409.1820395,769
1657635409.210553,775
1657635409.2392843,745
1657635409.2683778,782
1657635409.2971299,730
1657635409.3255947,746
1657635409.3542905,739
1657635409.3828382,725
1657635409.4113693,783
1657635409.4401317,724
1657635409.4687693,738
1657635409.4972298,776
1657635409.5257483,730
1657635409.5546594,727
1657635409.5833046,740
1657635409.6117704,731
1657635409.6403823,692
1657635409.6690242,771
1657635409.6975334,724
1657635409.7261038,742
1657635409.7548854,757
1657635409.7834442,755
1657635409.8119767,796
1657635409.8404882,776
1657635409.8692756,708
1657635409.8977358,797
1657635409.9261982,760
1657635409.9549785,756
1657635409.9835172,741
1657635410.0120194,699
1657635410.040545,746
1657635410.0693805,699
1657635410.0981035,720
1657635410.1267478,681
1657635410.1556156,814
1657635410.1842465,779
1657635410.2127323,722
1657635410.241345,709
1657635410.2700949,745
1657635410.2986007,775
1657635410.327098,723
1657635410.3558025,803
1657635410.384437,741
1657635410.4129436,779
1657635410.4417553,737
1657635410.470526,770
1657635410.4990773,727
1657635410.5276213,801
1657635410.5563908,732
1657635410.5849378,758
1657635410.6134171,743
1657635410.641969,772
1657635410.6706603,764
1657635410.6993227,710
1657635410.7279377,732
1657635410.7566082,688
1657635410.7852023,711
1657635410.8136451,751
1657635410.8422546,759
1657635410.8710968,741
1657635410.8996265,719
1657635410.9281416,721
1657635410.9568677,744
1657635410.9853828,757
1657635411.0138717,800
1657635411.0424364,749
1657635411.0711908,776
1657635411.0998976,748
1657635411.1284723,718
1657635411.1571429,721
1657635411.1856546,790
1657635411.2141197,798
1657635411.242745,714
1657635411.2715693,740
1657635411.3000648,721
1657635411.3285022,750
1657635411.3572743,739
1657635411.3857985,748
1657635411.4143867,725
1657635411.443194,725
1657635411.4718702,754
1657635411.500349,755
1657635411.5289404,811
1657635411.5577276,715
1657635411.5863128,750
1657635411.6148126,744
1657635411.6433885,740
1657635411.672082,697
1657635411.7006316,726
1657635411.7292364,765
1657635411.7580497,728
1657635411.786627,749
1657635411.815113,758
1657635411.8436406,757
1657635411.8724782,742
1657635411.9009867,717
1657635411.9294739,755
1657635411.9582877,795
1657635411.9868367,724
1657635412.0153408,807
1657635412.0438817,741
1657635412.0726411,763
1657635412.1013572,772
1657635412.1299648,706
1657635412.1587305,733
1657635412.1873093,731
1657635412.2158718,788
1657635412.2445,727
1657635412.2733033,705
1657635412.3017783,752
1657635412.33033,730
1657635412.3590329,752
1657635412.3878126,720
1657635412.4164045,741
1657635412.4452052,732
1657635412.4738908,766
1657635412.502406,736
1657635412.5309308,748
1657635412.5597308,733
1657635412.5884347,757
1657635412.617016,718
1657635412.6456368,739
1657635412.674376,712
1657635412.7028809,755
1657635412.7315922,700
1657635412.7602777,784
1657635412.7889264,755
1657635412.8175206,757
1657635412.8460925,763
1657635412.8749583,760
1657635412.903502,751
1657635412.932114,753
1657635412.960881,741
1657635412.9896412,751
1657635413.0182004,787
1657635413.04689,764
1657635413.0755947,751
1657635413.1043196,791
1657635413.132978,695
1657635413.1617548,720
1657635413.1903906,746
1657635413.2189,715
1657635413.2475257,748
1657635413.2761915,763
1657635413.304703,783
1657635413.3333056,757
1657635413.3620293,740
1657635413.3906376,753
1657635413.419234,749
1657635413.4480345,756
1657635413.4768226,753
1657635413.505331,698
1657635413.5339048,756
1657635413.562666,778
1657635413.59127,774
1657635413.6198375,800
1657635413.6483793,710
1657635413.6771436,743
1657635413.7057555,732
1657635413.7345748,766
1657635413.763299,731
1657635413.791929,722
1657635413.8205638,766
1657635413.8493705,737
1657635413.8782117,734
1657635413.9072967,767
1657635413.9364738,729
1657635413.965242,738
1657635413.994028,773
1657635414.022798,776
1657635414.0513916,819
1657635414.0803773,768
1657635414.109455,767
1657635414.1382866,728
1657635414.1669376,753
1657635414.195779,756
1657635414.2247045,740
1657635414.2536473,731
1657635414.2826684,790
1657635414.3115122,757
1657635414.3402998,762
1657635414.3693755,747
1657635414.3984058,730
1657635414.4272542,786
1657635414.4559777,755
1657635414.4849284,728
1657635414.5137045,773
1657635414.542535,775
1657635414.571774,757
1657635414.6005518,769
1657635414.6292875,728
1657635414.6583042,744
1657635414.6871939,782
1657635414.716014,718
1657635414.7450488,745
1657635414.7740247,717
1657635414.8027167,789
1657635414.831465,696
1657635414.8602562,773
1657635414.889364,761
1657635414.9181974,719
1657635414.9470549,714
1657635414.9761186,736
1657635415.004822,732
1657635415.0335689,760
1657635415.0625958,753
1657635415.0914924,730
1657635415.120531,730
1657635415.1494825,746
1657635415.1784775,724
1657635415.2072678,758
1657635415.236007,729
1657635415.265191,753
1657635415.2940273,749
1657635415.322745,739
1657635415.3516011,738
1657635415.3801365,741
1657635415.4088824,737
1657635415.4376283,750
1657635415.4666185,713
1657635415.4954548,773
1657635415.5242023,777
1657635415.553034,785
1657635415.582033,706
1657635415.6107767,798
1657635415.6395426,743
1657635415.668517,719
1657635415.697322,757
1657635415.7262034,715
1657635415.7552288,787
1657635415.78417,759
1657635415.8129532,735
1657635415.8416762,733
1657635415.8708415,712
1657635415.8998497,733
1657635415.9285893,696
1657635415.957515,759
1657635415.9864986,747
1657635416.0152915,756
1657635416.0440266,716
1657635416.0730314,780
1657635416.1018803,727
1657635416.130827,698
1657635416.159744,779
1657635416.1886349,784
1657635416.2173424,762
1657635416.246243,752
1657635416.2751842,741
1657635416.3039012,770
1657635416.3327188,785
1657635416.3617415,754
1657635416.3902993,767
1657635416.4190445,748
1657635416.4481618,759
1657635416.4772637,761
1657635416.5059612,742
1657635416.5347183,753
1657635416.5637176,752
1657635416.5926208,805
1657635416.6213665,757
1657635416.6502604,727
1657635416.679359,740
1657635416.7081146,744
1657635416.7370358,763
1657635416.7659545,730
1657635416.7948277,763
1657635416.823569,794
1657635416.8523264,767
1657635416.8809247,725
1657635416.9096565,739
1657635416.9384174,745
1657635416.9673595,734
1657635416.9962296,727
1657635417.024981,730
1657635417.0539477,737
1657635417.0827935,780
1657635417.1117752,774
1657635417.1405096,778
1657635417.1693792,698
1657635417.1983197,761
1657635417.2271285,760
1657635417.2562056,745
1657635417.2851388,702
1657635417.313847,722
1657635417.342556,769
1657635417.3716288,774
1657635417.4008214,741
1657635417.4295642,785
1657635417.4581676,767
1657635417.4872007,774
1657635417.5159113,765
1657635417.5447206,705
1657635417.5732813,724
1657635417.6021557,752
1657635417.630935,756
1657635417.659912,748
1657635417.6889327,736
1657635417.717781,726
1657635417.7465637,751
1657635417.7756233,750
1657635417.8044603,722
1657635417.8332367,732
1657635417.8620179,744
1657635417.8910875,748
1657635417.9198377,743
1657635417.9485729,751
1657635417.9775438,754
1657635418.0062878,708
1657635418.0350308,777
1657635418.0640352,756
1657635418.0930407,784
1657635418.1220915,704
1657635418.150878,764
1657635418.1799536,703
1657635418.2087138,756
1657635418.2374625,755
1657635418.2660701,741
1657635418.2950456,727
1657635418.323829,766
1657635418.3525672,741
1657635418.3818645,708
1657635418.4106562,774
1657635418.439377,730
1657635418.4679558,725
1657635418.4968748,776
1657635418.5256448,718
1657635418.5544586,725
1657635418.5834434,725
1657635418.6122148,780
1657635418.640973,746
1657635418.67001,809
1657635418.6989062,795
1657635418.7277744,703
1657635418.7566226,701
1657635418.7856088,786
1657635418.8148265,758
1657635418.8434079,786
1657635418.8721485,748
1657635418.9012232,785
1657635418.9299772,731
1657635418.9587922,723
1657635418.987809,759
1657635419.0165396,742
1657635419.0453088,739
1657635419.074186,731
1657635419.1030948,688
1657635419.1316667,762
1657635419.160771,810
1657635419.1898441,732
1657635419.2185986,726
1657635419.247486,773
1657635419.2764485,767
1657635419.3051198,747
1657635419.3339658,735
1657635419.3627338,762
1657635419.3917081,768
1657635419.4204206,793
1657635419.4493508,748
1657635419.4785566,741
1657635419.507427,764
1657635419.5361876,721
1657635419.5652199,782
1657635419.594216,761
1657635419.6238205,740
1657635419.654781,731
1657635419.683119,745
1657635419.7111306,739
1657635419.7390926,756
1657635419.766968,718
1657635419.7951174,758
1657635419.8229775,774
1657635419.850931,732
1657635419.8789132,787
1657635419.9069052,742
1657635419.9347553,775
1657635419.962634,772
1657635419.9909544,739
1657635420.018789,759
1657635420.0466747,767
1657635420.0747356,734
1657635420.102742,741
1657635420.1309628,709
1657635420.1588447,723
1657635420.1871598,731
1657635420.2150207,745
1657635420.242914,752
1657635420.2709239,759
1657635420.2991753,769
1657635420.3270354,715
1657635420.3549209,743
1657635420.3832786,729
1657635420.4124856,766
1657635420.4416008,786
1657635420.4709463,746
1657635420.4999835,737
1657635420.5287485,775
1657635420.5575614,763
1657635420.5866563,714
1657635420.6154227,740
1657635420.6442988,760
1657635420.67306,797
1657635420.702322,738
1657635420.7312136,724
1657635420.7599325,748
1657635420.7886364,781
1657635420.8173764,741
1657635420.8461623,787
1657635420.8752244,749
1657635420.9041872,711
1657635420.9329789,697
1657635420.9617136,790
1657635420.99085,724
1657635421.019707,704
1657635421.0485556,754
1657635421.0776293,756
1657635421.1065009,750
1657635421.135484,747
1657635421.1644318,742
1657635421.1929853,743
1657635421.2217126,759
1657635421.250501,756
1657635421.279635,756
1657635421.3086123,739
1657635421.3374023,743
1657635421.3669732,746
1657635421.396567,702
1657635421.425234,743
1657635421.4541745,736
1657635421.4832728,739
1657635421.512374,767
1657635421.541188,738
1657635421.570118,729
1657635421.5992334,783
1657635421.628205,746
1657635421.6570406,723
1657635421.6856973,773
1657635421.714787,758
1657635421.7437325,732
1657635421.7724736,730
1657635421.8010228,717
1657635421.829814,737
1657635421.8587203,731
1657635421.887286,757
1657635421.9162107,795
1657635421.9450448,751
1657635421.9739168,738
1657635422.0026684,773
1657635422.0314493,725
1657635422.0603268,811
1657635422.0892773,746
1657635422.1183746,788
1657635422.1471555,695
1657635422.1759317,748
1657635422.2045987,763
1657635422.233419,713
1657635422.2621949,757
1657635422.2915816,754
1657635422.3206398,703
1657635422.3496904,757
1657635422.378836,741
1657635422.408286,711
1657635422.4372041,753
1657635422.4664018,716
1657635422.4957478,743
1657635422.5247362,762
1657635422.5538085,754
1657635422.5830283,779
1657635422.6122055,783
1657635422.6411705,767
1657635422.6700656,769
1657635422.6993878,745
1657635422.7284627,758
1657635422.7574644,743
1657635422.7867477,726
1657635422.8158972,746
1657635422.844927,758
1657635422.8738198,767
1657635422.9027567,731
1657635422.9317305,756
1657635422.9606183,777
1657635422.9898374,720
1657635423.0189598,784
1657635423.0480027,767
1657635423.0769224,702
1657635423.1058276,677
1657635423.135002,743
1657635423.1640882,727
1657635423.193319,711
1657635423.222362,752
1657635423.2513704,740
1657635423.2803247,726
1657635423.3092237,783
1657635423.3380964,746
1657635423.3671546,768
1657635423.3964577,773
1657635423.4254744,756
1657635423.4545963,710
1657635423.483665,727
1657635423.51296,726
1657635423.5419285,697
1657635423.570903,750
1657635423.6002111,789
1657635423.6291976,748
1657635423.6581008,773
1657635423.6871755,711
1657635423.716441,766
1657635423.7455883,738
1657635423.7746067,744
1657635423.80345,734
1657635423.8324902,786
1657635423.8615403,807
1657635423.8908088,717
1657635423.9200144,739
1657635423.948961,736
1657635423.9778366,713
1657635424.0065355,773
1657635424.0354757,742
1657635424.064439,767
1657635424.0936518,714
1657635424.1229,708
1657635424.1518877,779
1657635424.1808612,720
1657635424.2099702,736
1657635424.2389114,760
1657635424.2678182,732
1657635424.2969856,720
1657635424.3260882,750
1657635424.3551888,781
1657635424.3843362,770
1657635424.4131706,765
1657635424.4421146,788
1657635424.4713557,737
1657635424.5007346,795
1657635424.5297587,777
1657635424.5587065,746
1657635424.5876985,771
1657635424.6169634,756
1657635424.6459467,728
1657635424.674935,751
1657635424.7037644,716
1657635424.7329845,755
1657635424.7619097,743
1657635424.7908385,766
1657635424.8203633,712
1657635424.849265,746
1657635424.8782203,728
1657635424.9070911,769
1657635424.9360492,719
1657635424.9649048,743
1657635424.9939387,733
1657635425.023014,752
1657635425.0520532,766
1657635425.081007,742
1657635425.1099505,709
1657635425.139083,767
1657635425.1681209,789
1657635425.1973746,759
1657635425.2265303,739
1657635425.2555723,774
1657635425.2844386,770
1657635425.3132699,777
1657635425.3421516,748
1657635425.3712008,724
1657635425.4000938,748
1657635425.4292803,758
1657635425.458476,756
1657635425.4875512,765
1657635425.516454,736
1657635425.5454488,720
1657635425.574392,733
1657635425.6035821,735
1657635425.632694,732
1657635425.6617415,708
1657635425.6906333,738
1657635425.7195487,722
1657635425.7484896,731
1657635425.7774937,758
1657635425.8066766,737
1657635425.835621,730
1657635425.86453,747
1657635425.8936024,755
1657635425.922783,749
1657635425.9518821,781
1657635425.9808698,805
1657635426.0101252,761
1657635426.039383,705
1657635426.0683076,803
1657635426.097415,736
1657635426.1266792,778
1657635426.1556787,762
1657635426.1846151,781
1657635426.2134314,733
1657635426.2423627,728
1657635426.271278,751
1657635426.3004704,707
1657635426.3295736,771
1657635426.358671,786
1657635426.3875813,771
1657635426.4168732,766
1657635426.4458563,724
1657635426.475068,735
1657635426.504309,736
1657635426.5334108,774
1657635426.56244,765
1657635426.5914502,781
1657635426.62022,744
1657635426.6492527,729
1657635426.678161,759
1657635426.707038,718
1657635426.7361524,721
1657635426.7651813,758
1657635426.7940986,730
1657635426.8233886,665
1657635426.8524299,726
1657635426.8815234,758
1657635426.9104257,728
1657635426.9394455,777
1657635426.9683335,717
1657635426.9972074,752
1657635427.026449,779
1657635427.0554752,750
1657635427.0843716,740
1657635427.113179,752
1657635427.142357,739
1657635427.1713686,726
1657635427.2003026,746
1657635427.2293677,759
1657635427.2583687,802
1657635427.2871547,715
1657635427.315779,696
1657635427.3445642,702
1657635427.373311,718
1657635427.4022887,757
1657635427.431227,726
1657635427.4602268,739
1657635427.489068,741
1657635427.517737,765
1657635427.5464664,742
1657635427.5753229,748
1657635427.6043496,768
1657635427.6339564,738
1657635427.6628067,696
1657635427.6916053,757
1657635427.720295,741
1657635427.7490525,770
1657635427.7779207,751
1657635427.8070376,764
1657635427.8365033,779
1657635427.8655293,729
1657635427.8943439,784
1657635427.923373,718
1657635427.952126,712
1657635427.980881,761
1657635428.0103364,675
1657635428.0392406,759
1657635428.0681577,759
1657635428.096952,758
1657635428.1259897,756
1657635428.1547813,743
1657635428.1836638,799
1657635428.2131975,736
1657635428.242102,755
1657635428.2709756,774
1657635428.299785,764
1657635428.3284805,713
1657635428.3573885,760
1657635428.3862906,783
1657635428.4159534,736
1657635428.444743,802
1657635428.4737713,773
1657635428.5025752,746
1657635428.5316792,741
1657635428.5606148,711
1657635428.5894213,786
1657635428.6180513,720
1657635428.6468186,746
1657635428.6756785,726
1657635428.7044375,754
1657635428.7335155,777
1657635428.7624748,748
1657635428.7913272,757
1657635428.8204837,686
1657635428.8493352,751
1657635428.8781915,743
1657635428.9070168,750
1657635428.936183,791
1657635428.9651341,758
1657635428.9938865,733
1657635429.0224793,737
1657635429.0512831,753
1657635429.0801337,719
1657635429.1090217,736
1657635429.1386,748
1657635429.1680288,747
1657635429.197286,782
1657635429.2265637,743
1657635429.2560356,713
1657635429.2852936,758
1657635429.3147554,741
1657635429.3442824,760
1657635429.373564,732
1657635429.4029195,721
1657635429.4325106,715
1657635429.4636133,760
1657635429.4930208,743
1657635429.5230155,734
1657635429.5525255,760
1657635429.5818071,743
1657635429.6110046,741
1657635429.6406252,789
1657635429.6700664,754
1657635429.6993873,747
1657635429.7284644,723
1657635429.7574959,777
1657635429.78627,790
1657635429.8156328,781
1657635429.8445265,738
1657635429.8733292,763
1657635429.901814,726
1657635429.9305375,771
1657635429.9593024,725
1657635429.98812,779
1657635430.0176585,750
1657635430.0465171,784
1657635430.075726,766
1657635430.1046517,733
1657635430.1336637,765
1657635430.162484,769
1657635430.1913,771
1657635430.2210906,742
1657635430.2499726,726
1657635430.2787442,725
1657635430.3075738,738
1657635430.3366132,776
1657635430.3654583,738
1657635430.394362,767
1657635430.4234915,763
1657635430.4523258,754
1657635430.4814124,745
1657635430.510233,706
1657635430.5389574,722
1657635430.5679188,768
1657635430.596742,739
1657635430.625903,742
1657635430.6547618,734
1657635430.683644,765
1657635430.7124288,725
1657635430.741121,746
1657635430.7699964,755
1657635430.7987459,730
1657635430.8277347,718
1657635430.8564985,728
1657635430.885475,729
1657635430.914198,710
1657635430.943514,763
1657635430.9724774,753
1657635431.0012784,744
1657635431.0303416,736
1657635431.0592334,786
1657635431.0880337,759
1657635431.1167252,715
1657635431.1482937,766
1657635431.177093,769
1657635431.205874,793
1657635431.2345428,721
1657635431.2634115,773
1657635431.2921488,725
1657635431.3216443,744
1657635431.350557,742
1657635431.379484,756
1657635431.4083595,754
1657635431.4372377,756
1657635431.4662027,714
1657635431.49514,720
1657635431.5244815,740
1657635431.5533543,752
1657635431.582207,712
1657635431.6110022,710
1657635431.6396759,746
1657635431.6684756,750
1657635431.697291,757
1657635431.7271185,777
1657635431.7559505,755
1657635431.7847805,752
1657635431.813603,700
1657635431.842372,736
1657635431.871435,708
1657635431.90059,735
1657635431.9294722,746
1657635431.9584875,730
1657635431.987472,746
1657635432.0163612,760
1657635432.0452437,761
1657635432.0742724,738
1657635432.103286,737
1657635432.1326077,794
1657635432.1617723,764
1657635432.1906583,709
1657635432.219543,768
1657635432.2484055,769
1657635432.2775588,710
1657635432.3065379,753
1657635432.335922,751
1657635432.364912,766
1657635432.3939288,762
1657635432.4228456,714
1657635432.452697,736
1657635432.4819386,762
1657635432.5108807,768
1657635432.5399623,787
1657635432.5690334,770
1657635432.5980294,794
1657635432.6273973,746
1657635432.6564744,762
1657635432.685532,761
1657635432.714492,800
1657635432.7434726,767
1657635432.77248,757
1657635432.8014636,764
1657635432.8309004,744
1657635432.8599489,730
1657635432.8890038,714
1657635432.9178877,760
1657635432.946813,748
1657635432.97573,727
1657635433.004628,778
1657635433.0339825,739
1657635433.0630133,735
1657635433.0919614,787
1657635433.121455,756
1657635433.1524956,728
1657635433.181598,760
1657635433.2105582,757
1657635433.2396424,742
1657635433.2685044,715
1657635433.297332,787
1657635433.3261325,763
1657635433.355078,731
1657635433.3842335,749
1657635433.413016,757
1657635433.4420247,761
1657635433.4711165,748
1657635433.499977,702
1657635433.5287454,773
1657635433.557649,719
1657635433.5864518,731
1657635433.6153185,788
1657635433.6442556,740
1657635433.6730862,708
1657635433.7019453,766
1657635433.731,752
1657635433.7601113,772
1657635433.7889767,760
1657635433.817752,755
1657635433.8467739,734
1657635433.8754065,763
1657635433.9043014,725
1657635433.9331381,749
1657635433.9621158,751
1657635433.9908445,743
1657635434.0195699,701
1657635434.0485723,763
1657635434.07734,731
1657635434.1061397,734
1657635434.1353426,721
1657635434.1642444,742
1657635434.1930943,728
1657635434.2220242,740
1657635434.250969,748
1657635434.279871,765
1657635434.308636,758
1657635434.3375053,732
1657635434.3663204,744
1657635434.3951292,752
1657635434.4238179,751
1657635434.452797,732
1657635434.481504,752
1657635434.5103176,766
1657635434.53921,777
1657635434.56817,716
1657635434.5969748,770
1657635434.6257596,772
1657635434.654844,740
1657635434.6836572,747
1657635434.7124784,761
1657635434.741546,719
1657635434.770509,743
1657635434.7992818,728
1657635434.8281398,714
1657635434.8570747,745
1657635434.8859332,726
1657635434.9147408,721
1657635434.943666,758
1657635434.9725757,712
1657635435.0014672,740
1657635435.0301878,789
1657635435.059068,763
1657635435.0879023,731
1657635435.1166732,742
1657635435.1458888,771
1657635435.1747644,725
1657635435.2035973,753
1657635435.2323403,728
1657635435.2612941,765
1657635435.2901263,734
1657635435.3189173,759
1657635435.347797,731
1657635435.376638,696
1657635435.405598,788
1657635435.4343064,758
1657635435.463201,750
1657635435.4922576,749
1657635435.5210247,758
1657635435.5500228,758
1657635435.5788963,714
1657635435.6076822,776
1657635435.6363776,708
1657635435.6653414,753
1657635435.6941926,764
1657635435.7230375,774
1657635435.7520406,775
1657635435.7808685,733
1657635435.8096852,689
1657635435.8383934,765
1657635435.8675141,708
1657635435.8963687,718
1657635435.9251463,753
1657635435.9540226,719
1657635435.9828968,742
1657635436.0116475,765
1657635436.0404544,740
1657635436.0693858,716
1657635436.0981977,799
1657635436.1273715,746
1657635436.1563864,764
1657635436.1852515,753
1657635436.2140377,743
1657635436.2428045,744
1657635436.2717762,752
1657635436.300611,768
1657635436.3293762,699
1657635436.3582988,729
1657635436.387177,715
1657635436.4159157,737
1657635436.444774,794
1657635436.4739196,764
1657635436.5027552,735
1657635436.5317104,762
1657635436.5606716,752
1657635436.5896225,727
1657635436.6184077,741
1657635436.6472201,741
1657635436.6760747,736
1657635436.7049055,805
1657635436.7337365,740
1657635436.7627046,788
1657635436.7915885,726
1657635436.8204596,804
1657635436.8494308,743
1657635436.8782825,768
1657635436.9071708,756
1657635436.9359045,756
1657635436.9648566,735
1657635436.9936686,767
1657635437.0224442,757
1657635437.0514555,731
1657635437.0804672,750
1657635437.1092706,743
1657635437.1378467,739
1657635437.166846,773
1657635437.195634,749
1657635437.2244444,758
1657635437.2533295,729
1657635437.2823439,755
1657635437.311108,748
1657635437.3398044,730
1657635437.368726,774
1657635437.3975718,726
1657635437.426316,788
1657635437.4552612,767
1657635437.4843488,748
1657635437.5131688,740
1657635437.5418944,818
1657635437.5708997,758
1657635437.5996666,742
1657635437.6284559,745
1657635437.6574268,721
1657635437.686399,720
1657635437.7151873,742
1657635437.7440383,794
1657635437.7725935,787
1657635437.801406,740
1657635437.830178,773
1657635437.8591313,768
1657635437.888139,730
1657635437.9169219,757
1657635437.9456651,770
1657635437.974713,744
1657635438.003561,745
1657635438.032242,744
1657635438.0611541,766
1657635438.090034,731
1657635438.1187773,716
1657635438.1477845,770
1657635438.1767676,744
1657635438.2055445,740
1657635438.23432,767
1657635438.263241,741
1657635438.2921293,702
1657635438.3208935,723
1657635438.3496892,784
1657635438.378578,766
1657635438.4075172,753
1657635438.436249,760
1657635438.4652817,761
1657635438.494341,753
1657635438.52318,727
1657635438.5520186,728
1657635438.5810268,732
1657635438.6098459,716
1657635438.6385884,761
1657635438.6677053,741
1657635438.6964912,752
1657635438.7253323,757
1657635438.7542236,756
1657635438.7833474,746
1657635438.8121676,757
1657635438.8408265,740
1657635438.8697572,751
1657635438.8986533,773
1657635438.9273913,795
1657635438.9562604,746
1657635438.98517,770
1657635439.0139275,733
1657635439.0426958,739
1657635439.0712638,740
1657635439.1001122,767
1657635439.1289392,750
1657635439.1579666,761
1657635439.1867335,734
1657635439.2155144,732
1657635439.244233,737
1657635439.2732377,745
1657635439.3019788,765
1657635439.3307788,750
1657635439.3597574,723
1657635439.3888712,743
1657635439.4176633,739
1657635439.4463835,736
1657635439.4755256,748
1657635439.5044477,763
1657635439.5331953,797
1657635439.5621111,718
1657635439.5909405,755
1657635439.6197178,747
1657635439.6484249,783
1657635439.6773791,780
1657635439.7062223,722
1657635439.7350767,738
1657635439.7640142,781
1657635439.792984,750
1657635439.8217652,743
1657635439.8505058,801
1657635439.8794777,764
1657635439.9085948,730
1657635439.9374802,754
1657635439.9664576,777
1657635439.9952672,750
1657635440.0240443,757
1657635440.0527327,763
1657635440.0818021,719
1657635440.1104028,761
1657635440.1395037,728
1657635440.1685011,734
1657635440.1970744,762
1657635440.2258573,736
1657635440.2545476,741
1657635440.283645,753
1657635440.312443,748
1657635440.3412316,741
1657635440.3701177,775
1657635440.399031,768
1657635440.4278705,811
1657635440.4566872,709
1657635440.4857547,721
1657635440.5146124,703
1657635440.5448644,774
1657635440.5740688,802
1657635440.6032639,781
1657635440.6328363,702
1657635440.6625316,788
1657635440.6925552,739
1657635440.721975,748
1657635440.752008,757
1657635440.7814608,761
1657635440.8106318,776
1657635440.8400307,749
1657635440.8698778,757
1657635440.8992417,724
1657635440.9284983,713
1657635440.95843,755
1657635440.9880219,701
1657635441.017284,791
1657635441.04675,695
1657635441.076121,753
1657635441.1054926,731
1657635441.1372342,770
1657635441.1672518,757
1657635441.1967132,794
1657635441.2259657,760
1657635441.2551246,748
1657635441.2842216,767
1657635441.3134198,722
1657635441.3426127,811
1657635441.3727667,713
1657635441.4020338,793
1657635441.43131,715
1657635441.4611843,771
1657635441.4897916,789
1657635441.5186276,757
1657635441.5474122,763
1657635441.5763755,717
1657635441.605579,769
1657635441.6346972,702
1657635441.664086,749
1657635441.6930604,766
1657635441.7218478,759
1657635441.7507563,768
1657635441.7799125,780
1657635441.8087165,762
1657635441.8375082,771
1657635441.8675044,714
1657635441.8962042,763
1657635441.9250522,766
1657635441.9538262,763
1657635441.9828541,710
1657635442.011589,709
1657635442.0404375,763
1657635442.0697536,740
1657635442.0986478,730
1657635442.127363,797
1657635442.1563017,724
1657635442.1849449,745
1657635442.2136679,770
1657635442.2424524,704
1657635442.2717094,717
1657635442.300558,737
1657635442.329331,746
1657635442.358044,699
1657635442.3870766,764
1657635442.4158354,734
1657635442.444536,770
1657635442.4732563,743
1657635442.5023127,754
1657635442.5311282,782
1657635442.5599189,757
1657635442.5886412,714
1657635442.6173785,760
1657635442.6461494,763
1657635442.674931,770
1657635442.703899,759
1657635442.732827,757
1657635442.7615857,789
1657635442.7903476,748
1657635442.8190684,770
1657635442.847825,767
1657635442.876557,759
1657635442.9056041,751
1657635442.934437,712
1657635442.963122,779
1657635442.991921,790
1657635443.0207658,775
1657635443.0496113,737
1657635443.0783136,717
1657635443.1070886,757
1657635443.136017,751
1657635443.1647835,736
1657635443.193536,704
1657635443.222257,780
1657635443.2509742,737
1657635443.279677,738
1657635443.3085794,703
1657635443.3373027,754
1657635443.3660796,717
1657635443.3946981,712
1657635443.4234166,738
1657635443.452128,726
1657635443.4809234,727
1657635443.5097475,768
1657635443.538563,750
1657635443.5673912,714
1657635443.5960047,759
1657635443.6247103,735
1657635443.6534603,725
1657635443.682031,711
1657635443.7109756,742
1657635443.739925,741
1657635443.7687862,777
1657635443.798077,703
1657635443.826842,671
1657635443.855603,731
1657635443.8843973,739
1657635443.9131665,720
1657635443.9418855,750
1657635443.9707153,739
1657635443.9999552,748
1657635444.0287445,719
1657635444.0575364,773
1657635444.0862057,770
1657635444.1150014,752
1657635444.14397,737
1657635444.1730382,744
1657635444.2020624,733
1657635444.230835,740
1657635444.2596154,753
1657635444.2892482,740
1657635444.3180084,733
1657635444.3465657,744
1657635444.375718,763
1657635444.4047968,744
1657635444.4336517,787
1657635444.462435,770
1657635444.4910095,736
1657635444.5195415,772
1657635444.5481215,767
1657635444.5769522,731
1657635444.6058476,734
1657635444.6344101,720
1657635444.6628892,751
1657635444.6917648,780
1657635444.7203107,755
1657635444.74896,758
1657635444.7776353,752
1657635444.806422,709
1657635444.834979,734
1657635444.863502,708
1657635444.8924272,728
1657635444.9209166,757
1657635444.9494526,768
1657635444.978174,736
1657635445.006905,726
1657635445.0354831,728
1657635445.0639663,768
1657635445.0927815,748
1657635445.1213467,761
1657635445.1503181,729
1657635445.1791184,720
1657635445.2078187,737
1657635445.236391,734
1657635445.2649043,719
1657635445.2936702,739
1657635445.322205,709
1657635445.3507705,754
1657635445.3795393,756
1657635445.4083114,768
1657635445.4368691,745
1657635445.465354,734
1657635445.4943204,801
1657635445.522878,731
1657635445.5514746,771
1657635445.580239,739
1657635445.6089475,747
1657635445.6375535,728
1657635445.6661253,756
1657635445.69496,709
1657635445.723539,768
1657635445.7522395,736
1657635445.7810717,764
1657635445.8098793,773
1657635445.838421,765
1657635445.8668993,700
1657635445.8957012,769
1657635445.9242785,776
1657635445.9528596,766
1657635445.9815965,742
1657635446.0103266,806
1657635446.0388963,749
1657635446.0673952,763
1657635446.0962343,750
1657635446.1247306,803
1657635446.153748,746
1657635446.1824596,712
1657635446.2111387,727
1657635446.2396858,756
1657635446.2682102,760
1657635446.2969632,768
1657635446.3255324,766
1657635446.3540998,783
1657635446.3829026,735
1657635446.4116375,717
1657635446.440296,758
1657635446.4688213,764
1657635446.4978235,716
1657635446.526406,799
1657635446.5549974,751
1657635446.5837457,740
1657635446.6123984,704
1657635446.6409304,739
1657635446.669437,736
1657635446.6982186,760
1657635446.7267978,755
1657635446.7553866,753
1657635446.784145,753
1657635446.812876,778
1657635446.8415327,747
1657635446.870029,745
1657635446.8988929,770
1657635446.9274116,770
1657635446.9559767,723
1657635446.9846187,759
1657635447.0133648,713
1657635447.041963,781
1657635447.0705326,740
1657635447.099376,731
1657635447.1279075,739
1657635447.1567364,747
1657635447.1854744,783
1657635447.2141623,771
1657635447.2427847,718
1657635447.2714376,783
1657635447.300231,774
1657635447.328744,786
1657635447.357256,691
1657635447.3859699,726
1657635447.414722,739
1657635447.4432645,757
1657635447.4717684,777
1657635447.5007048,780
1657635447.5292265,713
1657635447.5578036,742
1657635447.5864928,789
1657635447.6152077,689
1657635447.6437483,736
1657635447.6723628,739
1657635447.701175,725
1657635447.729773,756
1657635447.758346,732
1657635447.7871332,744
1657635447.8157985,729
1657635447.84441,687
1657635447.8729265,783
1657635447.9018016,746
1657635447.9302976,763
1657635447.9588668,737
1657635447.987613,791
1657635448.0163183,757
1657635448.0448792,743
1657635448.0734274,717
1657635448.1022658,758
1657635448.1307611,835
1657635448.1596797,813
1657635448.1885414,759
1657635448.2172816,767
1657635448.2458715,746
1657635448.2744298,756
1657635448.3032477,708
1657635448.3317406,764
1657635448.3603375,759
1657635448.3891432,723
1657635448.4178185,754
1657635448.4463737,726
1657635448.4749722,728
1657635448.503889,803
1657635448.5324247,723
1657635448.5609589,725
1657635448.5897205,779
1657635448.6183965,729
1657635448.6469245,759
