1662032501.974365,407.0
1662032501.98335,409.0
1662032501.992542,406.0
1662032502.0026176,400.0
1662032502.0117095,406.0
1662032502.0206583,410.0
1662032502.0307062,406.0
1662032502.0398602,400.0
1662032502.0499082,408.0
1662032502.0595596,402.0
1662032502.0688593,415.0
1662032502.0777888,400.0
1662032502.0881026,413.0
1662032502.096148,402.0
1662032502.106636,402.0
1662032502.1155992,408.0
1662032502.1242983,407.0
1662032502.1342285,410.0
1662032502.1429033,405.0
1662032502.152771,401.0
1662032502.1626596,410.0
1662032502.171307,401.0
1662032502.1816075,407.0
1662032502.1902652,400.0
1662032502.2002313,401.0
1662032502.2091289,406.0
1662032502.219048,406.0
1662032502.2277236,405.0
1662032502.2376287,401.0
1662032502.2463229,409.0
1662032502.256195,402.0
1662032502.2660606,406.0
1662032502.2746768,409.0
1662032502.2850575,402.0
1662032502.294133,402.0
1662032502.3031025,398.0
1662032502.3128433,408.0
1662032502.3215914,404.0
1662032502.3317425,404.0
1662032502.3404596,412.0
1662032502.3503315,405.0
1662032502.3602965,408.0
1662032502.3689642,402.0
1662032502.3792186,400.0
1662032502.3879106,411.0
1662032502.39778,406.0
1662032502.4065552,401.0
1662032502.4165337,402.0
1662032502.4252205,403.0
1662032502.4351244,408.0
1662032502.4438667,408.0
1662032502.4538019,410.0
1662032502.4636805,405.0
1662032502.4723938,404.0
1662032502.481825,400.0
1662032502.4918892,409.0
1662032502.5007632,406.0
1662032502.50992,406.0
1662032502.5199428,405.0
1662032502.528639,403.0
1662032502.5386019,402.0
1662032502.5484488,399.0
1662032502.5571723,405.0
1662032502.567152,412.0
1662032502.5759141,408.0
1662032502.5859451,401.0
1662032502.5946145,403.0
1662032502.6046832,404.0
1662032502.6134448,404.0
1662032502.6233947,400.0
1662032502.6321168,410.0
1662032502.6420317,408.0
1662032502.6508486,401.0
1662032502.6607642,405.0
1662032502.6707258,407.0
1662032502.679439,398.0
1662032502.6896021,404.0
1662032502.6982965,408.0
1662032502.7082386,405.0
1662032502.7170627,410.0
1662032502.726964,410.0
1662032502.735638,399.0
1662032502.745534,405.0
1662032502.7542853,404.0
1662032502.7642066,407.0
1662032502.774137,406.0
1662032502.7828286,407.0
1662032502.791983,401.0
1662032502.8020236,408.0
1662032502.8108747,409.0
1662032502.8207843,402.0
1662032502.8310483,402.0
1662032502.8396835,405.0
1662032502.849613,407.0
1662032502.8580837,403.0
1662032502.8679924,400.0
1662032502.8779187,402.0
1662032502.8863523,398.0
1662032502.8961759,412.0
1662032502.9058332,401.0
1662032502.9155667,403.0
1662032502.9239101,411.0
1662032502.9336128,404.0
1662032502.9431684,407.0
1662032502.9527352,407.0
1662032502.9623306,408.0
1662032502.9719005,405.0
1662032502.9801905,395.0
1662032502.9899652,408.0
1662032502.9995635,407.0
1662032503.009227,407.0
1662032503.0189035,397.0
1662032503.027147,411.0
1662032503.036881,404.0
1662032503.0465274,405.0
1662032503.0560648,412.0
1662032503.0656335,404.0
1662032503.0753334,402.0
1662032503.084933,406.0
1662032503.0931742,408.0
1662032503.102719,406.0
1662032503.1124637,398.0
1662032503.1220956,404.0
1662032503.1316805,407.0
1662032503.1413321,407.0
1662032503.14968,408.0
1662032503.1592364,412.0
1662032503.1688976,407.0
1662032503.178361,408.0
1662032503.1879487,412.0
1662032503.1972885,398.0
1662032503.2070417,403.0
1662032503.2164726,406.0
1662032503.224858,406.0
1662032503.2349634,404.0
1662032503.2438838,409.0
1662032503.2539139,409.0
1662032503.2628138,407.0
1662032503.2728293,400.0
1662032503.2816968,405.0
1662032503.2918437,409.0
1662032503.3004928,395.0
1662032503.3106782,405.0
1662032503.3194144,404.0
1662032503.329534,405.0
1662032503.3381438,411.0
1662032503.3483346,407.0
1662032503.357034,404.0
1662032503.365819,408.0
1662032503.3759296,409.0
1662032503.3846204,416.0
1662032503.3947673,416.0
1662032503.4035182,415.0
1662032503.4136906,421.0
1662032503.4229357,413.0
1662032503.4318967,418.0
1662032503.4419994,423.0
1662032503.4507143,421.0
1662032503.4610257,420.0
1662032503.4699786,415.0
1662032503.4800596,424.0
1662032503.488849,421.0
1662032503.4989715,431.0
1662032503.507988,423.0
1662032503.516975,425.0
1662032503.5269518,422.0
1662032503.5357614,432.0
1662032503.544648,423.0
1662032503.5548794,433.0
1662032503.5637696,429.0
1662032503.5737703,428.0
1662032503.5823991,430.0
1662032503.59249,439.0
1662032503.6012926,431.0
1662032503.611449,443.0
1662032503.6202397,439.0
1662032503.6303308,438.0
1662032503.6391954,434.0
1662032503.6483924,439.0
1662032503.658723,443.0
1662032503.6672776,447.0
1662032503.6773074,448.0
1662032503.6860507,447.0
1662032503.6961799,448.0
1662032503.7049437,450.0
1662032503.7140057,452.0
1662032503.724217,449.0
1662032503.7331133,450.0
1662032503.743164,455.0
1662032503.7518284,454.0
1662032503.7618577,455.0
1662032503.770662,448.0
1662032503.7803051,458.0
1662032503.7904134,459.0
1662032503.7991211,461.0
1662032503.8091352,460.0
1662032503.8178983,459.0
1662032503.8279388,464.0
1662032503.8365793,463.0
1662032503.8466468,463.0
1662032503.8557274,463.0
1662032503.8656886,466.0
1662032503.8745456,459.0
1662032503.8832989,468.0
1662032503.8936281,465.0
1662032503.9020696,469.0
1662032503.911761,472.0
1662032503.9218965,476.0
1662032503.9303017,474.0
1662032503.9401593,474.0
1662032503.9499648,479.0
1662032503.9584231,477.0
1662032503.9682503,482.0
1662032503.9779718,474.0
1662032503.9878762,481.0
1662032503.996499,474.0
1662032504.0068154,482.0
1662032504.0157502,483.0
1662032504.024383,477.0
1662032504.0348213,484.0
1662032504.0434334,477.0
1662032504.053494,486.0
1662032504.0625827,491.0
1662032504.0728397,491.0
1662032504.0810902,496.0
1662032504.0906212,494.0
1662032504.099717,490.0
1662032504.108869,495.0
1662032504.1188116,495.0
1662032504.1286962,493.0
1662032504.1373885,487.0
1662032504.1473176,493.0
1662032504.1561053,500.0
1662032504.1659534,501.0
1662032504.175835,486.0
1662032504.1845095,497.0
1662032504.1945682,505.0
1662032504.2032812,494.0
1662032504.2131884,506.0
1662032504.2221167,504.0
1662032504.2320423,503.0
1662032504.240754,507.0
1662032504.25072,511.0
1662032504.2594512,508.0
1662032504.2693074,511.0
1662032504.2792134,503.0
1662032504.2879927,513.0
1662032504.2979033,507.0
1662032504.3066096,513.0
1662032504.3165624,515.0
1662032504.3253162,515.0
1662032504.3354537,511.0
1662032504.3441582,513.0
1662032504.3541012,525.0
1662032504.364059,526.0
1662032504.3727086,514.0
1662032504.3825965,516.0
1662032504.3913481,518.0
1662032504.4012604,522.0
1662032504.4099689,518.0
1662032504.420106,524.0
1662032504.428811,526.0
1662032504.4387748,527.0
1662032504.4486797,529.0
1662032504.4573565,524.0
1662032504.4672432,530.0
1662032504.4759161,526.0
1662032504.4858186,531.0
1662032504.494646,523.0
1662032504.5045116,537.0
1662032504.5144005,527.0
1662032504.5232985,532.0
1662032504.5331824,540.0
1662032504.542064,534.0
1662032504.5519485,542.0
1662032504.5606174,534.0
1662032504.5704877,545.0
1662032504.5803869,542.0
1662032504.5890489,537.0
1662032504.5989792,537.0
1662032504.6077619,544.0
1662032504.6178393,527.0
1662032504.626509,540.0
1662032504.6365528,539.0
1662032504.6452613,547.0
1662032504.6552014,548.0
1662032504.6650882,546.0
1662032504.6737318,554.0
1662032504.6835973,556.0
1662032504.692583,549.0
1662032504.7025452,561.0
1662032504.7112286,555.0
1662032504.7211266,556.0
1662032504.7298598,555.0
1662032504.739812,558.0
1662032504.7497082,562.0
1662032504.758451,557.0
1662032504.7683053,550.0
1662032504.7769632,569.0
1662032504.786828,561.0
1662032504.7969353,558.0
1662032504.805532,563.0
1662032504.8158236,561.0
1662032504.8245084,555.0
1662032504.8344715,565.0
1662032504.8431206,567.0
1662032504.8531048,566.0
1662032504.8618386,575.0
1662032504.8718824,575.0
1662032504.8805838,561.0
1662032504.8906446,573.0
1662032504.9006064,574.0
1662032504.908924,580.0
1662032504.9188728,573.0
1662032504.9285765,581.0
1662032504.9369185,570.0
1662032504.94673,576.0
1662032504.9564593,579.0
1662032504.9662137,574.0
1662032504.9745922,576.0
1662032504.9841883,582.0
1662032504.9940443,581.0
1662032505.0038538,582.0
1662032505.012221,589.0
1662032505.0222194,586.0
1662032505.0319567,587.0
1662032505.0416868,587.0
1662032505.0501397,586.0
1662032505.05985,594.0
1662032505.0694718,589.0
1662032505.079107,585.0
1662032505.0879443,594.0
1662032505.097879,594.0
1662032505.1065352,595.0
1662032505.1163077,592.0
1662032505.1262982,594.0
1662032505.134683,595.0
1662032505.1443708,583.0
1662032505.1540976,592.0
1662032505.1637537,608.0
1662032505.1734056,600.0
1662032505.181695,594.0
1662032505.1914706,603.0
1662032505.201295,598.0
1662032505.2109723,608.0
1662032505.2194197,610.0
1662032505.2291508,611.0
1662032505.2389002,606.0
1662032505.2486246,613.0
1662032505.2570324,611.0
1662032505.2666903,605.0
1662032505.2765949,615.0
1662032505.2862568,612.0
1662032505.2946818,602.0
1662032505.3043792,610.0
1662032505.31406,603.0
1662032505.3239634,617.0
1662032505.3322768,617.0
1662032505.3419125,614.0
1662032505.3516989,608.0
1662032505.3613863,630.0
1662032505.369764,623.0
1662032505.3793879,641.0
1662032505.389069,622.0
1662032505.398894,625.0
1662032505.4085774,612.0
1662032505.4169137,622.0
1662032505.42668,623.0
1662032505.436322,620.0
1662032505.446048,626.0
1662032505.455823,627.0
1662032505.464205,628.0
1662032505.4739032,634.0
1662032505.483626,638.0
1662032505.4920602,635.0
1662032505.5017622,636.0
1662032505.5114412,639.0
1662032505.5212593,640.0
1662032505.5309737,628.0
1662032505.5393157,626.0
1662032505.5490286,649.0
1662032505.5587163,642.0
1662032505.5683613,642.0
1662032505.5767105,641.0
1662032505.5863974,649.0
1662032505.5962722,656.0
1662032505.6060376,648.0
1662032505.6145,655.0
1662032505.6244798,655.0
1662032505.6341972,650.0
1662032505.6439059,648.0
1662032505.6522503,667.0
1662032505.661928,652.0
1662032505.671589,656.0
1662032505.68126,660.0
1662032505.690939,658.0
1662032505.6993475,664.0
1662032505.7090025,663.0
1662032505.7187352,661.0
1662032505.7284288,658.0
1662032505.736746,661.0
1662032505.7464821,653.0
1662032505.7562644,653.0
1662032505.7659366,661.0
1662032505.7755892,664.0
1662032505.7838595,665.0
1662032505.7935224,666.0
1662032505.8034036,663.0
1662032505.8130322,677.0
1662032505.8215764,666.0
1662032505.8312855,679.0
1662032505.8409162,660.0
1662032505.850587,667.0
1662032505.8589933,670.0
1662032505.868628,673.0
1662032505.8783548,672.0
1662032505.8879807,676.0
1662032505.897835,665.0
1662032505.9062002,676.0
1662032505.915873,675.0
1662032505.9256363,681.0
1662032505.9352703,692.0
1662032505.9448843,682.0
1662032505.9532845,682.0
1662032505.9630814,686.0
1662032505.9726706,679.0
1662032505.9822242,687.0
1662032505.9919488,685.0
1662032506.0002787,689.0
1662032506.0098443,691.0
1662032506.0195308,688.0
1662032506.029054,686.0
1662032506.0385797,699.0
1662032506.04823,689.0
1662032506.0578256,679.0
1662032506.066042,700.0
1662032506.0756187,703.0
1662032506.0851848,707.0
1662032506.0947294,700.0
1662032506.1043646,695.0
1662032506.113919,700.0
1662032506.1237419,708.0
1662032506.1320114,711.0
1662032506.1416621,697.0
1662032506.151289,699.0
1662032506.1609082,695.0
1662032506.1704805,704.0
1662032506.180003,702.0
1662032506.189583,705.0
1662032506.1978264,709.0
1662032506.207411,709.0
1662032506.2169838,687.0
1662032506.2267108,705.0
1662032506.2362864,715.0
1662032506.2458804,713.0
1662032506.2555308,727.0
1662032506.263785,729.0
1662032506.273328,705.0
1662032506.2829285,714.0
1662032506.292507,713.0
1662032506.3020928,714.0
1662032506.3116925,731.0
1662032506.321284,724.0
1662032506.3295736,721.0
1662032506.3390973,722.0
1662032506.3486903,719.0
1662032506.3582525,729.0
1662032506.367796,721.0
1662032506.377369,716.0
1662032506.3869047,730.0
1662032506.3966398,734.0
1662032506.4049678,731.0
1662032506.4145262,728.0
1662032506.424208,718.0
1662032506.433818,730.0
1662032506.4434156,738.0
1662032506.4530084,725.0
1662032506.4626253,747.0
1662032506.4708955,741.0
1662032506.480465,735.0
1662032506.490015,736.0
1662032506.4996057,733.0
1662032506.5092235,749.0
1662032506.5187833,739.0
1662032506.5285454,732.0
1662032506.5367613,745.0
1662032506.546368,748.0
1662032506.5559733,746.0
1662032506.5655713,741.0
1662032506.5751355,740.0
1662032506.5846841,743.0
1662032506.5943365,746.0
1662032506.6026413,742.0
1662032506.6122787,757.0
1662032506.6218917,755.0
1662032506.6314814,749.0
1662032506.6410406,767.0
1662032506.6505973,755.0
1662032506.6602275,757.0
1662032506.6685066,760.0
1662032506.678043,753.0
1662032506.6875944,749.0
1662032506.6973872,761.0
1662032506.7069905,757.0
1662032506.7166464,750.0
1662032506.7250814,750.0
1662032506.7346463,773.0
1662032506.7442205,768.0
1662032506.7537992,769.0
1662032506.7635603,773.0
1662032506.7731638,766.0
1662032506.7813728,778.0
1662032506.790937,777.0
1662032506.8005514,769.0
1662032506.8101873,769.0
1662032506.8198206,777.0
1662032506.8294044,769.0
1662032506.838979,780.0
1662032506.8485985,775.0
1662032506.856807,776.0
1662032506.8663821,783.0
1662032506.8759158,783.0
1662032506.8855758,788.0
1662032506.8952599,773.0
1662032506.904908,793.0
1662032506.9131885,771.0
1662032506.9229374,775.0
1662032506.9324968,774.0
1662032506.9420726,785.0
1662032506.9517727,785.0
1662032506.9614298,786.0
1662032506.9696896,795.0
1662032506.9792802,788.0
1662032506.988802,804.0
1662032506.998515,799.0
1662032507.0080676,789.0
1662032507.0176156,793.0
1662032507.0272765,793.0
1662032507.0368457,798.0
1662032507.0451214,800.0
1662032507.054736,798.0
1662032507.0642648,803.0
1662032507.0739696,799.0
1662032507.0835986,797.0
1662032507.0932293,803.0
1662032507.1015356,796.0
1662032507.1111479,808.0
1662032507.120774,807.0
1662032507.1305895,802.0
1662032507.1402106,795.0
1662032507.149923,814.0
1662032507.1581383,786.0
1662032507.1677275,811.0
1662032507.1773036,806.0
1662032507.1868663,811.0
1662032507.1965249,812.0
1662032507.206159,815.0
1662032507.2144551,824.0
1662032507.2241423,811.0
1662032507.2337077,817.0
1662032507.2432406,820.0
1662032507.2528098,815.0
1662032507.2624378,821.0
1662032507.2719822,821.0
1662032507.2815495,815.0
1662032507.2911336,827.0
1662032507.2994418,817.0
1662032507.3090043,822.0
1662032507.3185403,830.0
1662032507.3283765,844.0
1662032507.3379927,816.0
1662032507.3475463,840.0
1662032507.355874,817.0
1662032507.3654578,819.0
1662032507.3750012,827.0
1662032507.3845708,820.0
1662032507.3941922,828.0
1662032507.4038713,834.0
1662032507.4135122,838.0
1662032507.4217587,825.0
1662032507.4315398,827.0
1662032507.4410815,824.0
1662032507.450767,826.0
1662032507.460386,822.0
1662032507.4687016,845.0
1662032507.4782913,825.0
1662032507.4878316,841.0
1662032507.4973958,837.0
1662032507.5076387,844.0
1662032507.5161297,849.0
1662032507.526168,835.0
1662032507.5347369,846.0
1662032507.5447,845.0
1662032507.554581,855.0
1662032507.5631378,862.0
1662032507.573066,858.0
1662032507.582887,857.0
1662032507.5914867,856.0
1662032507.6013453,836.0
1662032507.6112068,857.0
1662032507.619829,850.0
1662032507.6297548,843.0
1662032507.6383023,862.0
1662032507.6482418,858.0
1662032507.6581059,872.0
1662032507.6665902,855.0
1662032507.6764948,857.0
1662032507.686404,862.0
1662032507.6949239,862.0
1662032507.7047522,873.0
1662032507.714608,858.0
1662032507.7232049,856.0
1662032507.7330918,874.0
1662032507.7430193,860.0
1662032507.7515721,862.0
1662032507.761367,860.0
1662032507.771248,859.0
1662032507.7796953,872.0
1662032507.7894697,871.0
1662032507.799255,890.0
1662032507.8077464,877.0
1662032507.8176432,871.0
1662032507.8272884,876.0
1662032507.8367705,896.0
1662032507.8458543,880.0
1662032507.8548963,870.0
1662032507.8655515,878.0
1662032507.8747442,885.0
1662032507.8838627,891.0
1662032507.8928373,869.0
1662032507.9035523,887.0
1662032507.912426,887.0
1662032507.9216185,891.0
1662032507.9307075,911.0
1662032507.9408576,896.0
1662032507.9490998,892.0
1662032507.9592829,884.0
1662032507.9679756,894.0
1662032507.9775765,892.0
1662032507.9875195,888.0
1662032507.996229,884.0
1662032508.0062325,914.0
1662032508.0149097,888.0
1662032508.0251083,878.0
1662032508.033772,889.0
1662032508.0435965,907.0
1662032508.0534213,886.0
1662032508.0620615,900.0
1662032508.07199,908.0
1662032508.080627,914.0
1662032508.0904238,900.0
1662032508.1002672,903.0
1662032508.10908,903.0
1662032508.1189678,902.0
1662032508.127749,905.0
1662032508.1376405,903.0
1662032508.1476192,897.0
1662032508.1563733,907.0
1662032508.1662412,919.0
1662032508.174883,913.0
1662032508.1847434,906.0
1662032508.1946688,881.0
1662032508.2035291,922.0
1662032508.2130811,915.0
1662032508.2219253,931.0
1662032508.2318895,920.0
1662032508.240682,910.0
1662032508.2506528,934.0
1662032508.259523,924.0
1662032508.2694952,914.0
1662032508.27941,919.0
1662032508.2881553,906.0
1662032508.2980638,933.0
1662032508.3069065,924.0
1662032508.3169198,909.0
1662032508.3258245,947.0
1662032508.3346343,928.0
1662032508.344554,936.0
1662032508.3545482,927.0
1662032508.3632724,941.0
1662032508.3731978,920.0
1662032508.3819594,945.0
1662032508.3918855,919.0
1662032508.4006813,950.0
1662032508.4108913,927.0
1662032508.419661,949.0
1662032508.4298203,939.0
1662032508.4385304,938.0
1662032508.4484932,934.0
1662032508.4571922,931.0
1662032508.467102,944.0
1662032508.4769814,939.0
1662032508.485627,925.0
1662032508.4955654,941.0
1662032508.5045176,955.0
1662032508.514384,942.0
1662032508.5231013,946.0
1662032508.5332277,948.0
1662032508.5418947,936.0
1662032508.551821,931.0
1662032508.5605526,941.0
1662032508.5704224,966.0
1662032508.580304,948.0
1662032508.588952,945.0
1662032508.5988348,958.0
1662032508.607582,965.0
1662032508.6182714,945.0
1662032508.6270254,978.0
1662032508.6370418,973.0
1662032508.6458325,954.0
1662032508.6558108,972.0
1662032508.6645148,959.0
1662032508.6745074,948.0
1662032508.6830974,924.0
1662032508.6930354,960.0
1662032508.7017071,945.0
1662032508.7123132,969.0
1662032508.7207015,958.0
1662032508.7306292,959.0
1662032508.740313,944.0
1662032508.7486267,976.0
1662032508.7582932,980.0
1662032508.7680283,961.0
1662032508.7777488,976.0
1662032508.786112,959.0
1662032508.7960582,969.0
1662032508.8058414,978.0
1662032508.8142626,992.0
1662032508.824048,969.0
1662032508.8340187,999.0
1662032508.8423905,988.0
1662032508.852081,970.0
1662032508.8617542,987.0
1662032508.871403,972.0
1662032508.881105,990.0
1662032508.8894265,973.0
1662032508.8990808,1002.0
1662032508.9093502,970.0
1662032508.9176772,972.0
1662032508.927604,980.0
1662032508.9373684,985.0
1662032508.9457817,999.0
1662032508.9554853,982.0
1662032508.9651778,962.0
1662032508.974891,977.0
1662032508.9832308,1001.0
1662032508.9929705,996.0
1662032509.0026734,987.0
1662032509.0117881,1004.0
1662032509.0219958,993.0
1662032509.0308099,993.0
1662032509.0395494,998.0
1662032509.0496783,993.0
1662032509.058285,988.0
1662032509.0684083,1005.0
1662032509.077038,1008.0
1662032509.086837,1020.0
1662032509.0966516,1014.0
1662032509.1063664,1008.0
1662032509.115002,1003.0
1662032509.1244702,1007.0
1662032509.1340833,990.0
1662032509.1437042,1013.0
1662032509.1532168,1016.0
1662032509.1625955,1018.0
1662032509.1707973,1009.0
1662032509.1804597,1017.0
1662032509.1900852,993.0
1662032509.1997678,1016.0
1662032509.2094054,1005.0
1662032509.2177837,1020.0
1662032509.2273989,1008.0
1662032509.2370288,994.0
1662032509.2466686,992.0
1662032509.2566304,1026.0
1662032509.2650313,1026.0
1662032509.2749586,1016.0
1662032509.2835438,1026.0
1662032509.293247,1010.0
1662032509.3031955,1005.0
1662032509.3117855,1021.0
1662032509.3214626,1019.0
1662032509.331399,1024.0
1662032509.3399606,1012.0
1662032509.3496175,1033.0
1662032509.359222,1023.0
1662032509.3689063,1045.0
1662032509.3772376,1001.0
1662032509.3873127,1022.0
1662032509.3958473,1017.0
1662032509.4057271,1041.0
1662032509.4153955,1057.0
1662032509.4250317,1036.0
1662032509.4333115,1024.0
1662032509.4432528,1029.0
1662032509.4532938,1038.0
1662032509.4615893,1043.0
1662032509.4715867,1043.0
1662032509.4801846,1042.0
1662032509.4901283,1059.0
1662032509.4999282,1058.0
1662032509.5085204,1030.0
1662032509.5183995,1048.0
1662032509.5280406,1069.0
1662032509.5363297,1043.0
1662032509.5459337,1044.0
1662032509.5559387,1038.0
1662032509.5658612,1054.0
1662032509.5741153,1064.0
1662032509.5840263,1046.0
1662032509.5925124,1058.0
1662032509.6024837,1027.0
1662032509.61243,1061.0
1662032509.6210454,1076.0
1662032509.630951,1050.0
1662032509.6393094,1048.0
1662032509.6489456,1070.0
1662032509.6590068,1061.0
1662032509.6689687,1079.0
1662032509.6771703,1033.0
1662032509.6861746,1061.0
1662032509.6962209,1063.0
1662032509.7049205,1100.0
1662032509.7150168,1052.0
1662032509.7237682,1058.0
1662032509.7334244,1090.0
1662032509.743031,1060.0
1662032509.752721,1040.0
1662032509.7626421,1063.0
1662032509.7710843,1051.0
1662032509.7806947,1062.0
1662032509.789389,1057.0
1662032509.7992244,1065.0
1662032509.8091977,1058.0
1662032509.8177733,1098.0
1662032509.8275065,1070.0
1662032509.8364751,1084.0
1662032509.8463795,1049.0
1662032509.8551621,1045.0
1662032509.8649597,1097.0
1662032509.8745823,1090.0
1662032509.8842545,1054.0
1662032509.8925729,1081.0
1662032509.902383,1070.0
1662032509.9123285,1077.0
1662032509.920927,1097.0
1662032509.9303737,1074.0
1662032509.939707,1057.0
1662032509.9490273,1066.0
1662032509.958472,1070.0
1662032509.9678771,1083.0
1662032509.9774415,1070.0
1662032509.9869573,1069.0
1662032509.9953249,1076.0
1662032510.0051632,1096.0
1662032510.0149379,1082.0
1662032510.0233448,1081.0
1662032510.0333161,1067.0
1662032510.0429304,1086.0
1662032510.052561,1061.0
1662032510.0608814,1094.0
1662032510.070549,1090.0
1662032510.0802224,1103.0
1662032510.0898838,1075.0
1662032510.0983303,1085.0
1662032510.1081026,1086.0
1662032510.1169415,1081.0
1662032510.1270401,1104.0
1662032510.1355777,1103.0
1662032510.1451802,1087.0
1662032510.1549788,1102.0
1662032510.1645877,1085.0
1662032510.1742187,1120.0
1662032510.1825104,1108.0
1662032510.1920922,1106.0
1662032510.2016962,1068.0
1662032510.2115736,1121.0
1662032510.2200797,1111.0
1662032510.2299433,1103.0
1662032510.2397661,1099.0
1662032510.248157,1127.0
1662032510.2580984,1100.0
1662032510.2677748,1095.0
1662032510.276072,1109.0
1662032510.285689,1118.0
1662032510.2953076,1076.0
1662032510.3048909,1138.0
1662032510.3145893,1103.0
1662032510.3229866,1122.0
1662032510.3328097,1129.0
1662032510.342602,1123.0
1662032510.3509564,1092.0
1662032510.3606448,1115.0
1662032510.3703225,1096.0
1662032510.3799543,1113.0
1662032510.3896296,1102.0
1662032510.3979952,1109.0
1662032510.4076378,1139.0
1662032510.4177234,1143.0
1662032510.4261534,1151.0
1662032510.436061,1127.0
1662032510.445725,1110.0
1662032510.454087,1132.0
1662032510.463824,1157.0
1662032510.4735942,1132.0
1662032510.4832659,1121.0
1662032510.491692,1130.0
1662032510.501349,1107.0
1662032510.5110314,1157.0
1662032510.519602,1131.0
1662032510.529359,1136.0
1662032510.539059,1111.0
1662032510.5487676,1167.0
1662032510.5570838,1128.0
1662032510.5668304,1161.0
1662032510.5765574,1147.0
1662032510.5854135,1144.0
1662032510.5955484,1153.0
1662032510.604344,1160.0
1662032510.61492,1175.0
1662032510.622768,1159.0
1662032510.6330898,1146.0
1662032510.6428936,1151.0
1662032510.6506464,1071.0
1662032510.660891,1158.0
1662032510.6694496,1133.0
1662032510.679424,1159.0
1662032510.6886673,1164.0
1662032510.6976724,1129.0
1662032510.7067044,1153.0
1662032510.7165651,1164.0
1662032510.7261038,1131.0
1662032510.735529,1163.0
1662032510.7449534,1172.0
1662032510.754397,1112.0
1662032510.7638636,1141.0
1662032510.7731996,1162.0
1662032510.7825289,1155.0
1662032510.7918541,1150.0
1662032510.8012133,1159.0
1662032510.8105946,1148.0
1662032510.8203154,1140.0
1662032510.828857,1169.0
1662032510.8387418,1162.0
1662032510.8471928,1134.0
1662032510.857251,1142.0
1662032510.867189,1179.0
1662032510.8757696,1187.0
1662032510.8857596,1150.0
1662032510.8942835,1136.0
1662032510.9041402,1209.0
1662032510.9126663,1147.0
1662032510.9226217,1173.0
1662032510.932416,1159.0
1662032510.940955,1165.0
1662032510.950667,1176.0
1662032510.9604416,1175.0
1662032510.968802,1165.0
1662032510.9785552,1185.0
1662032510.9882095,1183.0
1662032510.9979117,1182.0
1662032511.0062687,1149.0
1662032511.0160491,1182.0
1662032511.0257752,1176.0
1662032511.035559,1169.0
1662032511.0439827,1196.0
1662032511.0537517,1195.0
1662032511.063545,1174.0
1662032511.0719314,1196.0
1662032511.0816562,1132.0
1662032511.091535,1209.0
1662032511.099927,1201.0
1662032511.1095777,1191.0
1662032511.119364,1185.0
1662032511.129064,1191.0
1662032511.1376154,1215.0
1662032511.1473844,1177.0
1662032511.157135,1161.0
1662032511.1655502,1190.0
1662032511.1754072,1189.0
1662032511.185549,1184.0
1662032511.1940646,1221.0
1662032511.2039459,1200.0
1662032511.2127643,1235.0
1662032511.222632,1199.0
1662032511.2313068,1189.0
1662032511.2412333,1196.0
1662032511.2509816,1226.0
1662032511.2596595,1209.0
1662032511.2695148,1221.0
1662032511.2780733,1199.0
1662032511.2877905,1185.0
1662032511.297544,1227.0
1662032511.3059464,1233.0
1662032511.31577,1231.0
1662032511.3255298,1233.0
1662032511.33531,1224.0
1662032511.3437262,1228.0
1662032511.3534572,1188.0
1662032511.3632479,1209.0
1662032511.3716176,1217.0
1662032511.38148,1234.0
1662032511.3912265,1224.0
1662032511.3998008,1196.0
1662032511.4095764,1225.0
1662032511.4194248,1206.0
1662032511.4280205,1236.0
1662032511.4377477,1226.0
1662032511.447473,1192.0
1662032511.4559171,1200.0
1662032511.4658318,1241.0
1662032511.4755719,1213.0
1662032511.4841719,1200.0
1662032511.494156,1192.0
1662032511.5026433,1226.0
1662032511.51268,1187.0
1662032511.5213969,1246.0
1662032511.5311627,1276.0
1662032511.540899,1248.0
1662032511.5496256,1215.0
1662032511.5594373,1252.0
1662032511.5691826,1228.0
1662032511.5774484,1229.0
1662032511.587187,1194.0
1662032511.5970588,1242.0
1662032511.606846,1214.0
1662032511.6152627,1260.0
1662032511.6249802,1227.0
1662032511.6346993,1226.0
1662032511.6430323,1237.0
1662032511.6527727,1244.0
1662032511.66273,1250.0
1662032511.6724656,1251.0
1662032511.6808252,1202.0
1662032511.6905258,1249.0
1662032511.7005339,1205.0
1662032511.7089784,1258.0
1662032511.718847,1276.0
1662032511.7273648,1210.0
1662032511.7371328,1260.0
1662032511.746898,1248.0
1662032511.7566867,1197.0
1662032511.765281,1257.0
1662032511.7750032,1268.0
1662032511.784705,1263.0
1662032511.793087,1212.0
1662032511.8028588,1271.0
1662032511.8125045,1218.0
1662032511.8210495,1246.0
1662032511.8308845,1227.0
1662032511.840657,1263.0
1662032511.8490937,1264.0
1662032511.85897,1259.0
1662032511.8688912,1202.0
1662032511.8772671,1260.0
1662032511.8871627,1241.0
1662032511.8969193,1245.0
1662032511.9052858,1258.0
1662032511.9149802,1259.0
1662032511.924739,1223.0
1662032511.934493,1275.0
1662032511.9428196,1284.0
1662032511.9527526,1236.0
1662032511.962852,1248.0
1662032511.9714832,1254.0
1662032511.9812264,1226.0
1662032511.9896336,1267.0
1662032511.999337,1238.0
1662032512.009192,1254.0
1662032512.01759,1263.0
1662032512.0273283,1232.0
1662032512.0376146,1257.0
1662032512.0460997,1226.0
1662032512.0560036,1274.0
1662032512.0644293,1266.0
1662032512.0743537,1289.0
1662032512.084103,1253.0
1662032512.0924711,1258.0
1662032512.102219,1288.0
1662032512.1121306,1291.0
1662032512.1218874,1263.0
1662032512.1302786,1280.0
1662032512.1400342,1283.0
1662032512.1499066,1270.0
1662032512.1583216,1318.0
1662032512.1682222,1268.0
1662032512.1779985,1290.0
1662032512.1864097,1301.0
1662032512.1961355,1291.0
1662032512.2059186,1318.0
1662032512.2143545,1278.0
1662032512.2241848,1275.0
1662032512.23395,1262.0
1662032512.2436414,1277.0
1662032512.2520118,1298.0
1662032512.2619016,1312.0
1662032512.2704782,1288.0
1662032512.2802594,1273.0
1662032512.2899837,1276.0
1662032512.2996724,1311.0
1662032512.3080013,1309.0
1662032512.3177564,1270.0
1662032512.327469,1332.0
1662032512.3371894,1290.0
1662032512.34556,1309.0
1662032512.3552508,1324.0
1662032512.365011,1325.0
1662032512.374766,1285.0
1662032512.3831406,1311.0
1662032512.3929067,1287.0
1662032512.4028296,1293.0
1662032512.4112005,1268.0
1662032512.4209383,1268.0
1662032512.4306743,1284.0
1662032512.4403958,1304.0
1662032512.4487202,1266.0
1662032512.458441,1267.0
1662032512.4682183,1287.0
1662032512.4764886,1282.0
1662032512.4860327,1285.0
1662032512.4958398,1333.0
1662032512.5056992,1283.0
1662032512.5147378,1313.0
1662032512.5245068,1279.0
1662032512.5329242,1281.0
1662032512.5426316,1281.0
1662032512.552326,1321.0
1662032512.562082,1304.0
1662032512.5704134,1321.0
1662032512.5801265,1280.0
1662032512.5898438,1305.0
1662032512.599557,1319.0
1662032512.607886,1320.0
1662032512.6176229,1276.0
1662032512.6275964,1313.0
1662032512.6359856,1297.0
1662032512.6458,1314.0
1662032512.6555066,1285.0
1662032512.663999,1314.0
1662032512.6737022,1320.0
1662032512.6834211,1338.0
1662032512.6931405,1303.0
1662032512.7017274,1332.0
1662032512.7115195,1318.0
1662032512.7212203,1336.0
1662032512.7296228,1309.0
1662032512.739344,1324.0
1662032512.749052,1296.0
1662032512.758881,1333.0
1662032512.7673573,1307.0
1662032512.7771192,1350.0
1662032512.786793,1319.0
1662032512.7952683,1351.0
1662032512.8050914,1328.0
1662032512.8148751,1376.0
1662032512.823406,1328.0
1662032512.8332422,1322.0
1662032512.8429716,1307.0
1662032512.8514612,1338.0
1662032512.8612423,1331.0
1662032512.8709695,1299.0
1662032512.8793197,1323.0
1662032512.8890855,1371.0
1662032512.898862,1372.0
1662032512.9086394,1366.0
1662032512.9169624,1315.0
1662032512.9266942,1327.0
1662032512.9365125,1350.0
1662032512.9449716,1331.0
1662032512.9547217,1333.0
1662032512.9644957,1317.0
1662032512.974187,1327.0
1662032512.9825377,1315.0
1662032512.9924219,1320.0
1662032513.0022604,1328.0
1662032513.010752,1394.0
1662032513.0204585,1354.0
1662032513.0303626,1321.0
1662032513.0388014,1350.0
1662032513.0485942,1316.0
1662032513.0584188,1350.0
1662032513.0669978,1324.0
1662032513.0767882,1320.0
1662032513.0864966,1332.0
1662032513.0948648,1320.0
1662032513.104571,1360.0
1662032513.114315,1348.0
1662032513.12404,1295.0
1662032513.1324608,1324.0
1662032513.142405,1335.0
1662032513.1521494,1368.0
1662032513.160559,1324.0
1662032513.1703727,1325.0
1662032513.1801383,1272.0
1662032513.1885164,1341.0
1662032513.1982946,1318.0
1662032513.2079203,1356.0
1662032513.2176273,1285.0
1662032513.2260044,1271.0
1662032513.235775,1310.0
1662032513.2454927,1367.0
1662032513.2539034,1338.0
1662032513.2638764,1308.0
1662032513.2735977,1323.0
1662032513.283306,1276.0
1662032513.291648,1290.0
1662032513.3015995,1348.0
1662032513.3102617,1287.0
1662032513.3203902,1327.0
1662032513.3290687,1314.0
1662032513.3391953,1296.0
1662032513.3492727,1340.0
1662032513.3576035,1318.0
1662032513.3663814,1372.0
1662032513.376404,1310.0
1662032513.3851335,1295.0
1662032513.3952081,1332.0
1662032513.4039662,1319.0
1662032513.413969,1325.0
1662032513.4237049,1364.0
1662032513.4321077,1292.0
1662032513.4418948,1325.0
1662032513.4516048,1348.0
1662032513.4603179,1318.0
1662032513.4702654,1329.0
1662032513.4799976,1291.0
1662032513.4883742,1325.0
1662032513.498287,1267.0
1662032513.5079746,1363.0
1662032513.5163121,1326.0
1662032513.5259542,1338.0
1662032513.5358052,1333.0
1662032513.5454926,1356.0
1662032513.5538962,1360.0
1662032513.5635567,1343.0
1662032513.5731633,1288.0
1662032513.5827422,1357.0
1662032513.5923138,1325.0
1662032513.600602,1368.0
1662032513.6103222,1353.0
1662032513.6199033,1333.0
1662032513.62953,1306.0
1662032513.6391115,1349.0
1662032513.6475656,1398.0
1662032513.6571724,1328.0
1662032513.6668572,1324.0
1662032513.6764395,1357.0
1662032513.6860702,1331.0
1662032513.6942635,1390.0
1662032513.7038655,1334.0
1662032513.713432,1335.0
1662032513.7230093,1333.0
1662032513.7325962,1336.0
1662032513.7422347,1314.0
1662032513.7505012,1327.0
1662032513.7600524,1354.0
1662032513.7696588,1372.0
1662032513.7792232,1302.0
1662032513.7887475,1359.0
1662032513.7983153,1354.0
1662032513.8065934,1357.0
1662032513.816126,1335.0
1662032513.8256536,1343.0
1662032513.8355627,1267.0
1662032513.8454113,1353.0
1662032513.8538842,1321.0
1662032513.8637996,1381.0
1662032513.8723238,1341.0
1662032513.8822305,1320.0
1662032513.8909967,1332.0
1662032513.9011638,1311.0
1662032513.9098344,1311.0
1662032513.9199781,1337.0
1662032513.928702,1386.0
1662032513.9384897,1319.0
1662032513.9482245,1354.0
1662032513.95672,1329.0
1662032513.966528,1244.0
1662032513.9762256,1356.0
1662032513.9846535,1261.0
1662032513.9945035,1376.0
1662032514.0043538,1295.0
1662032514.012741,1385.0
1662032514.0224822,1351.0
1662032514.0324168,1355.0
1662032514.0407825,1332.0
1662032514.0506449,1329.0
1662032514.060398,1356.0
1662032514.0702584,1296.0
1662032514.0787594,1410.0
1662032514.0884016,1345.0
1662032514.0981662,1260.0
1662032514.106464,1356.0
1662032514.116124,1336.0
1662032514.125921,1340.0
1662032514.1344435,1353.0
1662032514.1443868,1339.0
1662032514.1541276,1288.0
1662032514.1639755,1360.0
1662032514.1724367,1383.0
1662032514.182172,1342.0
1662032514.1919038,1376.0
1662032514.2003477,1314.0
1662032514.209994,1342.0
1662032514.2198846,1341.0
1662032514.2283087,1303.0
1662032514.2380226,1313.0
1662032514.2477484,1367.0
1662032514.2573748,1334.0
1662032514.265898,1290.0
1662032514.2757194,1328.0
1662032514.2854722,1352.0
1662032514.2938733,1355.0
1662032514.303623,1372.0
1662032514.313367,1403.0
1662032514.3232508,1362.0
1662032514.3319054,1338.0
1662032514.341725,1311.0
1662032514.3500729,1343.0
1662032514.3599212,1307.0
1662032514.3699098,1326.0
1662032514.3785188,1267.0
1662032514.3884523,1354.0
1662032514.3971677,1346.0
1662032514.406921,1340.0
1662032514.416682,1324.0
1662032514.4251487,1351.0
1662032514.4347942,1267.0
1662032514.4443204,1348.0
1662032514.4537675,1306.0
1662032514.4631937,1314.0
1662032514.4726987,1348.0
1662032514.4810138,1351.0
1662032514.4904816,1338.0
1662032514.5000644,1305.0
1662032514.5094404,1352.0
1662032514.5189242,1343.0
1662032514.5284111,1288.0
1662032514.5381413,1357.0
1662032514.5465379,1330.0
1662032514.5561664,1382.0
1662032514.565914,1296.0
1662032514.575629,1358.0
1662032514.584025,1351.0
1662032514.593795,1353.0
1662032514.603565,1341.0
1662032514.6133478,1323.0
1662032514.6218107,1322.0
1662032514.631704,1322.0
1662032514.6413693,1377.0
1662032514.6498852,1355.0
1662032514.6594803,1293.0
1662032514.6692288,1298.0
1662032514.6787906,1311.0
1662032514.688363,1341.0
1662032514.6965961,1312.0
1662032514.70629,1334.0
1662032514.715954,1303.0
1662032514.7255192,1322.0
1662032514.7351553,1354.0
1662032514.7434247,1330.0
1662032514.753029,1321.0
1662032514.7626898,1333.0
1662032514.7723439,1307.0
1662032514.7819884,1318.0
1662032514.79024,1240.0
1662032514.7998452,1338.0
1662032514.8094275,1285.0
1662032514.818952,1330.0
1662032514.8286202,1338.0
1662032514.838261,1345.0
1662032514.8464756,1248.0
1662032514.85604,1318.0
1662032514.8657155,1324.0
1662032514.8752759,1397.0
1662032514.8849847,1324.0
1662032514.893209,1347.0
1662032514.9028773,1316.0
1662032514.9124482,1353.0
1662032514.9219992,1303.0
1662032514.9317126,1331.0
1662032514.9399788,1271.0
1662032514.9495537,1325.0
1662032514.9591777,1301.0
1662032514.968907,1267.0
1662032514.9786024,1313.0
1662032514.9869761,1292.0
1662032514.9966323,1301.0
1662032515.0063415,1299.0
1662032515.0161755,1256.0
1662032515.0244446,1374.0
1662032515.0341566,1268.0
1662032515.043996,1329.0
1662032515.0536222,1347.0
1662032515.061859,1290.0
1662032515.0715978,1298.0
1662032515.0816648,1325.0
1662032515.0899076,1320.0
1662032515.0994568,1326.0
1662032515.1091866,1275.0
1662032515.1187844,1335.0
1662032515.1283743,1297.0
1662032515.1370652,1311.0
1662032515.146953,1311.0
1662032515.1565044,1341.0
1662032515.165132,1312.0
1662032515.1748564,1304.0
1662032515.1844316,1259.0
1662032515.1929011,1298.0
1662032515.2028632,1297.0
1662032515.212452,1300.0
1662032515.2220488,1284.0
1662032515.2305079,1321.0
1662032515.2401595,1300.0
1662032515.2497804,1288.0
1662032515.2595932,1271.0
1662032515.267963,1269.0
1662032515.2776392,1279.0
1662032515.288068,1272.0
1662032515.2964604,1309.0
1662032515.3061922,1285.0
1662032515.314798,1328.0
1662032515.3251293,1302.0
1662032515.3334894,1247.0
1662032515.3433774,1289.0
1662032515.3534827,1226.0
1662032515.3619401,1312.0
1662032515.3716426,1257.0
1662032515.3814352,1278.0
1662032515.3898067,1321.0
1662032515.3993092,1285.0
1662032515.4091787,1195.0
1662032515.4187896,1290.0
1662032515.428559,1287.0
1662032515.4369571,1297.0
1662032515.4468338,1305.0
1662032515.4564354,1304.0
1662032515.4647574,1265.0
1662032515.474631,1309.0
1662032515.4843893,1332.0
1662032515.4939392,1284.0
1662032515.5025337,1340.0
1662032515.512392,1313.0
1662032515.522009,1306.0
1662032515.5307672,1268.0
1662032515.5404632,1226.0
1662032515.550125,1288.0
1662032515.5585744,1271.0
1662032515.568543,1292.0
1662032515.5781379,1242.0
1662032515.5864303,1301.0
1662032515.5962124,1254.0
1662032515.6058958,1258.0
1662032515.6156116,1204.0
1662032515.6241398,1306.0
1662032515.6340616,1225.0
1662032515.6436875,1251.0
1662032515.6523757,1295.0
1662032515.6619897,1270.0
1662032515.671743,1283.0
1662032515.6802795,1228.0
1662032515.6899283,1322.0
1662032515.6995273,1287.0
1662032515.7091594,1243.0
1662032515.7175481,1244.0
1662032515.7271445,1227.0
1662032515.736819,1246.0
1662032515.7467291,1233.0
1662032515.7551334,1263.0
1662032515.764703,1235.0
1662032515.77467,1267.0
1662032515.784356,1287.0
1662032515.7926753,1273.0
1662032515.8026173,1240.0
1662032515.812238,1302.0
1662032515.8218439,1209.0
1662032515.830149,1286.0
1662032515.8399003,1242.0
1662032515.8495312,1252.0
1662032515.859305,1199.0
1662032515.8678236,1258.0
1662032515.8775795,1245.0
1662032515.8872297,1259.0
1662032515.8959045,1249.0
1662032515.9056478,1279.0
1662032515.9153616,1274.0
1662032515.923885,1282.0
1662032515.933543,1223.0
1662032515.943173,1267.0
1662032515.9528217,1214.0
1662032515.9611228,1268.0
1662032515.970949,1274.0
1662032515.98084,1245.0
1662032515.9891095,1242.0
1662032515.9988673,1251.0
1662032516.0085952,1277.0
1662032516.0171773,1252.0
1662032516.0268025,1211.0
1662032516.0367224,1284.0
1662032516.0453515,1229.0
1662032516.0550265,1234.0
1662032516.064571,1254.0
1662032516.074407,1242.0
1662032516.082727,1236.0
1662032516.092348,1202.0
1662032516.10235,1248.0
1662032516.1120193,1255.0
1662032516.1205502,1229.0
1662032516.1304317,1252.0
1662032516.1389418,1230.0
1662032516.1487634,1250.0
1662032516.158507,1222.0
1662032516.1671674,1217.0
1662032516.1767967,1212.0
1662032516.186568,1228.0
1662032516.1963055,1176.0
1662032516.204702,1218.0
1662032516.214297,1228.0
1662032516.2241733,1258.0
1662032516.2338774,1197.0
1662032516.242156,1224.0
1662032516.2519226,1248.0
1662032516.2616286,1227.0
1662032516.2713156,1209.0
1662032516.279707,1214.0
1662032516.2896564,1218.0
1662032516.299216,1232.0
1662032516.3074942,1221.0
1662032516.3171642,1217.0
1662032516.3268342,1204.0
1662032516.3365617,1246.0
1662032516.3450987,1211.0
1662032516.3547728,1182.0
1662032516.3643587,1206.0
1662032516.374219,1236.0
1662032516.3826177,1228.0
1662032516.3922236,1236.0
1662032516.4021912,1185.0
1662032516.4105475,1235.0
1662032516.420206,1191.0
1662032516.4298294,1191.0
1662032516.4396083,1186.0
1662032516.4492662,1202.0
1662032516.4574704,1276.0
1662032516.4674907,1206.0
1662032516.4772313,1219.0
1662032516.4855373,1228.0
1662032516.495332,1198.0
1662032516.505005,1209.0
1662032516.514562,1211.0
1662032516.5229383,1182.0
1662032516.5330434,1228.0
1662032516.5426576,1190.0
1662032516.5509617,1152.0
1662032516.560629,1200.0
1662032516.5703444,1194.0
1662032516.5800414,1208.0
1662032516.5886152,1181.0
1662032516.5982878,1206.0
1662032516.6078823,1183.0
1662032516.6177976,1220.0
1662032516.6260514,1187.0
1662032516.635847,1199.0
1662032516.6456769,1156.0
1662032516.654201,1189.0
1662032516.6638062,1186.0
1662032516.673375,1196.0
1662032516.6830673,1195.0
1662032516.6926785,1173.0
1662032516.7009268,1176.0
1662032516.7109253,1173.0
1662032516.7206078,1190.0
1662032516.7303357,1167.0
1662032516.7388887,1175.0
1662032516.7484267,1210.0
1662032516.758126,1207.0
1662032516.7665224,1207.0
1662032516.7761877,1100.0
1662032516.7858262,1173.0
1662032516.7953358,1166.0
1662032516.803779,1172.0
1662032516.813366,1152.0
1662032516.8228662,1189.0
1662032516.8327436,1163.0
1662032516.8425283,1193.0
1662032516.8507414,1179.0
1662032516.860677,1190.0
1662032516.870627,1176.0
1662032516.878912,1166.0
1662032516.8883936,1145.0
1662032516.8979418,1171.0
1662032516.9075243,1119.0
1662032516.917066,1156.0
1662032516.9266524,1194.0
1662032516.9349594,1160.0
1662032516.9445925,1169.0
1662032516.954224,1179.0
1662032516.9638739,1176.0
1662032516.9736254,1173.0
1662032516.9818752,1136.0
1662032516.9914372,1145.0
1662032517.001006,1152.0
1662032517.010758,1137.0
1662032517.020344,1152.0
1662032517.0285783,1167.0
1662032517.038447,1168.0
1662032517.0480802,1150.0
1662032517.0576599,1130.0
1662032517.0659947,1174.0
1662032517.0756943,1147.0
1662032517.0853078,1150.0
1662032517.0948913,1138.0
1662032517.1044395,1158.0
1662032517.1139922,1130.0
1662032517.1222365,1152.0
1662032517.1317804,1170.0
1662032517.1413262,1163.0
1662032517.1510053,1152.0
1662032517.1606097,1159.0
1662032517.1702461,1145.0
1662032517.1787927,1158.0
1662032517.1884825,1152.0
1662032517.1980796,1136.0
1662032517.2070076,1119.0
1662032517.2166176,1160.0
1662032517.2262697,1159.0
1662032517.2345374,1143.0
1662032517.2441938,1137.0
1662032517.2539012,1125.0
1662032517.2635312,1124.0
1662032517.2719276,1146.0
1662032517.2815747,1124.0
1662032517.2911687,1115.0
1662032517.3007596,1107.0
1662032517.3104107,1140.0
1662032517.3199759,1099.0
1662032517.3285112,1109.0
1662032517.3382132,1145.0
1662032517.3478482,1121.0
1662032517.3565888,1107.0
1662032517.366342,1118.0
1662032517.3760984,1119.0
1662032517.384429,1123.0
1662032517.394175,1114.0
1662032517.4041348,1102.0
1662032517.4125,1081.0
1662032517.4222512,1105.0
1662032517.431984,1116.0
1662032517.4417386,1140.0
1662032517.4501002,1121.0
1662032517.4598527,1107.0
1662032517.4699147,1137.0
1662032517.4784453,1126.0
1662032517.4882987,1147.0
1662032517.4967153,1095.0
1662032517.5068355,1081.0
1662032517.5158775,1143.0
1662032517.525552,1112.0
1662032517.535309,1101.0
1662032517.5437658,1116.0
1662032517.553513,1122.0
1662032517.56211,1092.0
1662032517.572054,1086.0
1662032517.5819914,1043.0
1662032517.5905225,1120.0
1662032517.6003208,1091.0
1662032517.610242,1102.0
1662032517.619203,1075.0
1662032517.6277387,1092.0
1662032517.6374695,1089.0
1662032517.6476433,1114.0
1662032517.6560636,1112.0
1662032517.665722,1106.0
1662032517.6753209,1129.0
1662032517.6849105,1068.0
1662032517.6932185,1073.0
1662032517.7029064,1101.0
1662032517.7124882,1044.0
1662032517.7220426,1077.0
1662032517.7316227,1074.0
1662032517.741188,1101.0
1662032517.74939,1067.0
1662032517.7589958,1085.0
1662032517.7686872,1057.0
1662032517.7782862,1058.0
1662032517.7878911,1099.0
1662032517.7961433,1082.0
1662032517.8057683,1079.0
1662032517.8153756,1084.0
1662032517.8250475,1069.0
1662032517.8346832,1062.0
1662032517.8429878,1058.0
1662032517.8526287,1059.0
1662032517.862217,1054.0
1662032517.871834,1085.0
1662032517.8814597,1087.0
1662032517.8910506,1080.0
1662032517.8993115,1073.0
1662032517.9090514,1070.0
1662032517.9186313,1034.0
1662032517.9282038,1070.0
1662032517.9378684,1034.0
1662032517.9461582,1054.0
1662032517.9557648,1066.0
1662032517.9654398,1077.0
1662032517.9752676,1093.0
1662032517.9836466,1084.0
1662032517.9934535,1067.0
1662032518.0025697,1076.0
1662032518.0121832,1083.0
1662032518.021753,1053.0
1662032518.031452,1054.0
1662032518.0397115,1071.0
1662032518.0493517,1071.0
1662032518.0590062,1055.0
1662032518.0687118,1058.0
1662032518.0769932,1061.0
1662032518.0865588,1027.0
1662032518.096155,1054.0
1662032518.1058064,1051.0
1662032518.115405,1056.0
1662032518.1250327,1047.0
1662032518.133247,1063.0
1662032518.1428592,1076.0
1662032518.1527078,1056.0
1662032518.1622653,1025.0
1662032518.1708605,1046.0
1662032518.1807764,1055.0
1662032518.1905432,1051.0
1662032518.198983,1042.0
1662032518.2087243,1033.0
1662032518.2184937,1053.0
1662032518.2281017,1012.0
1662032518.2364721,1033.0
1662032518.2464657,1045.0
1662032518.2550945,1050.0
1662032518.2650783,1060.0
1662032518.27495,1041.0
1662032518.2832975,1038.0
1662032518.2929754,1031.0
1662032518.3026965,1062.0
1662032518.3112314,1043.0
1662032518.320903,1038.0
1662032518.3305733,1051.0
1662032518.3403652,1028.0
1662032518.3491197,1032.0
1662032518.3589919,1025.0
1662032518.368926,1023.0
1662032518.3771684,1021.0
1662032518.3869698,1030.0
1662032518.3967688,1031.0
1662032518.405201,1018.0
1662032518.4148905,1022.0
1662032518.4248197,993.0
1662032518.4335077,1036.0
1662032518.4434147,1020.0
1662032518.451892,1043.0
1662032518.4616396,993.0
1662032518.471659,1024.0
1662032518.4800696,1011.0
1662032518.4898155,1026.0
1662032518.499503,1020.0
1662032518.5093532,1031.0
1662032518.5179222,1026.0
1662032518.5276802,1036.0
1662032518.5373497,1021.0
1662032518.5459003,1022.0
1662032518.5556648,989.0
1662032518.5653086,1008.0
1662032518.5737438,994.0
1662032518.5834546,1029.0
1662032518.5931165,975.0
1662032518.60277,1011.0
1662032518.6113238,979.0
1662032518.6210213,1005.0
1662032518.6306813,988.0
1662032518.639172,1004.0
1662032518.6489234,982.0
1662032518.6587143,1004.0
1662032518.6684234,1002.0
1662032518.678184,1004.0
1662032518.686683,970.0
1662032518.6965075,1003.0
1662032518.7051966,1030.0
1662032518.7154033,990.0
1662032518.7238882,985.0
1662032518.7336485,988.0
1662032518.7433972,968.0
1662032518.7518382,992.0
1662032518.7615821,963.0
1662032518.7713416,997.0
1662032518.7810678,997.0
1662032518.790768,991.0
1662032518.7992065,987.0
1662032518.809226,982.0
1662032518.8178287,971.0
1662032518.8275719,968.0
1662032518.8373458,997.0
1662032518.845761,973.0
1662032518.8555934,984.0
1662032518.8653696,988.0
1662032518.875198,967.0
1662032518.88361,972.0
1662032518.8932617,973.0
1662032518.9031007,982.0
1662032518.9117112,972.0
1662032518.9214208,986.0
1662032518.9312184,969.0
1662032518.9396348,966.0
1662032518.9493425,986.0
1662032518.9590974,988.0
1662032518.9689043,975.0
1662032518.9771817,979.0
1662032518.9871123,987.0
1662032518.9970305,985.0
1662032519.005609,975.0
1662032519.0153484,982.0
1662032519.0253255,950.0
1662032519.0341034,959.0
1662032519.0431294,971.0
1662032519.053631,968.0
1662032519.06272,968.0
1662032519.0714695,968.0
1662032519.0811756,940.0
1662032519.0911613,966.0
1662032519.0999558,948.0
1662032519.110018,965.0
1662032519.118334,942.0
1662032519.1282604,955.0
1662032519.13803,979.0
1662032519.146449,956.0
1662032519.1564255,927.0
1662032519.1663084,954.0
1662032519.1748395,960.0
1662032519.1845486,949.0
1662032519.1942427,935.0
1662032519.2027783,941.0
1662032519.2128203,943.0
1662032519.2214115,958.0
1662032519.2310941,955.0
1662032519.2409058,952.0
1662032519.2507212,947.0
1662032519.259123,924.0
1662032519.2687988,956.0
1662032519.2783582,952.0
1662032519.2879255,947.0
1662032519.2974985,940.0
1662032519.307191,928.0
1662032519.3154583,936.0
1662032519.3249836,928.0
1662032519.3345437,940.0
1662032519.344123,934.0
1662032519.3537335,943.0
1662032519.3633323,923.0
1662032519.3729155,924.0
1662032519.3825018,924.0
1662032519.3907378,933.0
1662032519.4002757,927.0
1662032519.4099662,946.0
1662032519.4195943,933.0
1662032519.4291623,930.0
1662032519.438749,904.0
1662032519.448318,918.0
1662032519.456559,944.0
1662032519.4661384,889.0
1662032519.4757273,926.0
1662032519.4853017,932.0
1662032519.4948645,920.0
1662032519.5043995,925.0
1662032519.51397,909.0
1662032519.5235467,925.0
1662032519.531848,931.0
1662032519.5414221,902.0
1662032519.55106,899.0
1662032519.5606644,911.0
1662032519.5702631,893.0
1662032519.5798197,912.0
1662032519.589368,918.0
1662032519.5989156,920.0
1662032519.6071808,921.0
1662032519.6167274,916.0
1662032519.6263525,882.0
1662032519.6359224,921.0
1662032519.645534,889.0
1662032519.6552055,912.0
1662032519.6647887,929.0
1662032519.67303,927.0
1662032519.6825688,915.0
1662032519.6921241,901.0
1662032519.7016518,910.0
1662032519.7113812,893.0
1662032519.720957,882.0
1662032519.7304955,897.0
1662032519.7400615,890.0
1662032519.7496336,895.0
1662032519.7578268,891.0
1662032519.7673898,883.0
1662032519.777079,889.0
1662032519.7868226,888.0
1662032519.79646,888.0
1662032519.8060985,892.0
1662032519.8143268,876.0
1662032519.8238695,872.0
1662032519.8334265,891.0
1662032519.8429804,902.0
1662032519.8525198,872.0
1662032519.862098,891.0
1662032519.8716698,878.0
1662032519.8813014,893.0
1662032519.889544,903.0
1662032519.8991847,874.0
1662032519.9088476,872.0
1662032519.918387,861.0
1662032519.9279351,877.0
1662032519.9374905,869.0
1662032519.9473126,880.0
1662032519.9558318,875.0
1662032519.9657714,855.0
1662032519.9756532,869.0
1662032519.9841416,899.0
1662032519.9940085,864.0
1662032520.003852,869.0
1662032520.012452,860.0
1662032520.0223768,863.0
1662032520.030879,881.0
1662032520.0411317,860.0
1662032520.0508628,866.0
1662032520.059188,842.0
1662032520.0689197,856.0
1662032520.078784,863.0
1662032520.0885353,863.0
1662032520.0968022,865.0
1662032520.1065114,852.0
1662032520.116181,858.0
1662032520.1258595,843.0
1662032520.1356416,849.0
1662032520.1441257,862.0
1662032520.153894,851.0
1662032520.163917,846.0
1662032520.1723256,868.0
1662032520.182349,846.0
1662032520.1910841,846.0
1662032520.200913,851.0
1662032520.2109282,841.0
1662032520.2194104,855.0
1662032520.2291427,832.0
1662032520.238927,838.0
1662032520.248739,841.0
1662032520.257135,843.0
1662032520.267197,833.0
1662032520.2758386,836.0
1662032520.2857146,839.0
1662032520.295711,838.0
1662032520.3043296,842.0
1662032520.314139,835.0
1662032520.3238947,830.0
1662032520.3323424,843.0
1662032520.3421392,814.0
1662032520.3519135,834.0
1662032520.3617332,810.0
1662032520.3701758,821.0
1662032520.379885,819.0
1662032520.3897524,824.0
1662032520.3981278,818.0
1662032520.407898,833.0
1662032520.417613,803.0
1662032520.4272935,821.0
1662032520.4370177,811.0
1662032520.445388,819.0
1662032520.4551268,821.0
1662032520.465071,816.0
1662032520.4735522,825.0
1662032520.4833226,822.0
1662032520.4931672,822.0
1662032520.501605,819.0
1662032520.5115287,817.0
1662032520.5212717,799.0
1662032520.5310192,804.0
1662032520.5394402,801.0
1662032520.5491874,813.0
1662032520.5590763,805.0
1662032520.5689251,808.0
1662032520.577387,809.0
1662032520.5871582,813.0
1662032520.597036,812.0
1662032520.605417,815.0
1662032520.6154196,794.0
1662032520.6251972,815.0
1662032520.633635,792.0
1662032520.643424,805.0
1662032520.653133,782.0
1662032520.6616747,790.0
1662032520.671549,791.0
1662032520.681211,793.0
1662032520.690987,793.0
1662032520.6994762,788.0
1662032520.7093487,789.0
1662032520.7191803,802.0
1662032520.7276616,791.0
1662032520.7374244,793.0
1662032520.7473123,793.0
1662032520.7570336,791.0
1662032520.7656126,791.0
1662032520.77542,774.0
1662032520.7851384,794.0
1662032520.7935493,771.0
1662032520.8033218,785.0
1662032520.8132076,776.0
1662032520.8218663,779.0
1662032520.8317945,758.0
1662032520.8417847,787.0
1662032520.8503273,771.0
1662032520.860099,776.0
1662032520.8699188,770.0
1662032520.878339,777.0
1662032520.8880584,771.0
1662032520.8979278,770.0
1662032520.9077475,766.0
1662032520.9160569,772.0
1662032520.9257593,760.0
1662032520.9354734,770.0
1662032520.9452093,751.0
1662032520.9536374,753.0
1662032520.9634151,764.0
1662032520.9734828,762.0
1662032520.9818418,767.0
1662032520.9916253,771.0
1662032521.0014179,763.0
1662032521.0105405,758.0
1662032521.0204115,748.0
1662032521.0301018,763.0
1662032521.038577,753.0
1662032521.0482614,766.0
1662032521.057972,743.0
1662032521.06786,756.0
1662032521.0762367,750.0
1662032521.0859687,743.0
1662032521.0957167,752.0
1662032521.105384,748.0
1662032521.113794,737.0
1662032521.1235254,743.0
1662032521.1332965,739.0
1662032521.1430144,747.0
1662032521.151646,749.0
1662032521.1613483,738.0
1662032521.171121,743.0
1662032521.1795108,739.0
1662032521.1892421,725.0
1662032521.1989977,748.0
1662032521.2087598,730.0
1662032521.217393,741.0
1662032521.2271652,747.0
1662032521.2369072,746.0
1662032521.2455735,741.0
1662032521.2553575,736.0
1662032521.2651834,733.0
1662032521.273672,735.0
1662032521.2835627,725.0
1662032521.2932508,720.0
1662032521.3029826,741.0
1662032521.3113651,740.0
1662032521.3211052,740.0
1662032521.3308418,736.0
1662032521.3405783,713.0
1662032521.3503094,727.0
1662032521.358812,721.0
1662032521.368697,728.0
1662032521.3784263,729.0
1662032521.3867598,724.0
1662032521.3967214,713.0
1662032521.4064472,711.0
1662032521.4162178,712.0
1662032521.4247174,725.0
1662032521.4344285,721.0
1662032521.4441445,717.0
1662032521.4526124,709.0
1662032521.4629607,711.0
1662032521.4720845,726.0
1662032521.4810674,720.0
1662032521.4912345,710.0
1662032521.4996305,708.0
1662032521.509612,708.0
1662032521.5193772,707.0
1662032521.5279534,709.0
1662032521.5375412,707.0
1662032521.5473962,693.0
1662032521.5562038,710.0
1662032521.5659957,701.0
1662032521.5759175,701.0
1662032521.5843344,699.0
1662032521.5940633,702.0
1662032521.6040127,709.0
1662032521.6126027,698.0
1662032521.6225765,702.0
1662032521.6324627,703.0
1662032521.640872,684.0
1662032521.65065,699.0
1662032521.6605256,690.0
1662032521.6691384,692.0
1662032521.6789587,696.0
1662032521.6888783,693.0
1662032521.6985238,679.0
1662032521.7068694,686.0
1662032521.7166288,684.0
1662032521.726537,689.0
1662032521.7348557,683.0
1662032521.7446346,688.0
1662032521.754501,702.0
1662032521.7643921,688.0
1662032521.773043,676.0
1662032521.7828422,686.0
1662032521.7926033,677.0
1662032521.8010464,679.0
1662032521.8108056,678.0
1662032521.8205602,681.0
1662032521.8290737,685.0
1662032521.838826,675.0
1662032521.8488061,668.0
1662032521.8585484,671.0
1662032521.8670638,667.0
1662032521.876866,675.0
1662032521.8854768,674.0
1662032521.895323,651.0
1662032521.9050965,664.0
1662032521.9148502,655.0
1662032521.9234638,666.0
1662032521.933211,657.0
1662032521.9429288,659.0
1662032521.9512904,665.0
1662032521.960905,665.0
1662032521.9707778,657.0
1662032521.9803715,663.0
1662032521.9899728,654.0
1662032521.999581,660.0
1662032522.007836,668.0
1662032522.0173917,669.0
1662032522.0269995,653.0
1662032522.0365496,647.0
1662032522.0461907,662.0
1662032522.0559382,641.0
1662032522.0642092,651.0
1662032522.0739286,648.0
1662032522.0835342,650.0
1662032522.0931118,656.0
1662032522.1026568,648.0
1662032522.1122267,642.0
1662032522.121809,638.0
1662032522.1300776,635.0
1662032522.1396503,644.0
1662032522.1494365,637.0
1662032522.15916,635.0
1662032522.168779,635.0
1662032522.178518,642.0
1662032522.1867871,632.0
1662032522.1965866,626.0
1662032522.206407,636.0
1662032522.214787,626.0
1662032522.2245731,639.0
1662032522.2342758,628.0
1662032522.244106,625.0
1662032522.2526307,630.0
1662032522.2622752,616.0
1662032522.2719092,622.0
1662032522.2815888,639.0
1662032522.291169,628.0
1662032522.2994115,618.0
1662032522.3089554,626.0
1662032522.3185492,623.0
1662032522.3281963,625.0
1662032522.3377774,619.0
1662032522.347387,624.0
1662032522.357113,625.0
1662032522.3653367,618.0
1662032522.3749704,613.0
1662032522.3845687,616.0
1662032522.394215,615.0
1662032522.4038317,621.0
1662032522.4134324,608.0
1662032522.4229765,607.0
1662032522.4313185,605.0
1662032522.440924,611.0
1662032522.450645,610.0
1662032522.4603138,606.0
1662032522.4700232,615.0
1662032522.478393,602.0
1662032522.4879558,611.0
1662032522.497626,614.0
1662032522.507252,605.0
1662032522.5169218,603.0
1662032522.5265381,609.0
1662032522.5347524,600.0
1662032522.5444148,600.0
1662032522.5541415,600.0
1662032522.563711,591.0
1662032522.5733373,592.0
1662032522.5829005,589.0
1662032522.5911787,597.0
1662032522.6007464,587.0
1662032522.6102908,589.0
1662032522.6198912,592.0
1662032522.629576,597.0
1662032522.6390955,576.0
1662032522.6487029,588.0
1662032522.6571658,580.0
1662032522.666747,594.0
1662032522.676606,582.0
1662032522.6862776,578.0
1662032522.6958604,570.0
1662032522.7042918,574.0
1662032522.713988,578.0
1662032522.723712,574.0
1662032522.7323103,561.0
1662032522.7422898,582.0
1662032522.7522955,577.0
1662032522.7606483,575.0
1662032522.7705815,573.0
1662032522.7803974,568.0
1662032522.78873,573.0
1662032522.7984881,581.0
1662032522.8081326,569.0
1662032522.8179224,567.0
1662032522.8275876,569.0
1662032522.8359373,566.0
1662032522.8456628,559.0
1662032522.8556237,568.0
1662032522.8640268,558.0
1662032522.8738477,572.0
1662032522.883671,557.0
1662032522.8934734,561.0
1662032522.901871,551.0
1662032522.911584,571.0
1662032522.9213166,561.0
1662032522.9310436,556.0
1662032522.939577,561.0
1662032522.949488,558.0
1662032522.9592757,547.0
1662032522.9675448,557.0
1662032522.9775686,550.0
1662032522.9872904,552.0
1662032522.9970155,543.0
1662032523.0053446,549.0
1662032523.015069,548.0
1662032523.0249646,550.0
1662032523.0342276,548.0
1662032523.0429127,541.0
1662032523.0526218,542.0
1662032523.0622952,534.0
1662032523.0720503,543.0
1662032523.0805242,543.0
1662032523.0902073,539.0
1662032523.099898,545.0
1662032523.1095848,548.0
1662032523.1192217,551.0
1662032523.1275945,535.0
1662032523.1372645,549.0
1662032523.1469898,531.0
1662032523.1566787,533.0
1662032523.1653347,532.0
1662032523.175052,529.0
1662032523.184749,523.0
1662032523.194445,529.0
1662032523.202741,525.0
1662032523.2125008,525.0
1662032523.2223065,534.0
1662032523.2319615,521.0
1662032523.241576,529.0
1662032523.249983,528.0
1662032523.259617,531.0
1662032523.2692358,525.0
1662032523.2791836,524.0
1662032523.2875168,515.0
1662032523.2972014,523.0
1662032523.3068604,518.0
1662032523.3166223,516.0
1662032523.3249834,521.0
1662032523.334604,520.0
1662032523.344357,515.0
1662032523.3541007,510.0
1662032523.3638487,513.0
1662032523.3723342,515.0
1662032523.3820362,510.0
1662032523.3921468,510.0
1662032523.400527,513.0
1662032523.4102159,508.0
1662032523.419845,495.0
1662032523.429536,504.0
1662032523.4392228,512.0
1662032523.4475944,503.0
1662032523.4572365,500.0
1662032523.4669294,500.0
1662032523.4755645,501.0
1662032523.4853108,498.0
1662032523.4949706,496.0
1662032523.5046098,496.0
1662032523.5143101,498.0
1662032523.5226514,488.0
1662032523.532317,500.0
1662032523.5419502,496.0
1662032523.551643,492.0
1662032523.5613246,490.0
1662032523.5696435,492.0
1662032523.5796432,486.0
1662032523.5892882,487.0
1662032523.5989633,488.0
1662032523.6072848,481.0
1662032523.6170428,475.0
1662032523.6267219,485.0
1662032523.636423,485.0
1662032523.6461477,483.0
1662032523.6545625,482.0
1662032523.6642327,479.0
1662032523.6741104,471.0
1662032523.6825595,476.0
1662032523.692238,474.0
1662032523.7019353,477.0
1662032523.7117758,474.0
1662032523.7202477,477.0
1662032523.7299838,476.0
1662032523.7399209,478.0
1662032523.7486646,468.0
1662032523.7591336,466.0
1662032523.7680316,475.0
1662032523.7767494,476.0
1662032523.7865489,464.0
1662032523.7963088,464.0
1662032523.806018,461.0
1662032523.814379,460.0
1662032523.8240747,460.0
1662032523.8337095,468.0
1662032523.843391,460.0
1662032523.8531935,461.0
1662032523.8616314,461.0
1662032523.8712583,461.0
1662032523.8812811,454.0
1662032523.8896801,459.0
1662032523.8993466,455.0
1662032523.9090323,456.0
1662032523.9187768,451.0
1662032523.9284132,451.0
1662032523.9367318,452.0
1662032523.94643,451.0
1662032523.9561439,455.0
1662032523.9658473,445.0
1662032523.974396,446.0
1662032523.9841142,448.0
1662032523.9938624,447.0
1662032524.0035617,441.0
1662032524.0119083,451.0
1662032524.0215812,442.0
1662032524.0313137,438.0
1662032524.0409796,440.0
1662032524.05065,438.0
1662032524.0589983,443.0
1662032524.068652,434.0
1662032524.078688,434.0
1662032524.087203,426.0
1662032524.0973496,435.0
1662032524.1062922,438.0
1662032524.116645,432.0
1662032524.1255465,429.0
1662032524.1352565,432.0
1662032524.143755,428.0
1662032524.1536026,426.0
1662032524.163295,420.0
1662032524.173243,432.0
1662032524.1816678,421.0
1662032524.1913428,428.0
1662032524.2010386,431.0
1662032524.2093935,429.0
1662032524.2192097,419.0
1662032524.22891,420.0
1662032524.238594,419.0
1662032524.2482674,418.0
1662032524.2565808,420.0
1662032524.2662525,415.0
1662032524.2763252,406.0
1662032524.284734,416.0
1662032524.2944272,417.0
1662032524.3041048,410.0
1662032524.3138583,413.0
1662032524.3224976,412.0
1662032524.3322937,399.0
1662032524.3419616,408.0
1662032524.3516743,405.0
1662032524.360114,412.0
1662032524.3697224,399.0
1662032524.3796856,406.0
1662032524.3880918,397.0
1662032524.3977532,401.0
1662032524.4074063,394.0
1662032524.4173553,398.0
1662032524.4261568,398.0
1662032524.4363866,396.0
1662032524.4453847,394.0
1662032524.4539542,388.0
1662032524.4636803,393.0
1662032524.473379,390.0
1662032524.4831727,388.0
1662032524.4915688,392.0
1662032524.5012407,392.0
1662032524.5110898,394.0
1662032524.520768,389.0
1662032524.5304444,387.0
1662032524.538787,388.0
1662032524.5484204,394.0
1662032524.5580752,386.0
1662032524.567763,391.0
1662032524.5762196,395.0
1662032524.5859199,394.0
1662032524.595685,386.0
1662032524.605387,390.0
1662032524.6138036,389.0
1662032524.623596,387.0
1662032524.6338563,390.0
1662032524.6427064,388.0
1662032524.6529107,393.0
1662032524.661647,389.0
1662032524.6714447,385.0
1662032524.680207,395.0
1662032524.690036,389.0
1662032524.698436,389.0
1662032524.708107,388.0
1662032524.7181456,387.0
1662032524.7279317,389.0
1662032524.736301,385.0
1662032524.7460093,380.0
1662032524.7558067,386.0
1662032524.7655675,389.0
1662032524.773902,389.0
1662032524.783696,383.0
1662032524.7934306,394.0
1662032524.8018415,386.0
1662032524.8117332,390.0
1662032524.8214328,397.0
1662032524.8311617,390.0
1662032524.8395522,386.0
1662032524.8493142,396.0
1662032524.859037,380.0
1662032524.8687258,387.0
1662032524.8773832,385.0
1662032524.8873818,380.0
1662032524.8960094,389.0
1662032524.905933,386.0
1662032524.9160008,385.0
1662032524.9246094,386.0
1662032524.9345078,390.0
1662032524.9431977,389.0
1662032524.9531608,397.0
1662032524.9617913,389.0
1662032524.971694,391.0
1662032524.9819524,388.0
1662032524.9908013,383.0
1662032524.9994397,391.0
1662032525.0093918,392.0
1662032525.0193405,391.0
1662032525.027909,389.0
1662032525.0376396,389.0
1662032525.0476396,387.0
1662032525.0562572,387.0
1662032525.0659878,388.0
1662032525.0757043,394.0
1662032525.0841424,385.0
1662032525.09382,393.0
1662032525.1035182,385.0
1662032525.1132295,393.0
1662032525.1215982,386.0
1662032525.1313183,385.0
1662032525.1410754,385.0
1662032525.1508632,386.0
1662032525.159269,384.0
1662032525.169012,383.0
1662032525.1790504,385.0
1662032525.1874344,388.0
1662032525.1971624,395.0
1662032525.2068496,380.0
1662032525.2169232,387.0
1662032525.2254572,390.0
1662032525.2351422,382.0
1662032525.2447834,388.0
1662032525.2532692,389.0
1662032525.2629814,390.0
1662032525.2726245,385.0
1662032525.2823834,390.0
1662032525.2921438,388.0
1662032525.3005474,383.0
1662032525.310217,388.0
1662032525.3199995,385.0
1662032525.3296819,384.0
1662032525.3380015,388.0
1662032525.3477411,390.0
1662032525.3574257,389.0
1662032525.3671029,390.0
1662032525.376953,392.0
1662032525.385431,384.0
1662032525.395176,389.0
1662032525.4049835,389.0
1662032525.4133277,388.0
1662032525.422996,390.0
1662032525.432642,385.0
1662032525.4422686,387.0
1662032525.4519315,391.0
1662032525.4602652,391.0
1662032525.4699342,384.0
1662032525.4796684,383.0
1662032525.4894176,391.0
1662032525.4977415,392.0
1662032525.5073953,387.0
1662032525.5170615,384.0
1662032525.5271213,388.0
1662032525.5355759,386.0
1662032525.5451677,391.0
1662032525.5552802,385.0
1662032525.5636697,389.0
1662032525.5733333,390.0
1662032525.5834637,385.0
1662032525.5918732,386.0
1662032525.601643,393.0
1662032525.6113536,390.0
1662032525.621105,391.0
1662032525.6294627,392.0
1662032525.6392086,386.0
1662032525.6489775,384.0
1662032525.6587408,385.0
1662032525.6670911,396.0
1662032525.6767857,396.0
1662032525.6868525,382.0
1662032525.6952736,389.0
1662032525.7049544,393.0
1662032525.7146482,392.0
1662032525.7243524,386.0
1662032525.7340398,389.0
1662032525.7423737,394.0
1662032525.7520967,384.0
1662032525.7618468,384.0
1662032525.7715755,394.0
1662032525.7802203,388.0
1662032525.7899811,384.0
1662032525.7997236,393.0
1662032525.8080504,383.0
1662032525.817749,393.0
1662032525.8274586,387.0
1662032525.837125,387.0
1662032525.845926,388.0
1662032525.8562179,387.0
1662032525.8652203,390.0
1662032525.8742585,385.0
1662032525.8842292,391.0
1662032525.8939335,390.0
1662032525.9024975,394.0
1662032525.9122958,386.0
1662032525.921986,389.0
1662032525.9303372,382.0
1662032525.9399931,387.0
1662032525.9497595,387.0
1662032525.9596193,394.0
1662032525.9679496,390.0
1662032525.9776602,397.0
1662032525.9874058,390.0
1662032525.996996,385.0
1662032526.0066128,384.0
1662032526.0149858,389.0
1662032526.0245478,389.0
1662032526.0342436,385.0
1662032526.0438402,376.0
1662032526.0534093,387.0
1662032526.062059,392.0
1662032526.0721846,391.0
1662032526.0809374,384.0
1662032526.0910044,393.0
1662032526.100627,390.0
1662032526.1102388,382.0
1662032526.1184983,384.0
1662032526.1280754,387.0
1662032526.1377764,389.0
1662032526.147344,395.0
1662032526.1570864,392.0
1662032526.1653497,389.0
1662032526.1749117,391.0
1662032526.1846313,390.0
1662032526.1942253,389.0
1662032526.203826,387.0
1662032526.2134037,383.0
1662032526.2231007,387.0
1662032526.2313516,385.0
1662032526.2409399,397.0
1662032526.2505043,394.0
1662032526.260119,396.0
1662032526.2696738,388.0
1662032526.2792556,395.0
1662032526.2888875,396.0
1662032526.2971053,398.0
1662032526.306712,392.0
1662032526.3163438,401.0
1662032526.3259318,400.0
1662032526.335541,397.0
1662032526.3450751,397.0
1662032526.3546765,411.0
1662032526.3630176,401.0
1662032526.3728669,401.0
1662032526.3838382,403.0
1662032526.3919988,407.0
1662032526.4018056,410.0
1662032526.410708,411.0
1662032526.4196806,406.0
1662032526.4300864,410.0
1662032526.439376,417.0
1662032526.4485974,412.0
1662032526.4572322,412.0
1662032526.4673355,415.0
1662032526.4763024,409.0
1662032526.486257,418.0
1662032526.4949725,419.0
1662032526.504058,414.0
1662032526.5142016,414.0
1662032526.522939,418.0
1662032526.5330994,422.0
1662032526.541915,426.0
1662032526.5521426,421.0
1662032526.5607088,424.0
1662032526.5706778,424.0
1662032526.5792532,429.0
1662032526.5892901,433.0
1662032526.5985906,429.0
1662032526.607934,418.0
1662032526.6171734,428.0
1662032526.6263463,433.0
1662032526.636566,434.0
1662032526.6455493,434.0
1662032526.656448,435.0
1662032526.6647785,436.0
1662032526.6746023,436.0
1662032526.6832368,437.0
1662032526.693245,434.0
1662032526.7018626,440.0
1662032526.7118423,440.0
1662032526.7205057,441.0
1662032526.730582,448.0
1662032526.7391746,443.0
1662032526.7492115,446.0
1662032526.7592108,451.0
1662032526.7681015,448.0
1662032526.7778354,450.0
1662032526.7863069,449.0
1662032526.7960396,456.0
1662032526.8058064,452.0
1662032526.8155682,450.0
1662032526.8238792,450.0
1662032526.8336525,453.0
1662032526.843323,457.0
1662032526.853282,454.0
1662032526.8619952,457.0
1662032526.872058,455.0
1662032526.8807008,460.0
1662032526.8907537,465.0
1662032526.899421,462.0
1662032526.9096763,463.0
1662032526.9183035,469.0
1662032526.9283447,458.0
1662032526.9370077,461.0
1662032526.947012,469.0
1662032526.9556797,465.0
1662032526.9654264,462.0
1662032526.9752965,466.0
1662032526.9836824,471.0
1662032526.9934137,474.0
1662032527.0033424,470.0
1662032527.012999,471.0
1662032527.021498,463.0
1662032527.0312438,475.0
1662032527.0409331,478.0
1662032527.0506785,476.0
1662032527.0591698,477.0
1662032527.0689075,476.0
1662032527.0785615,475.0
1662032527.0883732,486.0
1662032527.0966775,476.0
1662032527.1066437,480.0
1662032527.1166582,486.0
1662032527.125354,483.0
1662032527.1350167,483.0
1662032527.1446705,489.0
1662032527.1543946,481.0
1662032527.1627116,491.0
1662032527.1724114,488.0
1662032527.1820834,488.0
1662032527.1918023,498.0
1662032527.2001216,489.0
1662032527.209913,489.0
1662032527.219647,487.0
1662032527.229346,484.0
1662032527.2377577,498.0
1662032527.2473812,484.0
1662032527.2570422,490.0
1662032527.2667518,485.0
1662032527.276437,502.0
1662032527.2847834,503.0
1662032527.2944973,501.0
1662032527.304261,510.0
1662032527.313889,504.0
1662032527.3236232,504.0
1662032527.3319592,505.0
1662032527.341603,511.0
1662032527.3512332,508.0
1662032527.361009,514.0
1662032527.370643,515.0
1662032527.3789399,513.0
1662032527.3889177,511.0
1662032527.3985505,521.0
1662032527.4070637,517.0
1662032527.4168878,519.0
1662032527.4268596,521.0
1662032527.4353843,512.0
1662032527.445151,514.0
1662032527.4551723,515.0
1662032527.4639726,518.0
1662032527.4741068,520.0
1662032527.4830835,529.0
1662032527.492285,519.0
1662032527.5025234,525.0
1662032527.511395,522.0
1662032527.5201678,527.0
1662032527.5304358,532.0
1662032527.5391512,525.0
1662032527.549487,524.0
1662032527.5578983,527.0
1662032527.567327,540.0
1662032527.5768447,531.0
1662032527.5866392,524.0
1662032527.596365,526.0
1662032527.6046968,527.0
1662032527.6144106,533.0
1662032527.6240914,537.0
1662032527.633787,541.0
1662032527.642171,536.0
1662032527.6518276,539.0
1662032527.6614141,536.0
1662032527.6710827,538.0
1662032527.680568,538.0
1662032527.6902614,547.0
1662032527.699873,548.0
1662032527.7093284,543.0
1662032527.7174509,549.0
1662032527.7270496,550.0
1662032527.736685,545.0
1662032527.7463796,545.0
1662032527.7561092,547.0
1662032527.7646852,548.0
1662032527.7742996,556.0
1662032527.7841215,558.0
1662032527.7939873,555.0
1662032527.8024366,554.0
1662032527.8120418,558.0
1662032527.82195,556.0
1662032527.8305993,554.0
1662032527.8406258,556.0
1662032527.8505893,555.0
1662032527.8588853,566.0
1662032527.868993,559.0
1662032527.877537,562.0
1662032527.8873904,554.0
1662032527.8970952,569.0
1662032527.9067304,559.0
1662032527.915501,561.0
1662032527.9253848,570.0
1662032527.9340475,571.0
1662032527.9439738,572.0
1662032527.9537435,575.0
1662032527.9637067,579.0
1662032527.9719517,568.0
1662032527.9818323,564.0
1662032527.9904208,568.0
1662032528.0003886,575.0
1662032528.0100863,578.0
1662032528.018565,580.0
1662032528.028274,574.0
1662032528.0379546,578.0
1662032528.047732,583.0
1662032528.0563812,572.0
1662032528.0664432,581.0
1662032528.075176,578.0
1662032528.0852056,586.0
1662032528.0941522,584.0
1662032528.104127,587.0
1662032528.113027,585.0
1662032528.123097,588.0
1662032528.1317925,577.0
1662032528.1418092,593.0
1662032528.15042,584.0
1662032528.1604304,596.0
1662032528.1700945,591.0
1662032528.1798322,583.0
1662032528.188242,579.0
1662032528.1980755,601.0
1662032528.2079754,597.0
1662032528.2164772,598.0
1662032528.226388,593.0
1662032528.2361367,581.0
1662032528.244698,594.0
1662032528.2547765,598.0
1662032528.2644916,612.0
1662032528.272858,611.0
1662032528.2825713,599.0
1662032528.29235,602.0
1662032528.3008344,612.0
1662032528.3109639,606.0
1662032528.3196325,616.0
1662032528.3294241,611.0
1662032528.339409,609.0
1662032528.348057,597.0
1662032528.3585222,603.0
1662032528.3684359,609.0
1662032528.3779967,614.0
1662032528.3862028,614.0
1662032528.3953059,615.0
1662032528.405852,616.0
1662032528.4145176,622.0
1662032528.4244168,623.0
1662032528.4328742,620.0
1662032528.44292,617.0
1662032528.4527893,616.0
1662032528.4608834,615.0
1662032528.4702194,617.0
1662032528.480868,622.0
1662032528.490188,623.0
1662032528.4985456,625.0
1662032528.5079641,630.0
1662032528.517243,632.0
1662032528.526724,626.0
1662032528.5360775,625.0
1662032528.545439,628.0
1662032528.556161,627.0
1662032528.564412,631.0
1662032528.5739512,626.0
1662032528.58353,630.0
1662032528.593149,628.0
1662032528.603009,634.0
1662032528.6113448,642.0
1662032528.6209629,636.0
1662032528.6305223,641.0
1662032528.6400802,633.0
1662032528.6496425,639.0
1662032528.6594071,644.0
1662032528.669061,642.0
1662032528.6773415,634.0
1662032528.6869807,652.0
1662032528.6967778,650.0
1662032528.7064247,649.0
1662032528.7149477,662.0
1662032528.7245967,660.0
1662032528.7342095,642.0
1662032528.7438064,662.0
1662032528.753448,654.0
1662032528.7631514,661.0
1662032528.7713954,663.0
1662032528.7809176,654.0
1662032528.7905147,644.0
1662032528.8005054,655.0
1662032528.8102546,658.0
1662032528.8185394,658.0
1662032528.8281202,671.0
1662032528.8376667,658.0
1662032528.8472764,657.0
1662032528.856858,668.0
1662032528.8664489,659.0
1662032528.8760183,664.0
1662032528.8843434,667.0
1662032528.8939073,670.0
1662032528.9037488,669.0
1662032528.913672,663.0
1662032528.9219234,674.0
1662032528.9315507,665.0
1662032528.9411707,676.0
1662032528.9507275,664.0
1662032528.960289,676.0
1662032528.9698782,677.0
1662032528.9794598,677.0
1662032528.9878397,684.0
1662032528.9975045,674.0
1662032529.0070865,682.0
1662032529.0167415,679.0
1662032529.0263367,683.0
1662032529.0359628,669.0
1662032529.0442197,678.0
1662032529.0538008,677.0
1662032529.0633893,689.0
1662032529.0729632,682.0
1662032529.0825012,685.0
1662032529.0920727,693.0
1662032529.1019099,693.0
1662032529.1103828,689.0
1662032529.1199613,690.0
1662032529.1295612,693.0
1662032529.139103,692.0
1662032529.1486425,683.0
1662032529.1583273,703.0
1662032529.1667583,688.0
1662032529.1764789,707.0
1662032529.186222,697.0
1662032529.1961668,688.0
1662032529.2045856,700.0
1662032529.2144043,701.0
1662032529.2239888,701.0
1662032529.2335875,693.0
1662032529.2418427,705.0
1662032529.25137,708.0
1662032529.2609608,690.0
1662032529.2705283,697.0
1662032529.2800686,707.0
1662032529.2896757,713.0
1662032529.2993517,708.0
1662032529.3089201,710.0
1662032529.317163,701.0
1662032529.3269045,709.0
1662032529.3365068,715.0
1662032529.3460436,718.0
1662032529.3555782,720.0
1662032529.365171,710.0
1662032529.3747165,721.0
1662032529.3842382,715.0
1662032529.3924963,712.0
1662032529.402405,715.0
1662032529.4122336,716.0
1662032529.4218287,721.0
1662032529.4300957,719.0
1662032529.4396563,732.0
1662032529.4491916,722.0
1662032529.4588673,727.0
1662032529.4684043,716.0
1662032529.4779577,724.0
1662032529.4875884,728.0
1662032529.4973612,720.0
1662032529.505682,724.0
1662032529.5154717,731.0
1662032529.5250523,719.0
1662032529.5345976,731.0
1662032529.5441332,734.0
1662032529.5537236,737.0
1662032529.561978,725.0
1662032529.571572,742.0
1662032529.581141,739.0
1662032529.590773,727.0
1662032529.600659,729.0
1662032529.6091223,739.0
1662032529.6189847,757.0
1662032529.6278288,742.0
1662032529.6376457,743.0
1662032529.647664,728.0
1662032529.656229,745.0
1662032529.6662402,741.0
1662032529.6761339,749.0
1662032529.684437,740.0
1662032529.694042,743.0
1662032529.703613,758.0
1662032529.7133846,750.0
1662032529.7219648,752.0
1662032529.731631,745.0
1662032529.7412283,745.0
1662032529.7508636,748.0
1662032529.7605183,757.0
1662032529.7701695,764.0
1662032529.7788033,762.0
1662032529.7887177,763.0
1662032529.7983844,757.0
1662032529.8066292,760.0
1662032529.816414,762.0
1662032529.82633,753.0
1662032529.836027,761.0
1662032529.8443096,774.0
1662032529.853915,764.0
1662032529.8638594,772.0
1662032529.8737543,766.0
1662032529.8820949,764.0
1662032529.8917089,772.0
1662032529.9017198,743.0
1662032529.9116125,773.0
1662032529.919882,767.0
1662032529.9295805,774.0
1662032529.9394553,775.0
1662032529.947849,768.0
1662032529.9575899,767.0
1662032529.9675128,771.0
1662032529.9762921,776.0
1662032529.986124,780.0
1662032529.9960082,793.0
1662032530.004316,781.0
1662032530.0139425,769.0
1662032530.0238726,789.0
1662032530.0337005,791.0
1662032530.0432634,789.0
1662032530.051797,778.0
1662032530.0618308,780.0
1662032530.071446,775.0
1662032530.0797658,790.0
1662032530.089383,801.0
1662032530.0989978,803.0
1662032530.1086829,796.0
1662032530.1182847,785.0
1662032530.1278925,798.0
1662032530.1361928,801.0
1662032530.1458719,789.0
1662032530.1560326,792.0
1662032530.1646101,803.0
1662032530.1744034,792.0
1662032530.1840334,796.0
1662032530.1936822,790.0
1662032530.2032943,796.0
1662032530.2116046,794.0
1662032530.22123,800.0
1662032530.2311783,786.0
1662032530.2410452,798.0
1662032530.2492697,819.0
1662032530.2591832,806.0
1662032530.2690012,800.0
1662032530.2773829,813.0
1662032530.286995,791.0
1662032530.297009,813.0
1662032530.3056676,809.0
1662032530.3154712,811.0
1662032530.3251462,801.0
1662032530.3348622,804.0
1662032530.3445792,805.0
1662032530.352907,813.0
1662032530.3628926,823.0
1662032530.371542,812.0
1662032530.381586,814.0
1662032530.3916647,821.0
1662032530.400356,823.0
1662032530.4094622,809.0
1662032530.41952,825.0
1662032530.4282353,822.0
1662032530.4384325,828.0
1662032530.447433,815.0
1662032530.4576304,821.0
1662032530.4662955,828.0
1662032530.476453,835.0
1662032530.4848146,820.0
1662032530.4947948,836.0
1662032530.5048926,825.0
1662032530.513591,828.0
1662032530.52226,827.0
1662032530.5322454,829.0
1662032530.542211,823.0
1662032530.5507915,844.0
1662032530.5607917,845.0
1662032530.5693579,832.0
1662032530.57921,843.0
1662032530.5891886,835.0
1662032530.5977976,830.0
1662032530.6079671,849.0
1662032530.6166387,850.0
1662032530.6267638,839.0
1662032530.6352677,841.0
1662032530.6453643,843.0
1662032530.6541383,832.0
1662032530.6639147,848.0
1662032530.6739538,856.0
1662032530.682579,855.0
1662032530.6922247,848.0
1662032530.7018874,849.0
1662032530.7107754,856.0
1662032530.720832,845.0
1662032530.730427,866.0
1662032530.7400641,853.0
1662032530.7483032,846.0
1662032530.7578437,872.0
1662032530.767511,862.0
1662032530.7772202,871.0
1662032530.787027,858.0
1662032530.7953708,865.0
1662032530.8052912,871.0
1662032530.815092,855.0
1662032530.8247042,864.0
1662032530.832953,862.0
1662032530.8424852,892.0
1662032530.8520193,877.0
1662032530.861702,858.0
1662032530.8713043,873.0
1662032530.880867,871.0
1662032530.8899295,846.0
1662032530.9000907,875.0
1662032530.9090662,854.0
1662032530.917941,867.0
1662032530.9280157,883.0
1662032530.9371772,878.0
1662032530.9458842,883.0
1662032530.955351,902.0
1662032530.9652293,878.0
1662032530.9752595,881.0
1662032530.9836702,876.0
1662032530.9935255,869.0
1662032531.0032203,875.0
1662032531.012783,890.0
1662032531.0223892,886.0
1662032531.0307264,896.0
1662032531.0407252,889.0
1662032531.0505638,891.0
1662032531.059312,896.0
1662032531.0692205,901.0
1662032531.0779335,898.0
1662032531.0877504,865.0
1662032531.0973973,887.0
1662032531.107038,909.0
1662032531.1166275,884.0
1662032531.1252685,907.0
1662032531.1351259,897.0
1662032531.1446347,915.0
1662032531.153287,893.0
1662032531.163326,876.0
1662032531.1720152,902.0
1662032531.1818645,918.0
1662032531.1915038,897.0
1662032531.2011518,904.0
1662032531.2098563,897.0
1662032531.219768,895.0
1662032531.2294495,915.0
1662032531.2391787,908.0
1662032531.2473524,894.0
1662032531.257211,905.0
1662032531.2670114,924.0
1662032531.275645,916.0
1662032531.2855737,927.0
1662032531.2952018,911.0
1662032531.3038704,925.0
1662032531.3138416,914.0
1662032531.3237016,908.0
1662032531.3323443,902.0
1662032531.3420112,922.0
1662032531.3516014,923.0
1662032531.3612666,920.0
1662032531.3697672,919.0
1662032531.379655,914.0
1662032531.389677,940.0
1662032531.3985188,920.0
1662032531.4084888,930.0
1662032531.4170706,909.0
1662032531.4268143,916.0
1662032531.4365473,919.0
1662032531.4448447,903.0
1662032531.454562,930.0
1662032531.464165,940.0
1662032531.473653,930.0
1662032531.4834964,917.0
1662032531.492763,930.0
1662032531.501468,931.0
1662032531.511545,927.0
1662032531.5213742,927.0
1662032531.5297625,948.0
1662032531.539531,938.0
1662032531.5492988,928.0
1662032531.5580041,944.0
1662032531.5686288,932.0
1662032531.5776093,942.0
1662032531.5863898,943.0
1662032531.59566,944.0
1662032531.6062286,956.0
1662032531.6142926,959.0
1662032531.6247509,944.0
1662032531.6341343,907.0
1662032531.643543,942.0
1662032531.6524487,936.0
1662032531.6612258,925.0
1662032531.6707354,971.0
1662032531.6801736,955.0
1662032531.6896489,942.0
1662032531.6991363,954.0
1662032531.7085469,928.0
1662032531.7179666,960.0
1662032531.7274477,926.0
1662032531.7368662,950.0
1662032531.746318,950.0
1662032531.7558062,974.0
1662032531.7655811,983.0
1662032531.7752995,980.0
1662032531.7836866,960.0
1662032531.7934065,953.0
1662032531.8030727,937.0
1662032531.8128252,963.0
1662032531.821232,936.0
1662032531.8309066,975.0
1662032531.8405414,961.0
1662032531.8502362,975.0
1662032531.8598661,974.0
1662032531.868189,976.0
1662032531.8779223,965.0
1662032531.8878715,993.0
1662032531.8963099,979.0
1662032531.9060133,959.0
1662032531.9158258,983.0
1662032531.9256012,955.0
1662032531.9339755,975.0
1662032531.9436467,971.0
1662032531.9532945,995.0
1662032531.9629557,976.0
1662032531.972613,976.0
1662032531.9811847,971.0
1662032531.990918,954.0
1662032532.0006428,976.0
1662032532.0104203,1006.0
1662032532.0188556,999.0
1662032532.0287313,968.0
1662032532.0386245,993.0
1662032532.0469701,984.0
1662032532.056651,988.0
1662032532.0663297,995.0
1662032532.076015,965.0
1662032532.08435,976.0
